0	2173922
1	32
2	36
3	1520652
4	40
5	24
6	28
7	2786
8	1158
9	30
10	28
11	32
12	26
13	28
14	48
15	48
16	38
17	44
18	56
19	38
20	2766
21	1152
22	34
23	42
24	28
25	30
26	52
27	40
28	42
29	34
30	50
31	24
32	48
33	28
34	58
35	40
36	60
37	50
38	38
39	38
40	50
41	50
42	38
43	20
44	52
45	44
46	30
47	2776
48	1152
49	36
50	48
51	36
52	34
53	44
54	42
55	36
56	46
57	2762
58	1148
59	30
60	2782
61	1138
62	50
63	50
64	44
65	44
66	54
67	30
68	22
69	2756
70	1142
71	30
72	44
73	52
74	50
75	30
76	32
77	54
78	42
79	42
80	50
81	38
82	52
83	36
84	56
85	2772
86	3878
87	1158
88	34
89	32
90	26
91	38
92	2778
93	1146
94	2754
95	1146
96	56
97	38
98	42
99	38
100	34
101	46
102	28
103	38
104	40
105	34
106	34
107	54
108	28
109	46
110	40
111	44
112	36
113	36
114	52
115	40
116	22
117	44
118	40
119	46
120	28
121	32
122	40
123	34
124	46
125	26
126	48
127	20
128	36
129	36
130	26
131	32
132	48
133	2764
134	1162
135	26
136	42
137	32
138	26
139	2764
140	1154
141	42
142	34
143	34
144	38
145	26
146	48
147	44
148	48
149	38
150	40
151	34
152	32
153	38
154	28
155	34
156	46
157	40
158	48
159	46
160	24
161	38
162	26
163	40
164	56
165	34
166	2774
167	1150
168	24
169	26
170	34
171	44
172	32
173	42
174	48
175	52
176	42
177	40
178	38
179	46
180	50
181	36
182	38
183	2760
184	1162
185	58
186	34
187	34
188	46
189	36
190	32
191	24
192	32
193	2782
194	1150
195	38
196	38
197	62
198	40
199	38
200	2770
201	1146
202	30
203	36
204	34
205	56
206	24
207	44
208	52
209	54
210	44
211	48
212	38
213	50
214	50
215	26
216	26
217	30
218	64
219	28
220	50
221	34
222	34
223	50
224	54
225	42
226	44
227	42
228	28
229	32
230	32
231	42
232	26
233	50
234	36
235	28
236	50
237	52
238	38
239	46
240	2776
241	1166
242	34
243	52
244	48
245	42
246	40
247	48
248	26
249	34
250	42
251	44
252	26
253	44
254	34
255	50
256	20
257	26
258	40
259	40
260	42
261	34
262	2796
263	1144
264	38
265	2776
266	1156
267	32
268	42
269	50
270	36
271	52
272	34
273	32
274	30
275	2770
276	1162
277	44
278	36
279	38
280	2756
281	1156
282	2762
283	1144
284	36
285	34
286	26
287	30
288	38
289	34
290	46
291	42
292	38
293	34
294	28
295	36
296	40
297	36
298	46
299	40
300	42
301	28
302	46
303	30
304	42
305	52
306	40
307	32
308	26
309	48
310	32
311	40
312	2758
313	1140
314	36
315	42
316	48
317	24
318	2758
319	1166
320	44
321	32
322	2776
323	1148
324	30
325	40
326	46
327	24
328	38
329	38
330	24
331	36
332	40
333	46
334	50
335	40
336	48
337	44
338	2750
339	1146
340	2754
341	3880
342	1154
343	40
344	34
345	28
346	40
347	34
348	44
349	40
350	50
351	42
352	40
353	46
354	38
355	42
356	50
357	2770
358	1160
359	30
360	34
361	52
362	30
363	26
364	26
365	32
366	26
367	2758
368	1168
369	32
370	36
371	2788
372	1140
373	20
374	40
375	50
376	2786
377	1158
378	32
379	44
380	30
381	32
382	30
383	26
384	26
385	32
386	32
387	36
388	32
389	28
390	40
391	18
392	22
393	48
394	30
395	38
396	30
397	48
398	46
399	40
400	28
401	24
402	36
403	42
404	32
405	2778
406	1136
407	38
408	30
409	26
410	42
411	26
412	28
413	38
414	32
415	42
416	48
417	44
418	46
419	36
420	2762
421	1172
422	30
423	2770
424	1144
425	40
426	22
427	44
428	36
429	48
430	34
431	34
432	30
433	42
434	46
435	44
436	24
437	2768
438	1158
439	30
440	40
441	32
442	38
443	36
444	30
445	36
446	28
447	22
448	34
449	24
450	44
451	36
452	36
453	52
454	42
455	2788
456	1150
457	38
458	26
459	52
460	34
461	34
462	48
463	38
464	30
465	32
466	38
467	36
468	38
469	44
470	48
471	38
472	26
473	46
474	2758
475	1158
476	38
477	32
478	44
479	26
480	48
481	34
482	44
483	22
484	46
485	36
486	32
487	30
488	44
489	8238
490	3370
491	2748
492	1150
493	32
494	36
495	40
496	36
497	42
498	28
499	30
500	28
501	38
502	42
503	28
504	26
505	38
506	46
507	32
508	32
509	28
510	22
511	46
512	42
513	32
514	42
515	5502
516	2278
517	40
518	54
519	2762
520	1152
521	32
522	42
523	34
524	40
525	38
526	32
527	2762
528	1142
529	40
530	28
531	48
532	30
533	2764
534	1170
535	42
536	36
537	34
538	48
539	38
540	46
541	48
542	60
543	30
544	22
545	46
546	40
547	32
548	28
549	2774
550	1140
551	5500
552	2270
553	36
554	54
555	46
556	38
557	26
558	26
559	28
560	32
561	36
562	40
563	30
564	40
565	26
566	34
567	20
568	52
569	2772
570	1150
571	48
572	32
573	26
574	56
575	30
576	26
577	20
578	28
579	34
580	34
581	2760
582	1152
583	28
584	28
585	26
586	44
587	2762
588	1140
589	38
590	38
591	40
592	32
593	34
594	26
595	30
596	34
597	46
598	44
599	36
600	2748
601	1154
602	32
603	42
604	42
605	38
606	30
607	28
608	2766
609	1150
610	22
611	40
612	60
613	32
614	34
615	46
616	34
617	16
618	44
619	44
620	44
621	40
622	28
623	48
624	26
625	40
626	42
627	40
628	2780
629	1158
630	46
631	28
632	32
633	24
634	52
635	24
636	2770
637	1158
638	34
639	30
640	20
641	32
642	38
643	28
644	40
645	34
646	46
647	26
648	32
649	22
650	18
651	38
652	56
653	28
654	30
655	50
656	30
657	34
658	38
659	38
660	34
661	22
662	44
663	40
664	52
665	28
666	32
667	24
668	40
669	30
670	22
671	44
672	32
673	2760
674	1140
675	32
676	28
677	28
678	32
679	42
680	38
681	44
682	34
683	30
684	20
685	22
686	44
687	28
688	28
689	36
690	44
691	40
692	28
693	50
694	46
695	30
696	32
697	34
698	32
699	2754
700	1160
701	30
702	32
703	20
704	50
705	26
706	34
707	36
708	52
709	36
710	32
711	36
712	48
713	30
714	24
715	5488
716	2264
717	34
718	38
719	36
720	32
721	38
722	34
723	24
724	24
725	28
726	46
727	30
728	2756
729	1144
730	42
731	54
732	22
733	44
734	42
735	36
736	2764
737	1140
738	50
739	40
740	20
741	38
742	34
743	26
744	42
745	50
746	30
747	46
748	34
749	36
750	24
751	2774
752	1152
753	42
754	40
755	42
756	2756
757	3882
758	1136
759	40
760	32
761	30
762	40
763	34
764	34
765	28
766	32
767	26
768	30
769	32
770	24
771	30
772	38
773	24
774	38
775	36
776	26
777	54
778	52
779	20
780	30
781	28
782	34
783	28
784	46
785	26
786	32
787	22
788	22
789	34
790	16
791	5490
792	5016
793	1156
794	2762
795	3896
796	1170
797	22
798	2754
799	1138
800	38
801	12
802	2762
803	1140
804	36
805	38
806	38
807	32
808	36
809	22
810	34
811	58
812	42
813	28
814	26
815	34
816	34
817	34
818	28
819	34
820	22
821	42
822	40
823	26
824	34
825	26
826	2756
827	1142
828	40
829	32
830	60
831	38
832	36
833	34
834	24
835	28
836	36
837	2792
838	1128
839	38
840	34
841	34
842	36
843	36
844	46
845	40
846	28
847	24
848	28
849	32
850	30
851	40
852	52
853	26
854	28
855	30
856	36
857	36
858	44
859	32
860	32
861	32
862	36
863	22
864	42
865	30
866	26
867	28
868	44
869	32
870	18
871	30
872	26
873	48
874	2760
875	1160
876	32
877	50
878	16
879	20
880	18
881	30
882	24
883	40
884	36
885	40
886	34
887	36
888	48
889	40
890	42
891	52
892	36
893	28
894	24
895	34
896	38
897	28
898	26
899	38
900	22
901	36
902	38
903	44
904	34
905	36
906	34
907	30
908	28
909	38
910	40
911	30
912	40
913	38
914	28
915	38
916	40
917	38
918	30
919	26
920	26
921	36
922	26
923	34
924	38
925	38
926	46
927	38
928	32
929	44
930	24
931	18
932	32
933	34
934	28
935	34
936	32
937	20
938	28
939	34
940	30
941	38
942	30
943	32
944	2764
945	1150
946	24
947	34
948	48
949	34
950	26
951	38
952	46
953	32
954	50
955	36
956	42
957	46
958	36
959	48
960	28
961	2764
962	1152
963	36
964	36
965	30
966	36
967	38
968	46
969	2766
970	1148
971	56
972	38
973	32
974	32
975	40
976	2764
977	1150
978	34
979	36
980	40
981	32
982	26
983	26
984	2762
985	1150
986	40
987	36
988	46
989	36
990	32
991	50
992	32
993	30
994	28
995	2764
996	1162
997	28
998	40
999	22
1000	26
1001	48
1002	36
1003	24
1004	38
1005	34
1006	24
1007	54
1008	32
1009	40
1010	36
1011	30
1012	26
1013	34
1014	30
1015	22
1016	22
1017	34
1018	22
1019	52
1020	20
1021	36
1022	28
1023	36
1024	22
1025	36
1026	36
1027	36
1028	34
1029	2774
1030	1132
1031	38
1032	28
1033	24
1034	2764
1035	3860
1036	1158
1037	34
1038	22
1039	38
1040	38
1041	30
1042	32
1043	26
1044	30
1045	26
1046	24
1047	24
1048	20
1049	48
1050	26
1051	28
1052	30
1053	34
1054	34
1055	46
1056	32
1057	5500
1058	2262
1059	28
1060	24
1061	36
1062	22
1063	28
1064	36
1065	34
1066	32
1067	30
1068	36
1069	38
1070	24
1071	38
1072	26
1073	44
1074	34
1075	24
1076	34
1077	16
1078	28
1079	36
1080	24
1081	32
1082	36
1083	32
1084	36
1085	48
1086	32
1087	42
1088	30
1089	36
1090	38
1091	36
1092	2746
1093	1140
1094	24
1095	34
1096	30
1097	36
1098	22
1099	26
1100	36
1101	22
1102	30
1103	32
1104	24
1105	36
1106	20
1107	20
1108	48
1109	62
1110	34
1111	28
1112	32
1113	24
1114	36
1115	34
1116	28
1117	22
1118	22
1119	36
1120	32
1121	36
1122	36
1123	42
1124	32
1125	24
1126	42
1127	40
1128	38
1129	24
1130	56
1131	20
1132	20
1133	46
1134	22
1135	22
1136	26
1137	40
1138	24
1139	28
1140	26
1141	30
1142	20
1143	40
1144	30
1145	28
1146	42
1147	26
1148	16
1149	30
1150	52
1151	22
1152	44
1153	2782
1154	1142
1155	14
1156	42
1157	28
1158	30
1159	38
1160	52
1161	34
1162	16
1163	46
1164	36
1165	34
1166	30
1167	44
1168	40
1169	2756
1170	3866
1171	1148
1172	40
1173	44
1174	24
1175	36
1176	28
1177	36
1178	20
1179	2768
1180	1136
1181	26
1182	46
1183	34
1184	22
1185	18
1186	38
1187	24
1188	28
1189	20
1190	40
1191	30
1192	32
1193	44
1194	50
1195	28
1196	24
1197	46
1198	26
1199	24
1200	40
1201	40
1202	32
1203	34
1204	30
1205	34
1206	32
1207	32
1208	18
1209	36
1210	36
1211	36
1212	20
1213	28
1214	32
1215	2758
1216	1146
1217	38
1218	36
1219	20
1220	36
1221	36
1222	28
1223	34
1224	26
1225	30
1226	42
1227	32
1228	24
1229	40
1230	28
1231	36
1232	30
1233	2768
1234	1152
1235	48
1236	36
1237	36
1238	18
1239	20
1240	30
1241	32
1242	2768
1243	1144
1244	28
1245	36
1246	30
1247	30
1248	30
1249	40
1250	56
1251	20
1252	24
1253	2758
1254	1142
1255	16
1256	26
1257	36
1258	28
1259	16
1260	30
1261	38
1262	38
1263	28
1264	36
1265	34
1266	2766
1267	1168
1268	16
1269	2748
1270	1158
1271	20
1272	26
1273	44
1274	28
1275	24
1276	28
1277	26
1278	40
1279	40
1280	2764
1281	1142
1282	30
1283	34
1284	32
1285	28
1286	30
1287	30
1288	18
1289	2758
1290	1146
1291	32
1292	26
1293	26
1294	26
1295	16
1296	2764
1297	1132
1298	22
1299	24
1300	28
1301	18
1302	40
1303	30
1304	28
1305	48
1306	42
1307	40
1308	36
1309	46
1310	2760
1311	3872
1312	1146
1313	54
1314	32
1315	24
1316	28
1317	52
1318	24
1319	2766
1320	3868
1321	1130
1322	32
1323	34
1324	26
1325	24
1326	5492
1327	2268
1328	24
1329	2762
1330	1140
1331	20
1332	30
1333	2758
1334	1142
1335	26
1336	26
1337	26
1338	28
1339	26
1340	20
1341	12
1342	34
1343	2754
1344	1142
1345	46
1346	46
1347	2766
1348	1142
1349	28
1350	40
1351	26
1352	24
1353	34
1354	26
1355	12
1356	22
1357	28
1358	42
1359	20
1360	20
1361	32
1362	2754
1363	1134
1364	44
1365	20
1366	2776
1367	1150
1368	36
1369	18
1370	40
1371	32
1372	14
1373	22
1374	32
1375	26
1376	40
1377	2764
1378	1152
1379	44
1380	32
1381	22
1382	48
1383	24
1384	16
1385	22
1386	22
1387	38
1388	28
1389	46
1390	36
1391	16
1392	24
1393	36
1394	36
1395	32
1396	24
1397	22
1398	34
1399	38
1400	32
1401	30
1402	24
1403	2752
1404	1132
1405	34
1406	2762
1407	1140
1408	30
1409	22
1410	40
1411	38
1412	22
1413	26
1414	34
1415	40
1416	24
1417	24
1418	34
1419	26
1420	18
1421	40
1422	36
1423	22
1424	40
1425	26
1426	28
1427	24
1428	2760
1429	1154
1430	40
1431	32
1432	22
1433	24
1434	28
1435	24
1436	2756
1437	1134
1438	36
1439	32
1440	20
1441	32
1442	32
1443	22
1444	34
1445	28
1446	28
1447	42
1448	32
1449	18
1450	2754
1451	1134
1452	46
1453	30
1454	26
1455	38
1456	30
1457	30
1458	20
1459	34
1460	26
1461	42
1462	2752
1463	1134
1464	28
1465	26
1466	30
1467	30
1468	24
1469	34
1470	20
1471	44
1472	36
1473	28
1474	28
1475	26
1476	2764
1477	1132
1478	38
1479	42
1480	34
1481	22
1482	24
1483	34
1484	2748
1485	3872
1486	1150
1487	36
1488	32
1489	26
1490	30
1491	16
1492	30
1493	26
1494	34
1495	22
1496	26
1497	38
1498	38
1499	26
1500	28
1501	30
1502	42
1503	26
1504	26
1505	24
1506	28
1507	34
1508	44
1509	26
1510	2764
1511	1138
1512	28
1513	2764
1514	1142
1515	12
1516	36
1517	20
1518	28
1519	30
1520	30
1521	24
1522	30
1523	18
1524	32
1525	42
1526	42
1527	36
1528	34
1529	32
1530	40
1531	40
1532	2762
1533	1136
1534	20
1535	24
1536	20
1537	30
1538	26
1539	20
1540	2764
1541	1146
1542	20
1543	38
1544	24
1545	24
1546	28
1547	2762
1548	1136
1549	28
1550	26
1551	24
1552	28
1553	38
1554	26
1555	16
1556	32
1557	26
1558	16
1559	30
1560	24
1561	22
1562	20
1563	28
1564	26
1565	26
1566	30
1567	28
1568	34
1569	22
1570	34
1571	30
1572	26
1573	16
1574	34
1575	44
1576	18
1577	20
1578	32
1579	30
1580	18
1581	32
1582	34
1583	38
1584	30
1585	32
1586	24
1587	26
1588	5480
1589	2270
1590	38
1591	24
1592	26
1593	44
1594	18
1595	24
1596	30
1597	26
1598	22
1599	20
1600	38
1601	22
1602	24
1603	26
1604	22
1605	20
1606	38
1607	30
1608	22
1609	22
1610	22
1611	40
1612	20
1613	32
1614	28
1615	32
1616	32
1617	24
1618	20
1619	44
1620	40
1621	22
1622	34
1623	26
1624	24
1625	20
1626	42
1627	28
1628	28
1629	24
1630	26
1631	20
1632	28
1633	24
1634	34
1635	36
1636	18
1637	26
1638	40
1639	18
1640	22
1641	2760
1642	1142
1643	22
1644	14
1645	26
1646	18
1647	2758
1648	1148
1649	26
1650	26
1651	20
1652	32
1653	24
1654	30
1655	32
1656	36
1657	26
1658	28
1659	12
1660	24
1661	38
1662	12
1663	28
1664	36
1665	38
1666	26
1667	22
1668	16
1669	12
1670	30
1671	22
1672	28
1673	28
1674	18
1675	30
1676	10
1677	20
1678	20
1679	2758
1680	1156
1681	34
1682	30
1683	28
1684	38
1685	32
1686	2752
1687	1132
1688	34
1689	24
1690	22
1691	28
1692	32
1693	26
1694	20
1695	26
1696	22
1697	22
1698	40
1699	20
1700	24
1701	30
1702	26
1703	12
1704	20
1705	34
1706	34
1707	26
1708	24
1709	30
1710	28
1711	22
1712	32
1713	18
1714	32
1715	40
1716	36
1717	32
1718	2758
1719	1148
1720	28
1721	32
1722	26
1723	38
1724	26
1725	24
1726	20
1727	32
1728	32
1729	30
1730	28
1731	30
1732	34
1733	22
1734	28
1735	36
1736	14
1737	30
1738	34
1739	22
1740	12
1741	26
1742	26
1743	32
1744	30
1745	44
1746	32
1747	42
1748	30
1749	30
1750	24
1751	14
1752	32
1753	36
1754	16
1755	32
1756	24
1757	28
1758	22
1759	18
1760	24
1761	20
1762	32
1763	20
1764	42
1765	32
1766	16
1767	32
1768	24
1769	14
1770	26
1771	24
1772	32
1773	30
1774	20
1775	20
1776	24
1777	18
1778	20
1779	34
1780	34
1781	36
1782	24
1783	30
1784	24
1785	38
1786	20
1787	36
1788	24
1789	36
1790	18
1791	34
1792	20
1793	22
1794	18
1795	34
1796	20
1797	40
1798	30
1799	26
1800	2762
1801	1142
1802	36
1803	36
1804	22
1805	24
1806	32
1807	24
1808	26
1809	38
1810	16
1811	38
1812	26
1813	32
1814	34
1815	44
1816	28
1817	14
1818	34
1819	20
1820	26
1821	38
1822	22
1823	28
1824	24
1825	28
1826	34
1827	30
1828	34
1829	56
1830	38
1831	2764
1832	1158
1833	24
1834	30
1835	26
1836	18
1837	34
1838	12
1839	22
1840	32
1841	20
1842	22
1843	12
1844	28
1845	32
1846	22
1847	44
1848	42
1849	26
1850	28
1851	26
1852	34
1853	32
1854	20
1855	20
1856	30
1857	22
1858	34
1859	24
1860	30
1861	28
1862	44
1863	24
1864	36
1865	5502
1866	2260
1867	30
1868	20
1869	44
1870	16
1871	28
1872	20
1873	38
1874	18
1875	24
1876	36
1877	28
1878	2746
1879	1142
1880	12
1881	2764
1882	1130
1883	10
1884	20
1885	34
1886	24
1887	38
1888	16
1889	10
1890	32
1891	20
1892	30
1893	20
1894	44
1895	30
1896	14
1897	2760
1898	1146
1899	30
1900	32
1901	26
1902	18
1903	20
1904	40
1905	26
1906	30
1907	28
1908	44
1909	18
1910	18
1911	32
1912	28
1913	20
1914	14
1915	2754
1916	1144
1917	2756
1918	1138
1919	18
1920	16
1921	20
1922	28
1923	34
1924	34
1925	38
1926	28
1927	22
1928	22
1929	36
1930	24
1931	22
1932	30
1933	20
1934	14
1935	30
1936	28
1937	22
1938	22
1939	36
1940	12
1941	24
1942	40
1943	32
1944	24
1945	2746
1946	1142
1947	24
1948	22
1949	36
1950	34
1951	36
1952	34
1953	34
1954	40
1955	28
1956	30
1957	28
1958	24
1959	32
1960	14
1961	34
1962	26
1963	2756
1964	1136
1965	22
1966	18
1967	40
1968	24
1969	32
1970	42
1971	40
1972	24
1973	28
1974	26
1975	28
1976	34
1977	22
1978	26
1979	24
1980	28
1981	32
1982	24
1983	20
1984	26
1985	36
1986	2764
1987	1138
1988	26
1989	28
1990	36
1991	24
1992	22
1993	24
1994	20
1995	34
1996	20
1997	22
1998	2768
1999	1142
2000	18
2001	16
2002	2750
2003	1134
2004	30
2005	38
2006	30
2007	26
2008	24
2009	38
2010	34
2011	22
2012	34
2013	38
2014	28
2015	14
2016	22
2017	20
2018	2754
2019	1124
2020	22
2021	50
2022	26
2023	22
2024	26
2025	30
2026	38
2027	36
2028	20
2029	28
2030	16
2031	16
2032	26
2033	36
2034	16
2035	26
2036	24
2037	22
2038	18
2039	18
2040	28
2041	30
2042	30
2043	36
2044	34
2045	30
2046	24
2047	30
2048	24
2049	30
2050	42
2051	46
2052	34
2053	36
2054	22
2055	26
2056	24
2057	34
2058	28
2059	32
2060	30
2061	14
2062	44
2063	22
2064	18
2065	18
2066	46
2067	16
2068	34
2069	22
2070	30
2071	22
2072	26
2073	28
2074	16
2075	30
2076	28
2077	28
2078	22
2079	20
2080	28
2081	22
2082	30
2083	20
2084	24
2085	38
2086	26
2087	26
2088	14
2089	24
2090	22
2091	28
2092	26
2093	16
2094	32
2095	30
2096	16
2097	22
2098	28
2099	32
2100	28
2101	32
2102	24
2103	26
2104	2756
2105	1138
2106	22
2107	26
2108	30
2109	34
2110	30
2111	26
2112	22
2113	28
2114	16
2115	28
2116	28
2117	28
2118	32
2119	18
2120	32
2121	18
2122	26
2123	28
2124	26
2125	28
2126	28
2127	30
2128	32
2129	24
2130	26
2131	34
2132	14
2133	26
2134	22
2135	20
2136	24
2137	26
2138	28
2139	24
2140	30
2141	24
2142	36
2143	18
2144	2748
2145	1146
2146	24
2147	14
2148	32
2149	28
2150	44
2151	28
2152	32
2153	28
2154	36
2155	26
2156	22
2157	24
2158	6
2159	26
2160	26
2161	36
2162	2760
2163	1134
2164	16
2165	22
2166	32
2167	30
2168	32
2169	36
2170	2750
2171	1142
2172	24
2173	36
2174	28
2175	18
2176	26
2177	28
2178	26
2179	28
2180	14
2181	22
2182	38
2183	32
2184	22
2185	22
2186	28
2187	2758
2188	1142
2189	22
2190	46
2191	20
2192	28
2193	24
2194	30
2195	20
2196	22
2197	32
2198	40
2199	26
2200	32
2201	24
2202	24
2203	24
2204	18
2205	36
2206	34
2207	2756
2208	1148
2209	24
2210	20
2211	24
2212	30
2213	12
2214	26
2215	18
2216	36
2217	26
2218	44
2219	30
2220	22
2221	42
2222	30
2223	28
2224	36
2225	20
2226	30
2227	18
2228	20
2229	32
2230	28
2231	28
2232	36
2233	20
2234	2770
2235	1148
2236	2742
2237	1132
2238	42
2239	18
2240	20
2241	34
2242	28
2243	28
2244	14
2245	24
2246	26
2247	22
2248	22
2249	18
2250	20
2251	16
2252	42
2253	18
2254	20
2255	26
2256	24
2257	18
2258	30
2259	20
2260	26
2261	42
2262	28
2263	28
2264	18
2265	26
2266	30
2267	20
2268	2754
2269	1142
2270	26
2271	36
2272	24
2273	30
2274	34
2275	34
2276	30
2277	22
2278	2756
2279	1156
2280	28
2281	12
2282	36
2283	40
2284	30
2285	12
2286	30
2287	28
2288	8
2289	2748
2290	1156
2291	22
2292	2762
2293	1138
2294	28
2295	14
2296	16
2297	20
2298	22
2299	26
2300	20
2301	20
2302	24
2303	34
2304	30
2305	22
2306	24
2307	18
2308	18
2309	30
2310	26
2311	16
2312	36
2313	28
2314	20
2315	24
2316	26
2317	20
2318	2754
2319	1136
2320	24
2321	2758
2322	1134
2323	24
2324	28
2325	34
2326	30
2327	32
2328	26
2329	34
2330	22
2331	30
2332	26
2333	12
2334	34
2335	24
2336	36
2337	24
2338	22
2339	8
2340	24
2341	22
2342	2760
2343	1142
2344	32
2345	18
2346	30
2347	42
2348	12
2349	18
2350	22
2351	38
2352	16
2353	30
2354	26
2355	18
2356	28
2357	28
2358	34
2359	34
2360	22
2361	42
2362	2746
2363	1148
2364	36
2365	24
2366	30
2367	26
2368	26
2369	18
2370	28
2371	34
2372	16
2373	22
2374	36
2375	30
2376	30
2377	34
2378	32
2379	26
2380	18
2381	22
2382	24
2383	2764
2384	1138
2385	30
2386	24
2387	34
2388	28
2389	30
2390	10
2391	14
2392	26
2393	24
2394	22
2395	26
2396	18
2397	22
2398	18
2399	30
2400	34
2401	44
2402	18
2403	30
2404	22
2405	18
2406	16
2407	20
2408	28
2409	34
2410	22
2411	24
2412	16
2413	16
2414	32
2415	2754
2416	1144
2417	26
2418	34
2419	44
2420	16
2421	26
2422	20
2423	30
2424	22
2425	26
2426	32
2427	46
2428	20
2429	24
2430	26
2431	26
2432	24
2433	20
2434	22
2435	22
2436	34
2437	32
2438	20
2439	32
2440	30
2441	26
2442	16
2443	54
2444	14
2445	22
2446	18
2447	20
2448	20
2449	30
2450	32
2451	22
2452	24
2453	22
2454	22
2455	42
2456	2748
2457	1140
2458	38
2459	32
2460	20
2461	24
2462	24
2463	30
2464	12
2465	44
2466	30
2467	20
2468	24
2469	26
2470	24
2471	20
2472	32
2473	28
2474	18
2475	14
2476	42
2477	34
2478	28
2479	22
2480	40
2481	14
2482	20
2483	34
2484	28
2485	24
2486	2744
2487	1152
2488	28
2489	22
2490	20
2491	14
2492	24
2493	26
2494	22
2495	14
2496	26
2497	36
2498	18
2499	22
2500	20
2501	22
2502	30
2503	2756
2504	1134
2505	22
2506	30
2507	34
2508	24
2509	22
2510	46
2511	24
2512	24
2513	22
2514	18
2515	36
2516	32
2517	30
2518	16
2519	18
2520	22
2521	24
2522	24
2523	38
2524	28
2525	30
2526	12
2527	38
2528	24
2529	18
2530	18
2531	22
2532	16
2533	30
2534	14
2535	18
2536	2750
2537	1132
2538	28
2539	32
2540	2752
2541	1132
2542	18
2543	36
2544	2752
2545	1144
2546	18
2547	30
2548	22
2549	24
2550	34
2551	22
2552	30
2553	18
2554	28
2555	10
2556	20
2557	16
2558	38
2559	2756
2560	1142
2561	16
2562	18
2563	26
2564	22
2565	22
2566	26
2567	24
2568	30
2569	26
2570	20
2571	20
2572	12
2573	20
2574	26
2575	32
2576	28
2577	30
2578	20
2579	28
2580	32
2581	26
2582	26
2583	36
2584	32
2585	20
2586	20
2587	44
2588	22
2589	30
2590	20
2591	26
2592	30
2593	20
2594	22
2595	38
2596	24
2597	28
2598	24
2599	16
2600	16
2601	14
2602	28
2603	8
2604	22
2605	18
2606	22
2607	28
2608	28
2609	2750
2610	1132
2611	36
2612	26
2613	20
2614	24
2615	28
2616	36
2617	18
2618	26
2619	26
2620	20
2621	18
2622	2750
2623	1138
2624	26
2625	32
2626	24
2627	20
2628	28
2629	16
2630	28
2631	16
2632	44
2633	12
2634	26
2635	16
2636	34
2637	14
2638	22
2639	40
2640	28
2641	30
2642	28
2643	2750
2644	1130
2645	18
2646	18
2647	32
2648	28
2649	24
2650	34
2651	20
2652	14
2653	30
2654	30
2655	36
2656	26
2657	30
2658	22
2659	32
2660	22
2661	24
2662	34
2663	34
2664	16
2665	22
2666	26
2667	22
2668	24
2669	20
2670	24
2671	28
2672	24
2673	30
2674	16
2675	32
2676	28
2677	34
2678	12
2679	36
2680	34
2681	30
2682	30
2683	26
2684	42
2685	14
2686	18
2687	34
2688	38
2689	24
2690	24
2691	26
2692	36
2693	18
2694	34
2695	22
2696	34
2697	32
2698	20
2699	2748
2700	1140
2701	14
2702	32
2703	26
2704	30
2705	24
2706	22
2707	18
2708	24
2709	16
2710	18
2711	44
2712	26
2713	28
2714	34
2715	18
2716	20
2717	28
2718	12
2719	24
2720	30
2721	42
2722	12
2723	28
2724	38
2725	16
2726	16
2727	12
2728	26
2729	20
2730	22
2731	36
2732	32
2733	16
2734	26
2735	32
2736	6
2737	24
2738	30
2739	24
2740	24
2741	5484
2742	2250
2743	34
2744	12
2745	20
2746	26
2747	26
2748	2756
2749	3858
2750	1128
2751	16
2752	22
2753	32
2754	24
2755	18
2756	32
2757	34
2758	20
2759	20
2760	26
2761	26
2762	24
2763	44
2764	14
2765	22
2766	20
2767	2752
2768	1142
2769	22
2770	14
2771	16
2772	28
2773	16
2774	42
2775	24
2776	22
2777	12
2778	16
2779	26
2780	24
2781	2750
2782	1126
2783	26
2784	20
2785	20
2786	28
2787	20
2788	22
2789	20
2790	2742
2791	1138
2792	22
2793	24
2794	20
2795	16
2796	22
2797	18
2798	2754
2799	1142
2800	28
2801	30
2802	16
2803	30
2804	32
2805	14
2806	38
2807	18
2808	22
2809	26
2810	26
2811	18
2812	22
2813	40
2814	24
2815	20
2816	40
2817	24
2818	38
2819	24
2820	26
2821	24
2822	16
2823	2752
2824	1134
2825	24
2826	22
2827	14
2828	36
2829	20
2830	22
2831	14
2832	24
2833	24
2834	14
2835	26
2836	20
2837	32
2838	24
2839	42
2840	26
2841	16
2842	2764
2843	1138
2844	28
2845	18
2846	24
2847	24
2848	30
2849	26
2850	12
2851	12
2852	40
2853	24
2854	26
2855	2756
2856	1138
2857	20
2858	36
2859	6
2860	34
2861	16
2862	22
2863	2754
2864	1138
2865	24
2866	18
2867	26
2868	10
2869	14
2870	24
2871	14
2872	30
2873	24
2874	26
2875	10
2876	28
2877	28
2878	16
2879	24
2880	32
2881	38
2882	20
2883	26
2884	34
2885	18
2886	28
2887	22
2888	22
2889	16
2890	20
2891	16
2892	28
2893	20
2894	24
2895	36
2896	32
2897	28
2898	24
2899	28
2900	14
2901	20
2902	28
2903	20
2904	20
2905	22
2906	24
2907	2754
2908	1124
2909	14
2910	20
2911	22
2912	20
2913	34
2914	22
2915	32
2916	20
2917	20
2918	32
2919	22
2920	32
2921	24
2922	22
2923	16
2924	20
2925	38
2926	36
2927	26
2928	34
2929	22
2930	20
2931	28
2932	16
2933	20
2934	2758
2935	1138
2936	10
2937	30
2938	26
2939	34
2940	16
2941	20
2942	22
2943	24
2944	16
2945	24
2946	2748
2947	1134
2948	16
2949	16
2950	32
2951	18
2952	2760
2953	1134
2954	2758
2955	1138
2956	20
2957	22
2958	26
2959	20
2960	20
2961	24
2962	30
2963	20
2964	26
2965	22
2966	24
2967	16
2968	16
2969	20
2970	14
2971	14
2972	26
2973	42
2974	18
2975	26
2976	14
2977	24
2978	22
2979	36
2980	22
2981	32
2982	24
2983	22
2984	32
2985	16
2986	22
2987	20
2988	34
2989	26
2990	36
2991	18
2992	28
2993	20
2994	28
2995	10
2996	28
2997	24
2998	14
2999	2756
3000	1138
3001	20
3002	26
3003	26
3004	22
3005	34
3006	26
3007	22
3008	28
3009	24
3010	16
3011	16
3012	26
3013	24
3014	32
3015	28
3016	12
3017	18
3018	32
3019	26
3020	22
3021	16
3022	24
3023	30
3024	16
3025	10
3026	20
3027	24
3028	20
3029	34
3030	36
3031	24
3032	10
3033	22
3034	30
3035	18
3036	28
3037	44
3038	20
3039	14
3040	20
3041	16
3042	12
3043	18
3044	34
3045	22
3046	14
3047	18
3048	16
3049	14
3050	22
3051	22
3052	18
3053	22
3054	28
3055	24
3056	14
3057	24
3058	40
3059	20
3060	18
3061	18
3062	40
3063	42
3064	26
3065	20
3066	24
3067	30
3068	18
3069	16
3070	16
3071	30
3072	22
3073	26
3074	12
3075	14
3076	18
3077	14
3078	2756
3079	1132
3080	22
3081	24
3082	34
3083	12
3084	20
3085	24
3086	8
3087	12
3088	26
3089	22
3090	20
3091	18
3092	40
3093	20
3094	30
3095	24
3096	20
3097	16
3098	24
3099	24
3100	16
3101	20
3102	26
3103	14
3104	16
3105	20
3106	28
3107	38
3108	26
3109	34
3110	24
3111	26
3112	16
3113	32
3114	2764
3115	1130
3116	22
3117	18
3118	24
3119	20
3120	34
3121	20
3122	12
3123	12
3124	16
3125	24
3126	18
3127	22
3128	24
3129	22
3130	22
3131	20
3132	18
3133	34
3134	28
3135	22
3136	28
3137	32
3138	22
3139	20
3140	20
3141	22
3142	28
3143	20
3144	22
3145	2748
3146	1134
3147	32
3148	28
3149	20
3150	14
3151	2756
3152	1134
3153	18
3154	20
3155	16
3156	16
3157	20
3158	2746
3159	1140
3160	6
3161	24
3162	24
3163	20
3164	20
3165	18
3166	2756
3167	1136
3168	18
3169	30
3170	32
3171	14
3172	32
3173	28
3174	30
3175	20
3176	26
3177	2764
3178	1140
3179	26
3180	42
3181	34
3182	18
3183	22
3184	24
3185	24
3186	18
3187	18
3188	26
3189	18
3190	20
3191	18
3192	22
3193	42
3194	24
3195	2756
3196	1144
3197	20
3198	10
3199	32
3200	22
3201	16
3202	34
3203	36
3204	32
3205	12
3206	26
3207	10
3208	32
3209	26
3210	24
3211	26
3212	20
3213	22
3214	20
3215	28
3216	42
3217	22
3218	24
3219	2756
3220	1128
3221	22
3222	22
3223	18
3224	20
3225	20
3226	22
3227	24
3228	20
3229	30
3230	14
3231	28
3232	26
3233	32
3234	22
3235	18
3236	16
3237	22
3238	30
3239	22
3240	14
3241	32
3242	14
3243	32
3244	22
3245	22
3246	16
3247	26
3248	28
3249	18
3250	26
3251	20
3252	18
3253	12
3254	34
3255	20
3256	24
3257	18
3258	16
3259	16
3260	36
3261	24
3262	26
3263	2750
3264	1132
3265	8
3266	22
3267	10
3268	2760
3269	1140
3270	18
3271	30
3272	22
3273	28
3274	26
3275	2752
3276	1148
3277	30
3278	34
3279	16
3280	32
3281	24
3282	16
3283	16
3284	22
3285	24
3286	18
3287	36
3288	16
3289	18
3290	20
3291	16
3292	14
3293	14
3294	34
3295	2756
3296	1128
3297	18
3298	18
3299	24
3300	28
3301	16
3302	2760
3303	1124
3304	22
3305	30
3306	10
3307	16
3308	18
3309	20
3310	20
3311	18
3312	28
3313	20
3314	10
3315	26
3316	16
3317	32
3318	22
3319	16
3320	22
3321	18
3322	28
3323	22
3324	14
3325	20
3326	30
3327	32
3328	22
3329	24
3330	24
3331	24
3332	22
3333	18
3334	32
3335	16
3336	26
3337	18
3338	32
3339	16
3340	24
3341	18
3342	24
3343	28
3344	26
3345	20
3346	20
3347	2746
3348	1124
3349	26
3350	18
3351	28
3352	34
3353	20
3354	22
3355	32
3356	18
3357	20
3358	32
3359	20
3360	24
3361	2750
3362	1130
3363	18
3364	20
3365	30
3366	16
3367	14
3368	20
3369	24
3370	2744
3371	1140
3372	26
3373	22
3374	12
3375	2754
3376	1122
3377	22
3378	16
3379	30
3380	24
3381	20
3382	16
3383	22
3384	22
3385	8
3386	16
3387	18
3388	24
3389	22
3390	18
3391	28
3392	16
3393	14
3394	16
3395	20
3396	14
3397	20
3398	18
3399	20
3400	16
3401	16
3402	26
3403	18
3404	18
3405	14
3406	16
3407	26
3408	20
3409	2746
3410	1130
3411	2764
3412	1138
3413	16
3414	12
3415	18
3416	24
3417	16
3418	30
3419	24
3420	14
3421	24
3422	20
3423	30
3424	16
3425	18
3426	24
3427	30
3428	22
3429	10
3430	20
3431	24
3432	26
3433	32
3434	28
3435	36
3436	26
3437	20
3438	28
3439	24
3440	14
3441	18
3442	32
3443	26
3444	26
3445	16
3446	36
3447	16
3448	22
3449	22
3450	20
3451	30
3452	18
3453	32
3454	4
3455	18
3456	28
3457	18
3458	16
3459	18
3460	22
3461	24
3462	24
3463	20
3464	16
3465	22
3466	18
3467	24
3468	36
3469	28
3470	18
3471	2750
3472	1136
3473	22
3474	32
3475	14
3476	18
3477	8
3478	24
3479	24
3480	22
3481	32
3482	16
3483	34
3484	24
3485	20
3486	20
3487	28
3488	2754
3489	1138
3490	20
3491	8
3492	26
3493	18
3494	2758
3495	1146
3496	16
3497	32
3498	22
3499	30
3500	18
3501	8
3502	14
3503	18
3504	20
3505	20
3506	14
3507	26
3508	22
3509	24
3510	16
3511	18
3512	2744
3513	1128
3514	38
3515	2748
3516	1138
3517	26
3518	28
3519	26
3520	14
3521	14
3522	12
3523	32
3524	18
3525	34
3526	12
3527	20
3528	20
3529	24
3530	30
3531	30
3532	24
3533	24
3534	26
3535	22
3536	20
3537	32
3538	22
3539	22
3540	30
3541	18
3542	20
3543	20
3544	22
3545	2752
3546	1142
3547	18
3548	14
3549	34
3550	10
3551	26
3552	36
3553	22
3554	20
3555	30
3556	14
3557	6
3558	20
3559	18
3560	18
3561	20
3562	14
3563	16
3564	14
3565	14
3566	10
3567	24
3568	20
3569	26
3570	24
3571	8
3572	14
3573	18
3574	28
3575	12
3576	26
3577	24
3578	22
3579	32
3580	26
3581	16
3582	34
3583	22
3584	20
3585	14
3586	12
3587	20
3588	20
3589	22
3590	8
3591	20
3592	26
3593	24
3594	12
3595	26
3596	54
3597	12
3598	6
3599	26
3600	2744
3601	1128
3602	18
3603	10
3604	28
3605	16
3606	24
3607	20
3608	24
3609	2752
3610	1128
3611	10
3612	22
3613	22
3614	26
3615	24
3616	22
3617	20
3618	22
3619	22
3620	24
3621	18
3622	12
3623	12
3624	18
3625	8
3626	20
3627	10
3628	14
3629	20
3630	24
3631	30
3632	30
3633	32
3634	18
3635	16
3636	32
3637	24
3638	8
3639	14
3640	18
3641	14
3642	16
3643	28
3644	18
3645	26
3646	28
3647	16
3648	28
3649	22
3650	14
3651	22
3652	18
3653	26
3654	16
3655	16
3656	14
3657	12
3658	20
3659	44
3660	22
3661	28
3662	16
3663	12
3664	12
3665	8
3666	26
3667	18
3668	24
3669	18
3670	34
3671	34
3672	20
3673	46
3674	24
3675	22
3676	28
3677	22
3678	22
3679	32
3680	18
3681	26
3682	18
3683	22
3684	14
3685	20
3686	16
3687	14
3688	26
3689	22
3690	16
3691	24
3692	2752
3693	3868
3694	1120
3695	22
3696	16
3697	24
3698	22
3699	20
3700	2748
3701	1132
3702	18
3703	18
3704	20
3705	26
3706	28
3707	2758
3708	1142
3709	16
3710	28
3711	24
3712	8
3713	16
3714	28
3715	20
3716	24
3717	18
3718	2744
3719	1130
3720	10
3721	22
3722	30
3723	30
3724	20
3725	24
3726	20
3727	24
3728	8
3729	12
3730	2744
3731	1130
3732	14
3733	22
3734	24
3735	22
3736	14
3737	36
3738	24
3739	18
3740	26
3741	20
3742	22
3743	20
3744	20
3745	2750
3746	1130
3747	12
3748	26
3749	12
3750	24
3751	14
3752	14
3753	18
3754	16
3755	20
3756	20
3757	28
3758	26
3759	14
3760	16
3761	12
3762	26
3763	28
3764	24
3765	2752
3766	1132
3767	16
3768	16
3769	14
3770	24
3771	26
3772	16
3773	12
3774	20
3775	10
3776	4
3777	26
3778	28
3779	32
3780	22
3781	22
3782	28
3783	18
3784	32
3785	28
3786	12
3787	12
3788	30
3789	28
3790	14
3791	10
3792	34
3793	16
3794	12
3795	24
3796	20
3797	14
3798	24
3799	30
3800	28
3801	30
3802	24
3803	18
3804	14
3805	22
3806	26
3807	22
3808	12
3809	2744
3810	1130
3811	16
3812	14
3813	14
3814	46
3815	16
3816	18
3817	20
3818	38
3819	30
3820	2754
3821	1126
3822	24
3823	14
3824	20
3825	16
3826	16
3827	16
3828	10
3829	26
3830	12
3831	12
3832	22
3833	22
3834	10
3835	8
3836	16
3837	20
3838	10
3839	22
3840	36
3841	24
3842	26
3843	18
3844	26
3845	20
3846	20
3847	26
3848	22
3849	2744
3850	1136
3851	26
3852	10
3853	8
3854	32
3855	14
3856	16
3857	24
3858	30
3859	14
3860	18
3861	20
3862	14
3863	10
3864	2750
3865	1142
3866	18
3867	18
3868	16
3869	6
3870	10
3871	2750
3872	1132
3873	34
3874	24
3875	20
3876	14
3877	18
3878	14
3879	16
3880	22
3881	24
3882	18
3883	26
3884	22
3885	26
3886	30
3887	18
3888	28
3889	12
3890	6
3891	26
3892	18
3893	20
3894	24
3895	16
3896	28
3897	22
3898	30
3899	12
3900	12
3901	28
3902	22
3903	18
3904	22
3905	22
3906	26
3907	12
3908	2744
3909	1124
3910	22
3911	12
3912	22
3913	22
3914	28
3915	16
3916	20
3917	16
3918	12
3919	16
3920	16
3921	26
3922	20
3923	16
3924	34
3925	18
3926	20
3927	18
3928	30
3929	26
3930	22
3931	22
3932	22
3933	16
3934	6
3935	14
3936	16
3937	22
3938	20
3939	6
3940	16
3941	16
3942	14
3943	10
3944	26
3945	8
3946	26
3947	28
3948	30
3949	36
3950	16
3951	18
3952	16
3953	2756
3954	1132
3955	28
3956	12
3957	26
3958	36
3959	16
3960	16
3961	14
3962	32
3963	20
3964	20
3965	18
3966	18
3967	28
3968	22
3969	20
3970	24
3971	12
3972	2754
3973	1126
3974	18
3975	24
3976	30
3977	14
3978	12
3979	12
3980	18
3981	14
3982	14
3983	2752
3984	1144
3985	24
3986	16
3987	12
3988	2750
3989	1128
3990	22
3991	16
3992	16
3993	22
3994	12
3995	22
3996	12
3997	10
3998	30
3999	28
4000	16
4001	14
4002	20
4003	14
4004	28
4005	16
4006	16
4007	2760
4008	1136
4009	26
4010	24
4011	18
4012	10
4013	22
4014	8
4015	26
4016	14
4017	22
4018	10
4019	16
4020	16
4021	30
4022	12
4023	20
4024	30
4025	24
4026	22
4027	18
4028	8
4029	22
4030	20
4031	20
4032	12
4033	28
4034	22
4035	24
4036	30
4037	18
4038	18
4039	22
4040	8
4041	22
4042	18
4043	2752
4044	1124
4045	8
4046	22
4047	26
4048	20
4049	32
4050	8
4051	12
4052	6
4053	22
4054	22
4055	18
4056	18
4057	14
4058	34
4059	24
4060	24
4061	20
4062	10
4063	28
4064	14
4065	18
4066	10
4067	16
4068	2744
4069	1148
4070	22
4071	32
4072	16
4073	18
4074	18
4075	14
4076	24
4077	18
4078	20
4079	22
4080	14
4081	24
4082	20
4083	10
4084	28
4085	20
4086	6
4087	16
4088	14
4089	28
4090	34
4091	28
4092	16
4093	30
4094	2744
4095	1132
4096	8
4097	14
4098	14
4099	30
4100	12
4101	14
4102	18
4103	14
4104	10
4105	24
4106	26
4107	14
4108	32
4109	20
4110	16
4111	10
4112	18
4113	12
4114	12
4115	10
4116	16
4117	10
4118	16
4119	12
4120	12
4121	28
4122	10
4123	22
4124	24
4125	20
4126	12
4127	12
4128	18
4129	10
4130	12
4131	12
4132	30
4133	18
4134	26
4135	34
4136	10
4137	18
4138	20
4139	12
4140	10
4141	20
4142	28
4143	26
4144	12
4145	12
4146	12
4147	18
4148	10
4149	18
4150	22
4151	24
4152	30
4153	12
4154	14
4155	18
4156	18
4157	18
4158	20
4159	2746
4160	1142
4161	22
4162	12
4163	2758
4164	1130
4165	20
4166	12
4167	24
4168	2748
4169	1128
4170	20
4171	20
4172	26
4173	26
4174	12
4175	18
4176	10
4177	28
4178	8
4179	16
4180	20
4181	20
4182	16
4183	16
4184	12
4185	16
4186	20
4187	26
4188	22
4189	10
4190	14
4191	20
4192	26
4193	16
4194	18
4195	36
4196	12
4197	20
4198	20
4199	14
4200	24
4201	16
4202	12
4203	18
4204	20
4205	14
4206	14
4207	20
4208	20
4209	12
4210	18
4211	14
4212	12
4213	20
4214	10
4215	16
4216	22
4217	18
4218	12
4219	30
4220	14
4221	12
4222	34
4223	26
4224	2738
4225	1128
4226	16
4227	12
4228	18
4229	2752
4230	1136
4231	22
4232	14
4233	28
4234	20
4235	18
4236	10
4237	10
4238	20
4239	14
4240	32
4241	26
4242	2756
4243	1126
4244	22
4245	16
4246	18
4247	18
4248	32
4249	10
4250	18
4251	22
4252	12
4253	14
4254	24
4255	16
4256	22
4257	10
4258	22
4259	16
4260	14
4261	8
4262	16
4263	22
4264	22
4265	12
4266	14
4267	18
4268	18
4269	10
4270	18
4271	8
4272	28
4273	2748
4274	1136
4275	14
4276	14
4277	20
4278	16
4279	24
4280	20
4281	18
4282	14
4283	14
4284	22
4285	14
4286	22
4287	18
4288	2748
4289	1130
4290	4
4291	22
4292	16
4293	14
4294	22
4295	24
4296	22
4297	18
4298	18
4299	16
4300	26
4301	20
4302	12
4303	10
4304	20
4305	24
4306	24
4307	16
4308	22
4309	14
4310	20
4311	14
4312	16
4313	24
4314	18
4315	10
4316	2742
4317	1128
4318	16
4319	6
4320	10
4321	10
4322	14
4323	16
4324	24
4325	26
4326	34
4327	20
4328	16
4329	10
4330	22
4331	2734
4332	1140
4333	2746
4334	3864
4335	1128
4336	24
4337	16
4338	22
4339	22
4340	22
4341	16
4342	14
4343	12
4344	10
4345	20
4346	20
4347	10
4348	6
4349	10
4350	10
4351	22
4352	14
4353	20
4354	12
4355	12
4356	12
4357	16
4358	6
4359	22
4360	24
4361	8
4362	16
4363	18
4364	10
4365	8
4366	20
4367	12
4368	18
4369	24
4370	14
4371	22
4372	24
4373	12
4374	24
4375	8
4376	18
4377	10
4378	14
4379	22
4380	24
4381	6
4382	24
4383	16
4384	10
4385	12
4386	20
4387	2756
4388	1128
4389	16
4390	26
4391	16
4392	16
4393	6
4394	30
4395	18
4396	12
4397	30
4398	18
4399	8
4400	20
4401	14
4402	22
4403	6
4404	28
4405	24
4406	18
4407	22
4408	30
4409	14
4410	22
4411	22
4412	24
4413	22
4414	24
4415	16
4416	14
4417	10
4418	14
4419	28
4420	20
4421	12
4422	12
4423	28
4424	16
4425	14
4426	46
4427	18
4428	26
4429	18
4430	20
4431	14
4432	22
4433	6
4434	12
4435	10
4436	14
4437	22
4438	14
4439	26
4440	18
4441	18
4442	16
4443	22
4444	24
4445	12
4446	16
4447	12
4448	14
4449	10
4450	16
4451	16
4452	18
4453	26
4454	16
4455	22
4456	18
4457	12
4458	22
4459	20
4460	30
4461	10
4462	10
4463	14
4464	14
4465	2744
4466	1136
4467	20
4468	8
4469	18
4470	22
4471	14
4472	14
4473	2748
4474	1132
4475	12
4476	26
4477	26
4478	22
4479	14
4480	12
4481	18
4482	20
4483	10
4484	26
4485	20
4486	22
4487	14
4488	18
4489	14
4490	10
4491	28
4492	22
4493	8
4494	22
4495	22
4496	24
4497	16
4498	12
4499	2748
4500	1128
4501	20
4502	14
4503	12
4504	14
4505	28
4506	18
4507	6
4508	18
4509	32
4510	20
4511	20
4512	16
4513	5472
4514	2240
4515	22
4516	8
4517	10
4518	18
4519	24
4520	18
4521	20
4522	18
4523	10
4524	10
4525	16
4526	16
4527	18
4528	2750
4529	1126
4530	18
4531	12
4532	10
4533	20
4534	8
4535	24
4536	10
4537	28
4538	6
4539	12
4540	14
4541	8
4542	16
4543	10
4544	30
4545	26
4546	14
4547	18
4548	24
4549	12
4550	20
4551	18
4552	14
4553	10
4554	16
4555	10
4556	26
4557	10
4558	36
4559	20
4560	22
4561	14
4562	14
4563	20
4564	6
4565	16
4566	12
4567	14
4568	16
4569	22
4570	12
4571	8
4572	20
4573	18
4574	26
4575	16
4576	2746
4577	1134
4578	16
4579	6
4580	2744
4581	1122
4582	10
4583	28
4584	10
4585	22
4586	6
4587	20
4588	14
4589	16
4590	2746
4591	1126
4592	28
4593	16
4594	20
4595	24
4596	18
4597	2742
4598	1132
4599	20
4600	18
4601	22
4602	8
4603	12
4604	22
4605	20
4606	12
4607	4
4608	24
4609	22
4610	16
4611	12
4612	16
4613	22
4614	12
4615	10
4616	18
4617	12
4618	22
4619	18
4620	14
4621	6
4622	22
4623	16
4624	20
4625	22
4626	8
4627	18
4628	20
4629	16
4630	22
4631	10
4632	26
4633	18
4634	16
4635	18
4636	16
4637	24
4638	26
4639	32
4640	14
4641	16
4642	6
4643	22
4644	16
4645	10
4646	12
4647	12
4648	20
4649	22
4650	16
4651	12
4652	2740
4653	1136
4654	12
4655	26
4656	14
4657	22
4658	14
4659	16
4660	26
4661	18
4662	12
4663	24
4664	16
4665	8
4666	20
4667	24
4668	16
4669	26
4670	24
4671	16
4672	14
4673	22
4674	12
4675	18
4676	16
4677	2752
4678	1134
4679	24
4680	8
4681	24
4682	20
4683	10
4684	2756
4685	1126
4686	12
4687	10
4688	16
4689	12
4690	20
4691	16
4692	28
4693	10
4694	16
4695	6
4696	12
4697	12
4698	20
4699	12
4700	8
4701	22
4702	22
4703	14
4704	24
4705	24
4706	16
4707	10
4708	18
4709	20
4710	34
4711	2
4712	12
4713	6
4714	16
4715	20
4716	24
4717	22
4718	8
4719	14
4720	12
4721	12
4722	18
4723	22
4724	16
4725	20
4726	16
4727	6
4728	18
4729	28
4730	16
4731	12
4732	16
4733	22
4734	12
4735	22
4736	8
4737	20
4738	8
4739	18
4740	12
4741	14
4742	22
4743	6
4744	16
4745	10
4746	26
4747	12
4748	20
4749	2742
4750	1124
4751	8
4752	16
4753	16
4754	12
4755	28
4756	10
4757	12
4758	12
4759	14
4760	16
4761	2748
4762	1132
4763	16
4764	18
4765	10
4766	14
4767	16
4768	26
4769	16
4770	20
4771	16
4772	12
4773	8
4774	8
4775	18
4776	10
4777	6
4778	20
4779	20
4780	16
4781	20
4782	12
4783	18
4784	12
4785	16
4786	16
4787	18
4788	12
4789	28
4790	18
4791	14
4792	20
4793	16
4794	2746
4795	1116
4796	8
4797	18
4798	12
4799	2746
4800	1124
4801	16
4802	20
4803	20
4804	8
4805	12
4806	20
4807	20
4808	8
4809	12
4810	14
4811	12
4812	18
4813	14
4814	4
4815	2758
4816	1126
4817	16
4818	16
4819	20
4820	22
4821	10
4822	16
4823	10
4824	10
4825	24
4826	12
4827	2740
4828	1140
4829	8
4830	16
4831	22
4832	16
4833	24
4834	10
4835	8
4836	10
4837	14
4838	14
4839	8
4840	12
4841	22
4842	16
4843	20
4844	10
4845	16
4846	10
4847	16
4848	14
4849	2746
4850	1130
4851	14
4852	22
4853	24
4854	14
4855	6
4856	18
4857	12
4858	16
4859	14
4860	20
4861	22
4862	12
4863	28
4864	6
4865	16
4866	30
4867	16
4868	22
4869	16
4870	12
4871	22
4872	8
4873	12
4874	22
4875	2738
4876	1122
4877	26
4878	6
4879	18
4880	10
4881	16
4882	14
4883	12
4884	12
4885	14
4886	12
4887	22
4888	10
4889	16
4890	18
4891	12
4892	14
4893	20
4894	24
4895	26
4896	14
4897	12
4898	20
4899	14
4900	16
4901	26
4902	10
4903	12
4904	18
4905	20
4906	10
4907	16
4908	16
4909	8
4910	18
4911	8
4912	20
4913	16
4914	14
4915	2748
4916	1130
4917	12
4918	6
4919	14
4920	6
4921	20
4922	16
4923	20
4924	22
4925	10
4926	18
4927	16
4928	30
4929	18
4930	10
4931	18
4932	12
4933	6
4934	24
4935	16
4936	12
4937	16
4938	18
4939	16
4940	12
4941	14
4942	26
4943	14
4944	10
4945	10
4946	20
4947	8
4948	6
4949	16
4950	12
4951	10
4952	18
4953	16
4954	12
4955	12
4956	16
4957	12
4958	18
4959	2748
4960	1120
4961	14
4962	12
4963	22
4964	18
4965	18
4966	20
4967	8
4968	8
4969	14
4970	16
4971	10
4972	34
4973	14
4974	12
4975	26
4976	10
4977	20
4978	18
4979	2752
4980	1124
4981	6
4982	12
4983	12
4984	14
4985	12
4986	16
4987	24
4988	6
4989	16
4990	12
4991	14
4992	14
4993	8
4994	18
4995	12
4996	6
4997	24
4998	12
4999	2746
5000	1130
5001	20
5002	6
5003	6
5004	10
5005	18
5006	24
5007	20
5008	10
5009	8
5010	2744
5011	1126
5012	20
5013	22
5014	20
5015	22
5016	14
5017	28
5018	6
5019	12
5020	6
5021	2
5022	12
5023	12
5024	2754
5025	1132
5026	10
5027	12
5028	14
5029	20
5030	10
5031	20
5032	12
5033	20
5034	20
5035	20
5036	22
5037	6
5038	22
5039	10
5040	20
5041	16
5042	16
5043	18
5044	16
5045	18
5046	16
5047	20
5048	16
5049	12
5050	10
5051	22
5052	8
5053	16
5054	2
5055	2
5056	18
5057	18
5058	8
5059	12
5060	10
5061	16
5062	6
5063	14
5064	12
5065	8
5066	12
5067	12
5068	20
5069	8
5070	20
5071	16
5072	10
5073	10
5074	12
5075	20
5076	4
5077	16
5078	10
5079	12
5080	20
5081	20
5082	16
5083	14
5084	14
5085	16
5086	8
5087	22
5088	22
5089	16
5090	16
5091	22
5092	10
5093	12
5094	12
5095	10
5096	14
5097	10
5098	20
5099	16
5100	18
5101	2
5102	14
5103	20
5104	18
5105	18
5106	8
5107	16
5108	16
5109	10
5110	12
5111	14
5112	12
5113	8
5114	16
5115	6
5116	4
5117	8
5118	14
5119	14
5120	16
5121	20
5122	10
5123	14
5124	8
5125	2744
5126	1126
5127	2740
5128	3854
5129	1126
5130	14
5131	24
5132	14
5133	16
5134	16
5135	14
5136	10
5137	18
5138	12
5139	20
5140	12
5141	10
5142	14
5143	16
5144	6
5145	10
5146	12
5147	18
5148	14
5149	18
5150	8
5151	22
5152	6
5153	8
5154	14
5155	14
5156	14
5157	12
5158	14
5159	16
5160	24
5161	8
5162	8
5163	18
5164	14
5165	8
5166	14
5167	30
5168	10
5169	14
5170	8
5171	14
5172	14
5173	16
5174	18
5175	12
5176	4
5177	18
5178	20
5179	10
5180	16
5181	8
5182	4
5183	14
5184	16
5185	12
5186	30
5187	8
5188	20
5189	18
5190	14
5191	6
5192	16
5193	12
5194	12
5195	14
5196	16
5197	14
5198	14
5199	2752
5200	1134
5201	10
5202	18
5203	20
5204	16
5205	6
5206	2744
5207	1124
5208	16
5209	16
5210	16
5211	18
5212	14
5213	16
5214	10
5215	12
5216	10
5217	2744
5218	1126
5219	8
5220	2746
5221	1130
5222	8
5223	12
5224	2742
5225	1124
5226	12
5227	22
5228	14
5229	2
5230	18
5231	14
5232	12
5233	18
5234	16
5235	14
5236	18
5237	24
5238	4
5239	2
5240	8
5241	10
5242	18
5243	18
5244	8
5245	14
5246	10
5247	12
5248	18
5249	10
5250	10
5251	24
5252	12
5253	18
5254	12
5255	14
5256	16
5257	14
5258	12
5259	12
5260	12
5261	12
5262	20
5263	10
5264	12
5265	12
5266	16
5267	8
5268	20
5269	6
5270	16
5271	24
5272	10
5273	6
5274	16
5275	22
5276	6
5277	8
5278	14
5279	12
5280	12
5281	20
5282	14
5283	14
5284	24
5285	10
5286	12
5287	22
5288	4
5289	14
5290	14
5291	12
5292	8
5293	10
5294	6
5295	26
5296	12
5297	16
5298	10
5299	6
5300	14
5301	12
5302	10
5303	14
5304	14
5305	4
5306	14
5307	16
5308	8
5309	16
5310	12
5311	20
5312	10
5313	16
5314	12
5315	6
5316	10
5317	10
5318	8
5319	14
5320	18
5321	12
5322	22
5323	14
5324	8
5325	10
5326	22
5327	10
5328	14
5329	12
5330	20
5331	18
5332	18
5333	12
5334	18
5335	16
5336	10
5337	6
5338	14
5339	16
5340	16
5341	12
5342	12
5343	22
5344	12
5345	14
5346	8
5347	20
5348	6
5349	24
5350	2740
5351	1130
5352	2746
5353	1124
5354	10
5355	6
5356	4
5357	10
5358	14
5359	10
5360	16
5361	14
5362	18
5363	14
5364	14
5365	14
5366	14
5367	24
5368	12
5369	8
5370	16
5371	18
5372	10
5373	20
5374	14
5375	14
5376	20
5377	16
5378	12
5379	12
5380	4
5381	18
5382	18
5383	12
5384	14
5385	16
5386	10
5387	14
5388	14
5389	2740
5390	1124
5391	20
5392	14
5393	14
5394	16
5395	12
5396	22
5397	16
5398	16
5399	12
5400	24
5401	22
5402	12
5403	8
5404	14
5405	14
5406	12
5407	20
5408	10
5409	16
5410	12
5411	12
5412	12
5413	14
5414	18
5415	12
5416	12
5417	12
5418	10
5419	16
5420	2738
5421	1128
5422	26
5423	14
5424	10
5425	10
5426	8
5427	18
5428	10
5429	4
5430	8
5431	22
5432	8
5433	12
5434	14
5435	24
5436	16
5437	16
5438	10
5439	14
5440	14
5441	20
5442	10
5443	14
5444	10
5445	24
5446	10
5447	6
5448	12
5449	8
5450	8
5451	12
5453	10
5454	16
5455	14
5456	16
5457	10
5458	10
5459	16
5460	14
5461	5470
5462	2248
5463	12
5464	8
5465	4
5466	10
5467	22
5468	10
5469	20
5470	8
5471	14
5472	18
5473	6
5474	4
5475	10
5476	10
5477	22
5478	14
5479	16
5480	12
5481	20
5482	6
5483	14
5484	20
5485	16
5486	12
5487	8
5488	12
5489	12
5490	12
5491	4
5492	12
5493	12
5494	8
5495	10
5496	10
5497	20
5498	20
5499	18
5500	8
5501	10
5502	14
5503	14
5504	6
5505	14
5506	20
5507	12
5508	20
5509	16
5510	6
5511	12
5512	12
5513	8
5514	10
5515	10
5516	20
5517	14
5518	14
5519	14
5520	22
5521	16
5522	6
5523	18
5524	20
5525	18
5526	14
5527	8
5528	10
5529	10
5530	16
5531	22
5532	10
5533	16
5534	12
5535	18
5536	6
5537	16
5538	6
5539	18
5540	16
5541	18
5542	10
5543	16
5544	10
5545	8
5546	30
5547	16
5548	6
5549	14
5550	10
5551	14
5552	12
5553	18
5554	8
5555	8
5556	18
5557	8
5558	16
5559	12
5560	16
5561	18
5562	16
5563	24
5564	14
5565	12
5566	2742
5567	1130
5568	14
5569	16
5570	14
5571	8
5572	12
5573	8
5574	10
5575	16
5576	18
5577	10
5578	8
5579	18
5580	16
5581	10
5582	10
5583	16
5584	20
5585	18
5586	10
5587	16
5588	8
5589	12
5590	10
5591	12
5592	10
5593	6
5594	2744
5595	1120
5596	18
5597	20
5598	10
5599	28
5600	12
5601	10
5602	26
5603	16
5604	14
5605	18
5606	14
5607	20
5608	6
5609	28
5610	18
5611	6
5612	12
5613	18
5614	8
5615	12
5616	12
5617	20
5618	12
5619	12
5620	10
5621	18
5622	2740
5623	1122
5624	14
5625	2
5626	12
5627	6
5628	10
5629	16
5630	18
5631	14
5632	12
5633	16
5635	20
5636	18
5637	8
5638	16
5639	24
5640	16
5641	16
5642	20
5643	20
5644	12
5645	18
5646	12
5647	8
5648	6
5649	20
5650	14
5651	10
5652	14
5653	20
5654	14
5655	12
5656	16
5657	8
5658	18
5659	12
5660	6
5661	6
5662	14
5663	10
5664	16
5665	12
5666	4
5667	6
5668	10
5669	16
5670	4
5671	14
5672	20
5673	24
5674	10
5675	6
5676	10
5677	14
5678	12
5679	10
5680	14
5681	14
5682	10
5683	14
5684	14
5685	6
5686	14
5687	14
5688	12
5689	18
5690	10
5691	12
5692	10
5693	8
5694	14
5695	18
5696	20
5697	14
5698	6
5699	14
5700	4
5701	20
5702	14
5703	18
5704	16
5705	26
5706	10
5707	6
5708	14
5709	12
5710	8
5711	14
5712	14
5713	16
5714	4
5715	4
5716	20
5717	16
5718	14
5719	24
5720	18
5721	16
5722	12
5723	8
5724	14
5725	16
5726	18
5727	22
5728	14
5729	10
5730	12
5731	8
5732	2
5733	6
5734	14
5735	10
5736	6
5737	4
5738	16
5739	12
5740	6
5741	12
5742	8
5743	18
5744	12
5745	10
5746	18
5747	4
5748	16
5749	22
5750	8
5751	18
5752	14
5753	16
5754	14
5755	20
5756	14
5757	16
5758	12
5759	10
5760	14
5761	12
5762	8
5763	2734
5764	1124
5765	14
5766	8
5767	4
5768	16
5769	20
5770	14
5771	12
5772	12
5773	12
5774	12
5775	16
5776	20
5777	14
5778	6
5779	20
5780	10
5781	8
5782	14
5783	10
5784	10
5785	10
5786	14
5787	18
5788	10
5789	16
5790	20
5791	16
5792	18
5793	22
5794	8
5795	14
5796	20
5797	14
5798	16
5799	10
5800	12
5801	12
5802	2736
5803	1122
5804	10
5805	10
5806	16
5807	6
5808	14
5809	12
5810	20
5811	14
5812	16
5813	14
5814	10
5815	20
5816	20
5817	8
5818	22
5819	18
5820	14
5821	10
5822	12
5823	20
5824	12
5825	16
5826	6
5827	14
5828	8
5829	12
5830	18
5831	16
5832	10
5833	16
5834	14
5835	14
5836	14
5837	14
5838	2748
5839	1126
5840	12
5841	4
5842	16
5843	4
5844	18
5845	8
5846	10
5847	10
5848	12
5849	18
5850	18
5851	12
5852	24
5853	16
5854	16
5855	8
5856	12
5857	18
5858	12
5859	10
5860	22
5861	14
5862	16
5863	12
5864	8
5865	12
5866	20
5867	12
5868	12
5869	16
5870	16
5871	10
5872	10
5873	18
5874	10
5875	20
5876	20
5877	10
5878	14
5879	6
5880	22
5881	14
5882	2742
5883	1128
5884	8
5885	16
5886	10
5887	12
5888	16
5889	12
5890	10
5891	12
5892	22
5893	12
5894	22
5895	4
5896	26
5897	12
5898	16
5899	14
5900	16
5901	18
5902	18
5903	6
5904	24
5905	22
5906	10
5907	18
5908	14
5909	6
5910	16
5911	16
5912	12
5913	6
5914	22
5915	14
5916	20
5917	12
5918	6
5919	16
5920	6
5921	6
5922	14
5923	10
5924	2744
5925	1128
5926	14
5927	12
5928	10
5929	6
5930	12
5931	16
5932	18
5933	18
5934	2746
5935	1122
5936	12
5937	12
5938	18
5939	14
5940	12
5941	6
5942	6
5943	20
5944	10
5945	18
5946	10
5947	8
5948	6
5949	8
5950	18
5951	2740
5952	1128
5953	8
5954	12
5955	10
5956	18
5957	20
5958	2746
5959	1122
5960	10
5961	12
5962	12
5963	8
5964	14
5965	12
5966	18
5967	6
5968	6
5969	8
5970	2736
5971	1124
5972	18
5973	6
5974	2
5975	12
5976	4
5977	14
5978	10
5979	16
5980	18
5981	10
5982	8
5983	8
5984	8
5985	12
5986	2746
5987	1130
5988	14
5989	16
5990	14
5991	6
5992	14
5993	16
5994	18
5995	12
5996	16
5997	16
5998	10
5999	6
6000	8
6001	16
6002	6
6003	4
6004	8
6005	10
6006	18
6007	12
6008	20
6009	12
6010	18
6011	16
6012	10
6013	16
6014	6
6015	4
6016	10
6017	14
6018	10
6019	18
6020	10
6021	4
6022	8
6023	10
6024	20
6025	10
6026	16
6027	14
6028	14
6029	14
6030	4
6031	18
6032	12
6033	10
6034	18
6035	2742
6036	1120
6037	10
6038	8
6039	16
6040	8
6041	12
6042	18
6043	12
6044	6
6045	8
6046	18
6047	14
6048	12
6049	6
6050	8
6051	10
6052	14
6053	8
6054	22
6055	10
6056	10
6057	28
6058	2744
6059	1132
6060	20
6061	12
6062	10
6063	10
6064	6
6065	6
6066	4
6067	8
6068	8
6069	8
6070	8
6071	8
6072	14
6073	16
6074	18
6075	4
6076	12
6077	6
6078	12
6079	4
6080	10
6081	8
6082	12
6083	6
6084	10
6085	16
6086	16
6087	4
6088	8
6089	6
6090	2
6091	10
6092	14
6093	8
6094	12
6095	18
6096	14
6097	16
6098	18
6099	10
6100	14
6101	18
6102	12
6103	10
6104	8
6105	6
6106	16
6107	8
6108	2
6109	6
6110	14
6111	8
6112	14
6113	4
6114	20
6115	20
6116	10
6117	14
6118	6
6119	12
6120	20
6121	20
6122	16
6123	12
6124	22
6125	18
6126	16
6127	10
6128	8
6129	12
6130	16
6131	8
6132	2738
6133	1120
6134	8
6135	20
6136	18
6137	10
6138	12
6139	8
6140	4
6141	12
6142	18
6143	6
6144	18
6145	10
6146	8
6147	18
6148	6
6149	2
6150	12
6151	10
6152	6
6153	10
6154	12
6155	12
6156	14
6157	20
6158	20
6159	10
6160	16
6161	14
6162	6
6163	4
6164	6
6165	20
6166	16
6167	8
6168	4
6169	20
6170	20
6171	16
6172	14
6173	12
6174	12
6175	8
6176	16
6177	8
6178	22
6179	12
6180	16
6181	8
6182	4
6183	6
6184	12
6185	6
6186	20
6187	14
6188	10
6189	14
6190	10
6191	12
6192	2746
6193	1128
6194	2742
6195	1120
6196	14
6197	8
6198	14
6199	6
6200	18
6201	8
6202	10
6203	10
6204	10
6205	10
6206	16
6207	26
6208	18
6209	16
6210	6
6211	12
6212	6
6213	10
6214	8
6215	12
6216	2
6217	4
6218	14
6219	12
6220	14
6221	8
6222	12
6223	10
6224	18
6225	4
6226	8
6227	10
6228	16
6229	8
6230	16
6231	10
6232	14
6233	12
6234	16
6235	12
6236	14
6237	12
6238	8
6239	20
6240	2
6241	14
6242	12
6243	14
6244	12
6245	8
6246	8
6247	16
6248	4
6249	14
6250	20
6251	12
6252	4
6253	18
6254	8
6255	14
6256	12
6257	12
6258	16
6259	8
6260	10
6261	14
6262	18
6263	16
6264	18
6265	14
6266	6
6267	12
6268	8
6269	6
6270	4
6271	16
6272	10
6273	14
6274	6
6275	18
6276	10
6277	10
6278	14
6279	12
6280	12
6281	16
6282	6
6283	8
6284	12
6285	8
6286	10
6287	14
6288	8
6289	6
6290	18
6291	18
6292	18
6293	14
6294	16
6295	16
6296	4
6297	14
6298	6
6299	16
6300	12
6301	12
6302	10
6303	6
6304	2736
6305	1120
6306	12
6307	10
6308	16
6309	10
6310	12
6311	12
6312	8
6313	12
6314	8
6315	6
6316	16
6317	10
6318	6
6320	10
6321	8
6322	16
6323	14
6324	14
6325	2742
6326	1120
6327	12
6328	4
6329	12
6330	24
6331	14
6332	6
6333	12
6334	4
6335	20
6336	16
6337	8
6338	8
6339	12
6340	10
6341	14
6342	18
6343	10
6344	8
6345	10
6346	16
6347	12
6348	12
6349	12
6350	22
6351	14
6352	8
6353	26
6354	10
6355	8
6356	14
6357	2750
6358	1134
6359	10
6360	6
6361	16
6362	8
6363	8
6364	12
6365	8
6366	12
6367	10
6368	12
6369	4
6370	6
6371	20
6372	16
6373	8
6374	14
6375	10
6376	14
6377	2734
6378	1122
6379	2
6380	20
6381	12
6382	8
6383	16
6384	14
6385	12
6386	4
6387	14
6388	8
6389	10
6390	12
6392	16
6393	20
6394	16
6395	18
6396	12
6397	2
6398	12
6399	6
6400	2744
6401	1124
6402	8
6403	8
6404	12
6405	8
6406	10
6407	14
6408	10
6409	18
6410	12
6411	10
6412	12
6413	18
6414	8
6415	8
6416	12
6417	14
6418	10
6419	2
6420	14
6421	14
6422	6
6423	2
6424	12
6425	12
6426	8
6427	10
6428	12
6429	4
6430	12
6431	18
6432	6
6433	14
6434	28
6435	14
6436	16
6437	12
6438	8
6439	2
6440	10
6441	2736
6442	1124
6443	2
6444	8
6445	16
6446	14
6447	18
6448	20
6449	8
6450	24
6451	10
6452	8
6453	12
6454	6
6455	4
6456	12
6457	12
6458	10
6459	4
6460	6
6461	10
6462	10
6463	8
6464	14
6465	10
6466	14
6467	16
6468	8
6469	16
6470	16
6471	16
6472	24
6473	8
6474	10
6475	10
6476	20
6477	14
6478	8
6479	12
6480	8
6481	14
6482	18
6483	8
6484	6
6485	12
6486	14
6487	6
6488	6
6489	12
6490	12
6491	4
6492	2
6493	4
6494	12
6495	6
6496	14
6497	8
6498	12
6499	16
6500	16
6501	8
6502	4
6503	12
6504	10
6505	18
6506	20
6507	10
6508	8
6509	10
6510	8
6511	12
6512	20
6513	18
6514	10
6515	12
6516	4
6517	14
6518	10
6519	8
6520	16
6521	16
6522	6
6523	6
6524	20
6525	12
6526	20
6527	12
6528	10
6529	6
6530	16
6531	12
6532	10
6533	6
6534	10
6535	30
6537	2
6538	10
6539	12
6540	10
6541	18
6542	14
6543	16
6544	10
6545	4
6546	2740
6547	1124
6548	16
6549	6
6550	12
6551	10
6552	8
6553	16
6554	14
6555	12
6556	20
6557	12
6558	10
6559	12
6560	12
6561	10
6562	12
6563	8
6564	12
6565	6
6566	14
6567	6
6568	16
6569	2
6570	10
6571	14
6572	6
6573	4
6574	4
6575	2744
6576	1122
6577	8
6578	8
6579	14
6580	12
6581	12
6582	8
6583	6
6584	8
6585	20
6586	6
6587	6
6588	18
6589	2
6590	14
6591	6
6592	14
6593	8
6594	8
6595	12
6596	6
6597	14
6598	20
6599	6
6600	12
6601	14
6602	14
6603	10
6604	12
6605	6
6606	14
6607	18
6608	12
6609	4
6610	10
6611	10
6612	12
6613	2740
6614	1126
6615	8
6616	6
6617	10
6618	18
6619	2
6620	12
6621	14
6622	18
6623	8
6624	8
6625	12
6626	14
6627	8
6628	14
6629	2
6630	12
6631	12
6632	10
6633	4
6634	8
6635	8
6636	12
6637	12
6638	12
6639	10
6640	18
6641	4
6642	10
6643	8
6644	10
6645	18
6646	6
6647	8
6648	10
6649	28
6650	10
6651	8
6652	8
6653	6
6654	12
6655	8
6656	10
6657	16
6658	14
6659	8
6660	18
6661	14
6662	18
6663	8
6664	6
6665	2
6666	8
6667	10
6668	14
6669	8
6670	8
6671	6
6672	8
6673	8
6674	10
6675	18
6676	18
6677	14
6678	12
6679	10
6680	6
6681	14
6682	10
6683	8
6684	18
6685	12
6686	6
6687	2748
6688	1124
6689	14
6690	4
6692	4
6693	10
6694	8
6695	4
6696	2750
6697	1124
6698	10
6699	10
6700	14
6701	6
6702	12
6703	8
6704	10
6705	8
6706	12
6707	12
6708	10
6709	14
6710	24
6711	12
6712	14
6713	12
6714	18
6715	14
6717	12
6718	12
6719	10
6720	6
6721	14
6722	12
6723	8
6724	14
6725	16
6726	14
6727	16
6728	10
6729	26
6730	6
6731	8
6732	8
6733	16
6734	4
6735	10
6736	10
6737	16
6738	6
6739	14
6740	16
6741	12
6742	6
6743	18
6744	18
6745	14
6746	10
6747	2740
6748	1122
6749	8
6750	14
6751	4
6752	12
6753	14
6754	8
6755	8
6756	14
6757	2
6758	8
6759	6
6760	16
6761	22
6762	4
6763	12
6764	6
6765	16
6766	12
6767	12
6768	18
6769	14
6770	8
6771	8
6772	4
6773	12
6774	6
6775	8
6776	10
6777	10
6778	10
6779	12
6780	12
6781	12
6782	12
6783	12
6784	10
6785	8
6786	14
6787	16
6788	2738
6789	1134
6790	8
6791	16
6792	10
6793	14
6794	6
6795	4
6796	4
6797	4
6798	4
6799	12
6800	6
6801	16
6802	12
6803	12
6804	14
6805	14
6806	14
6807	4
6808	16
6809	14
6810	16
6811	14
6812	16
6813	4
6815	8
6816	14
6817	8
6818	6
6819	10
6820	6
6821	18
6822	12
6823	12
6824	8
6825	16
6826	4
6827	14
6828	10
6829	12
6830	12
6831	8
6832	16
6833	8
6834	10
6835	8
6836	8
6837	14
6838	10
6839	8
6840	12
6841	4
6842	6
6843	8
6844	4
6845	6
6846	24
6847	14
6848	14
6849	14
6850	2738
6851	1128
6852	14
6853	12
6854	6
6855	12
6856	8
6857	12
6858	6
6859	10
6860	6
6861	8
6862	12
6863	12
6864	16
6865	14
6866	12
6867	10
6868	6
6869	18
6870	10
6871	6
6872	2740
6873	1116
6874	16
6875	14
6876	12
6877	10
6878	12
6879	12
6880	6
6881	14
6882	16
6883	14
6884	20
6885	6
6886	14
6887	10
6888	12
6889	6
6890	10
6891	12
6892	10
6893	10
6894	8
6895	10
6896	6
6897	10
6898	10
6899	6
6900	10
6901	10
6902	12
6903	16
6904	8
6905	12
6906	12
6907	10
6908	6
6909	22
6910	12
6911	12
6912	12
6913	10
6914	14
6915	12
6916	10
6917	16
6918	12
6919	14
6920	14
6921	16
6922	2748
6923	1126
6924	2
6925	14
6926	2734
6927	1122
6928	10
6929	6
6930	12
6931	2
6932	10
6933	14
6934	8
6935	10
6936	10
6937	6
6938	10
6939	12
6940	6
6941	12
6942	16
6943	8
6944	8
6945	6
6946	14
6947	10
6948	2
6949	10
6950	4
6951	28
6952	6
6953	18
6954	12
6955	12
6956	12
6957	8
6958	14
6959	10
6960	12
6961	2736
6962	1120
6963	12
6964	12
6965	14
6966	14
6967	8
6968	10
6969	12
6970	6
6971	4
6972	8
6973	6
6974	2
6975	10
6976	10
6977	8
6978	8
6979	8
6980	8
6981	10
6982	4
6983	14
6984	10
6985	18
6986	22
6987	20
6988	20
6989	10
6990	6
6991	6
6992	10
6993	4
6994	8
6995	10
6996	16
6997	6
6998	14
6999	12
7000	8
7001	12
7002	14
7003	8
7004	12
7005	10
7006	8
7007	6
7008	8
7009	10
7010	10
7011	10
7012	12
7013	14
7014	10
7015	2752
7016	1126
7017	10
7018	8
7019	18
7020	10
7021	10
7022	10
7023	4
7024	14
7025	8
7026	12
7027	4
7028	12
7029	10
7030	14
7031	6
7032	10
7033	6
7034	6
7035	8
7036	8
7037	10
7038	8
7039	10
7040	6
7041	12
7042	4
7043	8
7044	6
7045	2740
7046	1120
7047	6
7048	12
7049	6
7050	6
7051	8
7052	12
7053	10
7054	6
7055	18
7056	6
7057	16
7058	6
7059	6
7060	4
7061	12
7062	16
7063	12
7064	16
7065	12
7066	10
7067	6
7068	12
7069	10
7070	6
7071	6
7072	4
7073	12
7074	10
7075	8
7076	4
7077	12
7078	14
7079	12
7080	14
7081	2734
7082	1128
7083	12
7084	10
7085	6
7086	2734
7087	1116
7089	14
7090	8
7091	12
7092	18
7093	16
7094	10
7095	18
7096	10
7097	14
7098	14
7099	10
7100	4
7101	18
7102	16
7103	6
7104	4
7105	8
7106	8
7107	10
7108	10
7109	6
7110	14
7111	6
7112	10
7113	4
7114	12
7115	14
7116	8
7117	6
7118	12
7119	8
7120	4
7121	12
7122	8
7123	4
7124	8
7125	10
7126	10
7127	14
7128	12
7129	12
7130	6
7131	8
7132	12
7133	10
7134	4
7135	12
7136	8
7137	14
7138	8
7139	14
7140	8
7141	8
7142	20
7143	22
7144	10
7145	4
7146	14
7147	8
7148	10
7149	5466
7150	2234
7151	14
7152	8
7153	10
7154	12
7155	10
7156	8
7157	12
7158	10
7159	4
7160	10
7161	12
7162	22
7163	12
7164	6
7165	14
7166	14
7167	6
7168	4
7169	22
7171	6
7172	12
7173	10
7174	10
7175	2
7176	2740
7177	1118
7178	12
7179	18
7180	18
7181	12
7182	12
7183	8
7184	12
7185	6
7186	10
7187	2742
7188	1122
7189	4
7190	10
7191	2
7192	8
7193	2
7194	8
7195	10
7196	6
7197	10
7198	18
7199	20
7200	6
7201	8
7202	12
7203	2
7204	2740
7205	1124
7206	16
7207	12
7208	12
7209	6
7210	16
7211	6
7212	4
7213	12
7214	2
7215	8
7216	6
7217	6
7218	10
7219	6
7220	16
7221	4
7222	12
7223	2
7224	14
7225	20
7226	2750
7227	1120
7228	8
7229	16
7230	2
7231	4
7232	12
7233	4
7234	6
7235	2
7236	10
7237	12
7238	2
7239	14
7240	16
7241	6
7242	8
7243	8
7244	6
7245	10
7246	8
7247	6
7248	12
7249	6
7250	10
7251	8
7252	12
7253	10
7254	8
7255	10
7256	6
7257	12
7258	12
7259	8
7260	2
7261	4
7262	16
7263	2
7264	6
7265	6
7266	10
7267	4
7268	10
7269	8
7270	8
7271	8
7272	4
7273	2
7274	8
7275	10
7276	2738
7277	1124
7278	14
7279	8
7280	12
7281	4
7282	4
7283	4
7284	4
7285	10
7286	10
7287	8
7288	16
7289	8
7290	6
7291	10
7292	12
7293	12
7294	6
7295	4
7296	14
7297	4
7298	4
7299	4
7300	4
7301	4
7302	14
7303	8
7304	10
7305	4
7306	2
7307	12
7308	6
7309	10
7310	4
7311	6
7312	4
7313	10
7314	16
7315	12
7316	2
7317	12
7318	8
7319	10
7320	18
7321	14
7322	4
7323	2
7324	4
7325	4
7326	4
7327	4
7328	14
7329	2
7330	18
7331	2
7332	4
7333	6
7334	8
7335	6
7336	16
7337	2746
7338	1122
7339	12
7340	8
7341	6
7342	6
7343	14
7344	8
7345	4
7346	10
7347	8
7348	8
7349	8
7350	2
7351	8
7352	6
7353	10
7354	10
7355	8
7356	12
7357	10
7358	8
7359	10
7360	18
7361	8
7362	12
7363	12
7364	8
7365	14
7366	6
7367	14
7368	6
7369	2
7370	10
7371	12
7372	18
7373	6
7374	6
7375	6
7376	20
7377	6
7378	6
7379	10
7380	14
7381	8
7382	2
7383	16
7384	8
7385	12
7386	10
7387	12
7388	6
7390	16
7391	12
7392	10
7393	8
7394	6
7395	12
7396	6
7397	10
7398	8
7399	14
7400	10
7401	10
7402	14
7403	8
7404	2
7405	6
7406	10
7407	6
7408	10
7409	6
7410	14
7411	8
7412	8
7413	8
7414	10
7415	8
7416	16
7417	8
7418	10
7419	2
7420	10
7421	12
7422	8
7423	10
7424	12
7425	8
7426	6
7427	8
7428	2
7429	6
7430	8
7431	8
7432	10
7433	24
7434	10
7435	6
7436	14
7437	6
7438	10
7439	12
7440	2742
7441	1120
7442	4
7443	10
7444	16
7445	6
7446	8
7447	6
7448	4
7449	12
7450	12
7451	10
7452	12
7453	10
7454	6
7455	8
7456	8
7457	10
7458	6
7459	12
7460	4
7461	12
7462	8
7463	8
7464	8
7465	8
7466	4
7467	14
7468	6
7469	14
7470	10
7471	12
7472	16
7473	16
7474	18
7476	10
7477	6
7478	6
7479	10
7480	10
7481	6
7482	6
7483	4
7484	6
7485	8
7486	6
7487	10
7488	6
7489	6
7490	6
7491	6
7492	8
7493	6
7494	10
7495	14
7496	2
7497	10
7498	4
7499	12
7500	6
7501	6
7502	2742
7503	1128
7504	2744
7505	1122
7506	8
7507	12
7508	4
7509	10
7510	6
7511	2
7512	12
7513	8
7514	10
7515	2
7516	6
7517	6
7518	18
7519	2734
7520	1120
7521	10
7522	14
7523	4
7524	6
7525	12
7526	8
7527	8
7528	4
7529	12
7530	8
7531	12
7532	4
7533	14
7534	6
7535	4
7536	12
7537	10
7538	12
7539	10
7540	8
7541	6
7543	6
7544	10
7545	10
7546	6
7547	4
7548	6
7549	2
7550	10
7551	8
7552	8
7553	8
7554	18
7555	2
7556	10
7557	12
7558	14
7559	10
7560	4
7561	10
7562	12
7563	6
7564	6
7565	8
7566	8
7567	6
7568	6
7569	6
7570	6
7571	4
7572	12
7573	12
7574	12
7575	6
7576	8
7577	6
7578	8
7579	2
7580	8
7581	8
7582	8
7583	10
7584	8
7585	12
7586	6
7587	8
7588	10
7589	12
7590	2
7591	8
7592	8
7593	2
7594	10
7595	14
7596	8
7597	12
7598	10
7599	10
7600	6
7601	6
7602	6
7603	18
7604	2
7605	2
7606	4
7607	14
7608	6
7609	6
7610	8
7611	6
7612	6
7613	8
7614	8
7615	8
7616	10
7617	4
7618	4
7619	12
7620	10
7621	18
7622	8
7623	16
7624	8
7625	14
7626	4
7627	10
7628	14
7629	18
7630	6
7631	12
7632	6
7633	8
7634	4
7635	4
7636	2
7637	4
7638	18
7639	10
7640	2
7641	4
7642	2738
7643	1130
7644	10
7645	12
7646	6
7647	4
7648	8
7649	8
7650	6
7651	12
7652	4
7653	12
7654	12
7655	4
7656	6
7657	16
7658	8
7659	4
7660	6
7661	14
7662	4
7663	10
7664	6
7665	6
7666	14
7667	14
7668	2
7669	8
7670	6
7671	4
7672	10
7673	8
7674	8
7675	12
7676	8
7677	6
7678	6
7679	10
7680	12
7681	14
7682	4
7683	16
7684	6
7685	10
7686	8
7687	6
7688	6
7689	10
7690	4
7691	10
7692	10
7693	8
7694	10
7695	10
7696	6
7697	4
7698	10
7699	2
7700	12
7701	6
7702	10
7703	12
7704	8
7705	12
7706	10
7707	20
7708	6
7709	4
7710	20
7711	6
7712	12
7713	2736
7714	3858
7715	1126
7716	4
7717	20
7718	4
7720	10
7721	12
7722	6
7723	8
7724	4
7725	14
7726	4
7727	2
7728	10
7729	4
7730	14
7731	14
7732	6
7733	6
7734	6
7735	8
7736	10
7737	14
7738	14
7739	2
7740	12
7741	16
7742	8
7743	4
7744	6
7745	6
7746	12
7747	14
7748	8
7749	10
7750	6
7751	4
7752	10
7753	10
7754	4
7755	2
7756	2
7757	6
7758	14
7759	2
7760	4
7761	12
7762	8
7763	8
7764	2
7765	14
7766	8
7767	2742
7768	1118
7769	10
7770	10
7771	12
7772	16
7773	4
7774	6
7775	8
7776	10
7777	2736
7778	1118
7779	6
7780	8
7781	10
7782	10
7783	6
7784	6
7786	10
7787	4
7788	6
7789	2
7790	4
7791	8
7792	10
7793	4
7794	6
7795	12
7796	6
7797	6
7798	4
7799	4
7800	4
7801	4
7802	8
7803	6
7804	12
7805	8
7806	6
7807	6
7808	8
7809	4
7810	2
7811	6
7812	8
7813	10
7814	10
7815	6
7816	8
7817	2
7818	14
7819	10
7820	8
7821	6
7822	16
7823	8
7824	4
7825	10
7826	4
7827	10
7828	10
7829	12
7830	6
7831	8
7832	10
7833	10
7834	4
7835	2
7836	6
7837	12
7838	14
7839	6
7840	10
7841	4
7842	16
7843	10
7844	4
7845	8
7846	8
7847	8
7848	6
7849	14
7850	14
7851	2
7852	6
7853	10
7854	14
7855	10
7856	22
7857	6
7858	4
7859	18
7860	14
7861	8
7862	10
7863	4
7864	4
7865	8
7866	4
7867	10
7868	16
7869	6
7870	6
7871	10
7872	8
7873	8
7874	10
7875	8
7876	10
7877	8
7878	10
7879	12
7880	4
7881	4
7882	6
7883	2
7884	16
7885	8
7887	12
7888	12
7889	16
7890	8
7891	10
7892	8
7893	6
7894	14
7895	6
7896	6
7897	2
7898	4
7899	6
7900	12
7901	12
7902	4
7903	18
7904	10
7905	12
7906	8
7907	16
7908	6
7909	8
7910	12
7911	8
7912	10
7913	6
7914	10
7915	6
7916	10
7917	8
7918	8
7919	16
7920	10
7921	14
7922	2
7923	6
7924	8
7925	12
7926	4
7927	8
7928	8
7929	10
7930	6
7931	6
7932	10
7933	12
7934	8
7935	10
7936	2
7937	8
7938	2
7939	8
7940	6
7941	2742
7942	1116
7943	14
7944	2
7945	2
7946	8
7947	12
7948	12
7949	14
7950	10
7951	16
7952	6
7953	10
7954	16
7955	6
7957	14
7958	8
7959	4
7960	6
7961	6
7962	6
7963	4
7964	4
7965	10
7966	14
7967	6
7969	6
7970	8
7971	8
7972	12
7973	6
7974	8
7975	2
7976	2
7977	10
7978	2
7979	24
7980	2
7981	4
7982	2
7983	18
7984	4
7985	20
7986	16
7987	6
7988	2
7989	8
7990	10
7991	12
7992	10
7993	8
7994	10
7995	8
7996	12
7999	8
8000	14
8001	6
8002	6
8003	10
8004	2
8006	20
8007	12
8008	2
8009	16
8010	10
8011	8
8012	2
8013	16
8014	10
8015	10
8016	8
8017	6
8018	10
8019	10
8020	14
8021	2
8022	12
8023	8
8024	4
8025	6
8026	8
8027	16
8028	8
8029	2
8030	10
8031	12
8032	10
8033	6
8034	8
8035	4
8036	16
8037	6
8038	2
8039	14
8040	6
8041	6
8042	8
8043	2742
8044	1116
8045	2
8046	10
8047	10
8048	6
8049	8
8050	12
8051	14
8052	4
8053	6
8054	12
8055	8
8056	14
8057	6
8058	8
8059	14
8060	4
8061	6
8062	6
8063	6
8064	6
8065	12
8066	8
8067	8
8068	6
8069	14
8070	4
8072	14
8073	16
8074	6
8075	8
8076	8
8077	4
8078	10
8079	4
8080	10
8081	6
8082	10
8083	12
8084	6
8085	2
8086	12
8087	2742
8088	1122
8089	8
8090	12
8091	6
8092	10
8093	12
8094	2
8095	8
8096	6
8097	10
8098	6
8099	12
8100	10
8101	12
8102	10
8103	6
8104	6
8105	18
8106	10
8107	8
8108	8
8109	8
8110	6
8111	12
8112	2736
8113	1122
8114	12
8115	6
8116	2
8117	6
8118	6
8119	4
8120	4
8122	12
8123	8
8124	8
8125	8
8126	10
8127	16
8128	14
8129	6
8130	8
8131	8
8132	12
8133	6
8134	4
8135	6
8136	10
8137	8
8138	8
8139	6
8140	4
8141	6
8142	12
8143	2
8144	2
8145	2
8146	2
8147	10
8148	10
8149	4
8150	8
8151	8
8152	6
8153	6
8154	12
8155	8
8156	12
8157	8
8158	2734
8159	1120
8160	8
8161	8
8162	8
8163	10
8164	8
8165	16
8166	2
8167	14
8168	4
8169	12
8170	8
8171	10
8172	2736
8173	1118
8174	6
8175	6
8176	6
8177	6
8178	12
8179	6
8180	8
8181	4
8182	10
8183	4
8184	2
8185	4
8186	10
8187	8
8188	8
8189	2730
8190	1126
8191	12
8192	6
8193	12
8194	2740
8195	1118
8196	6
8197	10
8198	6
8199	8
8200	6
8201	14
8203	4
8204	10
8205	4
8206	8
8207	4
8208	8
8209	8
8210	6
8211	6
8212	8
8213	2
8214	6
8215	10
8216	18
8217	6
8218	10
8219	4
8220	4
8222	2
8223	14
8224	4
8225	4
8226	6
8227	6
8228	6
8229	8
8230	6
8231	6
8233	12
8234	2
8235	6
8236	14
8237	6
8238	6
8239	8
8240	6
8241	4
8243	4
8244	6
8245	12
8246	12
8247	12
8248	8
8249	10
8250	4
8251	12
8252	4
8253	12
8254	8
8255	8
8256	10
8257	2
8258	6
8259	6
8260	4
8261	2732
8262	1124
8263	14
8264	4
8265	2738
8266	1126
8267	2
8268	12
8269	2
8270	2
8271	12
8272	8
8273	6
8274	6
8275	2
8276	8
8277	8
8279	8
8280	8
8281	4
8282	4
8283	8
8284	6
8285	10
8286	2
8287	2
8288	8
8289	10
8291	6
8292	10
8293	2
8294	2
8295	2
8296	10
8297	4
8298	10
8299	8
8300	10
8301	6
8302	4
8303	6
8304	6
8305	6
8306	10
8307	4
8308	4
8309	10
8310	6
8311	16
8312	4
8313	4
8314	4
8315	22
8316	2
8317	4
8318	4
8319	10
8320	4
8321	4
8322	8
8324	10
8325	8
8326	2
8327	6
8328	6
8329	14
8330	4
8331	2732
8332	1118
8333	8
8334	14
8335	16
8336	6
8337	10
8338	8
8339	2
8340	10
8341	10
8342	8
8343	8
8344	8
8345	8
8346	6
8347	6
8348	2740
8349	1116
8350	4
8351	4
8352	4
8353	2
8354	6
8355	8
8356	10
8357	2
8358	4
8359	16
8360	2
8361	8
8362	16
8363	8
8364	8
8365	8
8366	6
8367	10
8368	6
8369	10
8370	10
8371	4
8372	6
8373	4
8374	12
8375	16
8376	10
8377	6
8378	2
8379	2
8380	2
8381	10
8382	10
8383	10
8384	4
8385	8
8387	12
8388	6
8389	4
8390	10
8391	8
8392	2
8393	14
8394	2736
8395	1124
8396	2
8397	2
8398	2
8399	6
8400	4
8401	6
8402	12
8403	4
8404	10
8405	6
8406	6
8407	12
8408	10
8409	2
8410	2
8411	10
8412	6
8413	2
8414	4
8415	4
8416	4
8417	4
8418	6
8420	8
8421	12
8422	2740
8423	1118
8424	8
8425	10
8426	2
8427	6
8428	2
8429	10
8430	8
8431	4
8432	6
8433	6
8434	6
8435	8
8436	4
8437	2
8438	2
8439	6
8440	2736
8441	1126
8442	6
8443	14
8444	4
8445	8
8446	12
8447	14
8448	8
8449	12
8450	2
8451	6
8452	2
8453	2
8454	4
8455	6
8456	4
8457	6
8458	10
8459	12
8460	4
8461	8
8462	2
8463	10
8464	2
8465	6
8466	4
8467	4
8468	2740
8469	1120
8470	8
8471	6
8472	6
8473	4
8474	6
8475	6
8476	10
8477	6
8478	4
8479	8
8480	4
8481	6
8482	8
8483	2
8484	12
8485	6
8486	14
8487	4
8488	4
8489	12
8490	10
8491	10
8493	8
8495	4
8496	4
8497	4
8498	2732
8499	1120
8500	2
8502	4
8503	8
8504	4
8505	8
8506	4
8507	4
8508	8
8509	4
8510	6
8511	4
8512	8
8513	6
8514	6
8515	2
8516	8
8517	4
8518	6
8519	4
8520	10
8521	4
8522	12
8523	10
8524	6
8525	10
8526	4
8527	2
8528	2732
8529	1122
8530	12
8531	8
8532	8
8533	4
8534	2
8535	4
8536	2
8537	4
8538	4
8539	4
8540	12
8541	4
8542	12
8543	8
8544	12
8545	4
8546	2
8547	10
8548	4
8549	10
8550	2
8551	2
8552	6
8553	4
8554	12
8555	6
8556	8
8557	2
8558	10
8559	2
8560	4
8561	8
8562	6
8563	4
8564	6
8565	4
8566	10
8567	6
8568	8
8569	4
8570	10
8571	8
8572	10
8573	4
8574	8
8575	2
8576	8
8577	14
8578	8
8579	8
8580	8
8581	8
8582	12
8583	2
8584	6
8585	4
8586	2
8587	6
8588	4
8590	8
8591	8
8592	2
8593	8
8594	4
8595	4
8596	6
8597	6
8598	8
8599	4
8600	6
8601	6
8602	12
8603	4
8604	6
8605	4
8606	4
8607	6
8609	12
8610	2
8611	6
8612	6
8613	6
8614	6
8615	2
8616	8
8617	6
8618	12
8619	6
8620	4
8621	14
8622	8
8623	6
8624	4
8625	8
8626	4
8627	4
8628	4
8629	2
8630	4
8631	2
8632	6
8633	6
8634	14
8635	2
8636	10
8637	6
8638	6
8639	4
8641	2
8643	2
8644	8
8645	6
8646	6
8647	2
8648	14
8649	2
8650	8
8651	4
8652	8
8654	10
8656	2736
8657	1116
8658	4
8659	4
8660	2
8661	2
8662	4
8663	4
8664	8
8665	6
8666	14
8667	10
8668	6
8669	2
8670	6
8671	4
8672	10
8673	4
8674	2
8675	2
8677	4
8678	6
8679	4
8680	8
8681	8
8682	2736
8683	1118
8684	6
8685	10
8686	2738
8687	1114
8688	4
8689	4
8690	4
8691	8
8692	2
8693	8
8694	4
8695	6
8696	14
8697	2
8698	8
8699	6
8700	6
8701	10
8702	4
8703	8
8704	10
8705	2734
8706	1120
8707	2
8708	12
8709	6
8710	14
8711	14
8712	12
8713	8
8714	4
8715	4
8716	2
8717	12
8718	10
8719	4
8720	4
8722	4
8723	2
8724	4
8725	6
8727	8
8728	2
8729	8
8730	16
8731	10
8732	2
8733	8
8734	8
8735	4
8736	10
8737	2
8738	2
8739	4
8740	6
8741	6
8742	2732
8743	1116
8744	8
8745	6
8746	2
8747	4
8748	4
8749	6
8750	2
8751	10
8753	8
8754	4
8755	4
8756	2
8757	4
8759	6
8760	2
8761	4
8762	6
8763	4
8764	2
8765	8
8767	2
8768	6
8769	10
8770	8
8771	2
8772	4
8773	2
8774	2
8775	2
8776	6
8777	6
8778	12
8779	4
8780	6
8781	4
8782	4
8783	2
8784	2
8785	4
8786	2
8787	2732
8788	1120
8789	12
8790	10
8791	12
8792	6
8793	2
8794	6
8795	6
8796	6
8797	4
8798	2734
8799	1118
8800	2
8801	2
8802	2
8804	6
8805	2
8806	6
8808	2
8809	10
8810	10
8811	8
8814	10
8815	6
8816	12
8817	6
8818	12
8819	4
8820	2
8821	2
8822	4
8823	8
8824	2
8825	2
8826	6
8827	6
8828	4
8829	4
8830	4
8831	6
8832	6
8835	4
8836	4
8837	4
8838	2
8839	4
8840	2
8841	2
8842	6
8843	2
8844	4
8845	6
8846	4
8847	4
8848	2
8849	2
8850	8
8851	4
8852	4
8853	4
8854	4
8855	4
8856	2
8857	8
8858	4
8859	6
8860	4
8861	4
8862	2
8863	8
8864	6
8865	6
8867	6
8868	8
8869	4
8870	2
8871	6
8873	2
8874	6
8875	10
8876	6
8877	8
8878	6
8880	8
8881	4
8882	6
8883	4
8884	2734
8885	1118
8886	2
8887	4
8888	6
8889	8
8890	2
8891	10
8892	8
8893	2
8895	6
8896	2736
8897	1118
8898	2
8899	2
8900	4
8901	8
8902	4
8903	6
8904	16
8905	4
8906	4
8907	6
8908	2
8909	6
8910	14
8911	10
8913	2
8914	2
8916	4
8917	6
8918	6
8919	4
8920	2
8921	2
8922	2
8923	8
8924	4
8925	8
8926	4
8927	8
8928	6
8929	4
8930	10
8932	6
8933	2
8934	6
8935	2
8936	4
8937	4
8938	10
8939	4
8940	4
8941	2
8942	4
8943	8
8944	4
8945	6
8946	2
8947	4
8948	4
8949	6
8950	2
8952	4
8953	4
8954	2
8955	4
8956	4
8957	4
8958	10
8959	4
8960	2
8961	2
8962	6
8963	4
8964	6
8965	6
8967	6
8968	6
8970	2
8971	6
8972	6
8973	4
8974	10
8975	4
8976	6
8977	12
8979	8
8981	2
8982	2
8983	8
8984	2
8985	6
8986	6
8987	4
8988	4
8989	6
8990	4
8991	4
8992	6
8993	8
8994	2
8995	6
8996	4
8997	4
8998	10
8999	8
9000	10
9001	2
9002	10
9003	2
9004	2
9005	6
9006	10
9007	4
9008	8
9009	2
9010	6
9011	4
9012	2
9013	8
9014	12
9015	10
9016	2
9018	4
9019	2
9021	6
9022	4
9023	2
9024	4
9025	6
9028	8
9029	6
9030	4
9031	6
9032	2
9033	4
9034	8
9035	4
9036	8
9037	4
9038	2
9040	8
9042	4
9043	8
9044	4
9045	4
9046	2
9047	4
9048	4
9049	6
9050	8
9051	8
9052	6
9053	6
9054	2
9055	10
9056	2
9057	2734
9058	1118
9059	4
9060	10
9061	2
9062	4
9063	4
9064	2
9065	6
9066	6
9067	2
9068	6
9069	2
9070	6
9071	2736
9072	1114
9073	4
9075	4
9076	2
9077	2
9078	6
9079	2
9080	2
9081	8
9082	6
9084	4
9085	10
9086	2
9087	6
9088	8
9089	10
9090	4
9091	2734
9092	1118
9093	6
9094	6
9095	4
9096	6
9097	4
9098	2
9099	6
9100	4
9101	6
9102	4
9104	6
9105	6
9107	10
9108	2
9109	2
9110	2
9111	2
9112	2
9113	2
9114	8
9115	8
9116	4
9118	2
9119	2
9120	8
9121	2
9122	4
9123	4
9124	4
9125	4
9128	4
9129	10
9130	4
9131	2
9132	2
9133	6
9134	4
9135	2
9136	10
9137	8
9138	2
9139	6
9141	4
9142	2
9144	4
9145	4
9147	6
9149	2
9150	4
9151	6
9152	10
9154	10
9155	8
9157	6
9158	2
9159	8
9161	2
9163	2
9164	6
9165	10
9166	4
9167	4
9168	8
9169	4
9171	2
9172	8
9173	2
9174	2
9176	6
9177	2
9178	6
9179	6
9180	4
9181	4
9182	4
9184	6
9185	2734
9186	1126
9187	6
9188	6
9189	2
9192	10
9194	6
9195	2
9196	2
9199	2730
9200	1114
9202	2
9203	8
9206	2
9207	6
9208	2
9210	2
9211	4
9212	6
9213	6
9214	8
9215	2
9216	4
9217	2
9218	2
9219	4
9220	8
9221	2
9222	2
9223	10
9224	2
9225	2
9226	6
9227	8
9229	4
9230	2
9231	2
9232	8
9233	10
9234	6
9235	2
9236	6
9237	4
9238	8
9239	4
9242	2
9243	6
9244	2
9245	8
9246	4
9247	4
9248	4
9250	8
9251	4
9252	6
9253	2
9258	2
9259	2
9260	6
9261	2
9262	6
9263	2
9264	6
9266	4
9267	10
9268	4
9269	4
9270	2
9272	6
9273	4
9274	2
9275	4
9276	12
9277	6
9278	6
9279	2
9280	2738
9281	1116
9282	2
9283	8
9284	4
9285	10
9286	2
9287	2
9289	4
9290	4
9291	2
9293	4
9295	4
9296	2
9297	2
9298	8
9299	8
9300	8
9301	2
9302	2
9303	2
9304	2
9305	2730
9306	1120
9308	4
9309	4
9310	4
9311	4
9312	4
9313	4
9314	4
9315	6
9316	4
9318	4
9319	2
9320	4
9321	2
9322	4
9323	6
9324	8
9325	8
9326	4
9327	2
9328	4
9329	10
9330	6
9331	4
9332	6
9333	4
9334	4
9335	2
9336	10
9337	2
9338	6
9340	4
9341	4
9342	8
9343	4
9344	6
9345	4
9346	2
9347	10
9348	2
9349	2
9350	4
9351	2
9353	6
9354	4
9355	2
9356	8
9358	4
9359	6
9360	14
9361	4
9362	14
9363	6
9365	6
9367	2
9368	2
9369	2732
9370	1118
9371	4
9372	8
9376	4
9377	2
9379	4
9380	6
9381	2
9382	2
9383	2
9384	2
9386	4
9388	2
9389	10
9391	6
9392	4
9393	4
9394	6
9395	2
9396	6
9397	6
9398	10
9399	2
9400	2
9401	2
9402	2
9403	2
9404	2
9405	4
9406	6
9408	2
9409	2
9410	2
9411	2
9412	6
9413	2
9414	2
9416	2732
9417	1114
9418	2
9419	2738
9420	1114
9421	4
9423	4
9424	4
9425	8
9426	6
9427	6
9428	2
9429	4
9430	8
9431	8
9432	4
9433	2
9434	2
9435	4
9436	2
9437	2
9438	6
9439	6
9440	6
9441	2
9442	6
9443	8
9444	2
9445	8
9446	6
9447	4
9448	2
9449	2
9450	4
9452	2
9453	4
9456	10
9457	4
9460	4
9461	4
9464	4
9465	6
9467	4
9468	2
9470	4
9472	2
9473	2
9475	8
9478	8
9479	2
9480	6
9482	6
9483	2
9484	4
9485	4
9486	2
9487	2
9488	4
9489	4
9490	6
9493	6
9494	4
9496	4
9497	4
9498	6
9500	4
9501	6
9502	2
9503	4
9504	2732
9505	1116
9506	4
9507	4
9508	4
9509	4
9510	4
9511	6
9512	4
9513	4
9514	6
9516	2
9517	4
9518	4
9519	2
9520	4
9521	2
9522	6
9523	6
9525	2732
9526	1120
9528	4
9529	8
9530	6
9531	2
9532	2
9533	6
9535	8
9536	4
9537	2
9538	8
9539	8
9540	10
9542	4
9544	4
9545	2
9546	4
9547	6
9548	4
9549	8
9552	4
9553	2
9554	4
9555	6
9557	6
9558	2
9559	2
9560	2
9561	2
9562	8
9563	2
9564	2
9565	4
9566	6
9567	4
9568	6
9569	4
9570	2
9571	4
9572	4
9573	2
9574	4
9575	8
9576	2
9577	2
9578	4
9579	2
9580	4
9582	4
9583	2
9584	4
9585	2
9586	4
9588	4
9589	4
9592	2
9593	6
9596	2
9597	2
9598	2
9599	2
9600	4
9602	2
9603	2
9604	2
9605	6
9606	2
9607	6
9608	2
9609	8
9611	4
9612	2
9613	4
9614	2
9615	4
9616	2
9618	2
9619	4
9620	8
9621	2
9622	6
9623	2
9624	2
9625	6
9626	4
9627	2
9629	2
9630	2
9631	2
9632	6
9633	2
9634	6
9635	4
9637	4
9638	4
9639	4
9640	10
9641	2
9642	4
9643	2
9644	2
9647	2
9648	2
9649	2
9651	6
9652	4
9653	2
9654	2
9655	2
9656	4
9658	6
9659	4
9662	2
9665	4
9666	2
9667	2
9668	4
9669	2
9670	4
9671	4
9672	4
9673	4
9674	4
9675	2
9676	4
9678	2
9679	2
9680	6
9681	2
9682	2
9685	6
9686	6
9687	4
9688	6
9689	4
9690	2
9691	2
9693	4
9694	10
9696	8
9697	2
9700	2
9701	2730
9702	1118
9703	2
9704	6
9705	4
9706	6
9707	6
9708	2
9711	2
9712	6
9713	2
9714	4
9715	2
9716	6
9717	2
9718	4
9719	2
9720	2
9721	4
9722	4
9723	4
9724	2
9726	2
9730	2
9732	8
9733	4
9735	2
9737	4
9738	2
9740	2
9741	6
9743	4
9744	2
9745	2
9747	6
9748	4
9749	4
9751	4
9752	4
9753	2
9754	4
9755	2
9757	2
9758	4
9759	2
9761	2
9763	4
9764	6
9765	2732
9766	1118
9767	4
9768	2
9769	2
9770	2
9772	2
9773	6
9774	4
9775	6
9779	4
9780	4
9781	4
9782	2
9783	2
9784	2
9786	2
9788	2
9789	6
9791	6
9793	4
9794	4
9795	4
9796	2
9797	6
9798	6
9800	4
9801	6
9802	2
9803	2
9804	6
9805	2
9806	2
9807	4
9808	2
9809	6
9811	6
9813	2
9814	2
9815	4
9816	8
9817	4
9818	8
9819	2
9820	4
9821	2
9822	2
9823	2
9824	4
9826	2
9827	4
9829	2
9830	2
9831	2
9832	4
9833	4
9835	6
9836	4
9837	4
9838	6
9839	6
9840	2
9843	2
9844	6
9845	4
9846	4
9847	2
9848	4
9850	4
9851	2730
9852	1116
9853	2
9854	6
9858	6
9859	10
9860	4
9861	2
9863	6
9864	6
9866	2
9867	4
9869	2
9870	2
9871	4
9873	4
9877	2
9878	4
9879	2
9880	2740
9881	1118
9882	2
9883	2
9885	4
9886	2
9887	2734
9888	1114
9889	2
9890	4
9892	4
9893	8
9894	6
9896	6
9897	2
9898	2
9899	6
9901	4
9903	2
9904	4
9905	2
9906	2
9909	2
9910	2
9911	6
9912	2
9914	2
9915	4
9918	2
9919	2
9922	2
9924	2
9928	4
9929	6
9934	2
9935	2
9936	4
9937	2
9939	4
9941	6
9943	4
9944	4
9945	4
9946	2
9948	2
9950	2
9951	2
9953	2
9955	2
9956	6
9957	2
9959	10
9960	2
9965	2
9967	4
9969	2
9971	2
9972	6
9973	2
9974	2
9975	2
9976	4
9978	4
9981	6
9982	4
9983	4
9984	2
9986	2
9987	2
9988	2
9990	2
9991	4
9992	6
9995	6
9998	2
9999	4
10001	6
10002	4
10004	2
10006	6
10008	2
10009	8
10010	6
10011	2
10012	2
10013	2
10014	4
10016	4
10017	6
10018	2
10021	2
10022	4
10024	2
10025	4
10026	2
10028	4
10029	2732
10030	1114
10032	2
10035	2
10036	2
10038	6
10040	2
10041	4
10042	2
10044	8
10045	2
10046	4
10047	2
10049	4
10051	2
10052	4
10053	2
10055	6
10056	4
10057	6
10058	4
10059	2
10060	4
10061	2
10062	4
10063	2
10064	6
10068	4
10071	2
10072	6
10075	4
10076	4
10077	2
10078	2
10079	4
10080	6
10081	2
10082	8
10083	2
10084	2
10088	4
10089	4
10090	2
10091	2
10093	4
10094	4
10097	2
10098	2
10099	2
10104	4
10106	8
10109	4
10111	2
10116	2
10117	2
10118	2
10119	2
10120	6
10121	2
10122	2
10124	2
10127	4
10129	2
10131	2
10133	2
10135	6
10136	8
10137	2
10138	2
10140	6
10141	2
10142	2
10145	2
10148	2
10151	2
10152	4
10154	2
10156	2
10158	8
10159	4
10161	4
10164	2
10168	6
10170	2
10172	6
10174	4
10175	2
10177	6
10180	4
10181	2
10182	2
10183	2
10184	2
10185	2
10186	2
10187	2
10188	2
10189	2
10190	6
10191	6
10192	2
10193	4
10194	4
10196	4
10200	4
10201	4
10204	2
10207	2
10208	2
10209	2
10211	2
10214	4
10215	2
10216	2
10219	4
10220	2
10221	2732
10222	1114
10224	2
10227	4
10228	4
10229	4
10230	4
10231	2
10232	2
10233	2
10234	4
10235	2
10237	2
10238	8
10239	8
10240	2
10241	4
10242	6
10245	4
10247	2
10248	2
10249	4
10252	2
10253	2
10254	2
10255	6
10256	2
10257	8
10259	2
10262	6
10264	10
10265	2
10267	2
10268	8
10269	2
10270	4
10271	2
10273	4
10274	4
10275	2
10276	4
10277	6
10281	4
10282	4
10283	2
10286	8
10287	4
10288	2
10289	2
10291	2
10292	4
10293	4
10294	2
10295	2
10296	2
10297	4
10298	2
10301	2
10302	4
10304	8
10305	2
10306	2
10309	2
10312	2
10313	2
10314	4
10315	2
10316	2
10317	4
10318	6
10319	6
10320	2
10321	2
10322	6
10324	2734
10325	1114
10326	2
10327	2
10328	2
10329	2
10330	2
10333	2
10334	6
10336	2
10337	2
10340	6
10343	2
10344	4
10345	2
10346	4
10347	4
10348	2
10349	2
10351	2
10352	2
10353	2
10354	2
10355	2
10357	2
10358	6
10360	4
10362	2
10364	2
10366	6
10369	2
10371	4
10372	2
10377	6
10379	2
10380	2
10381	4
10382	2
10384	6
10385	4
10388	4
10391	2
10394	2
10395	4
10397	2
10398	6
10399	4
10400	4
10402	2
10403	2
10404	4
10405	4
10406	2
10409	2
10412	2
10413	2
10414	2
10416	4
10418	4
10420	2
10421	2
10423	2
10425	2
10426	2
10427	2
10428	4
10429	2
10430	2
10431	2
10432	4
10433	4
10434	10
10435	4
10436	4
10437	2
10441	2
10443	2
10444	2
10446	2
10447	2
10450	6
10451	2
10452	4
10453	4
10455	2
10456	2
10458	4
10461	2
10462	2
10464	2
10466	2
10467	2
10468	6
10469	2
10470	8
10471	2
10474	2
10476	2
10479	4
10482	6
10484	8
10486	2
10488	2
10489	2
10490	4
10491	2
10493	2
10494	4
10495	2
10496	8
10497	4
10498	2
10499	2
10500	4
10501	2
10502	2
10503	4
10506	4
10507	2
10509	6
10510	6
10511	2
10513	2
10514	4
10515	4
10516	2
10517	4
10518	4
10519	2
10523	6
10524	2
10526	8
10527	4
10528	2
10529	2
10530	10
10532	4
10533	6
10535	4
10536	2
10537	4
10538	4
10540	4
10542	2
10543	4
10544	6
10545	4
10546	4
10548	4
10549	2
10551	2
10552	4
10554	2
10555	4
10557	2
10559	2
10560	2
10561	2
10562	4
10564	2
10565	4
10567	2
10568	2
10570	2
10571	2
10573	2
10575	4
10576	2
10578	2
10580	4
10585	2
10587	4
10588	2
10589	4
10590	4
10591	6
10593	6
10595	2730
10596	1116
10597	2
10598	2
10602	2
10603	2
10606	4
10608	4
10609	2732
10610	1116
10611	2
10613	2
10614	4
10615	4
10617	2
10618	2
10622	2
10623	2
10625	4
10628	6
10632	4
10633	2
10638	2
10639	2
10641	2
10642	2
10644	4
10645	2
10647	4
10648	2
10655	2
10656	2
10657	2
10660	2
10662	4
10663	2
10666	4
10667	6
10669	4
10672	2
10673	4
10674	4
10675	2
10676	4
10677	2
10680	2
10681	2
10685	2
10686	2
10687	2
10689	4
10690	4
10692	4
10693	4
10694	2
10695	6
10698	2
10701	2
10703	6
10705	2
10706	2
10707	2
10710	6
10711	2
10713	2
10714	2
10715	2
10716	4
10717	2
10720	2
10721	4
10722	6
10723	4
10725	2
10729	4
10734	6
10736	6
10739	2
10740	6
10743	2
10745	2
10748	4
10751	10
10752	2
10753	2
10754	2
10755	2
10758	2
10761	4
10763	4
10764	2
10765	2
10768	2
10769	2
10770	8
10771	2
10772	2
10773	2
10775	2
10776	2
10779	2
10780	2
10781	2
10785	2
10786	2
10787	2
10788	8
10792	2
10793	2
10794	2
10795	2
10798	2
10799	4
10801	2
10802	8
10804	2
10805	2
10806	4
10807	2
10808	2732
10809	1116
10813	4
10816	2
10817	2
10819	2
10820	2
10821	2
10822	2
10826	2
10827	2
10830	2
10832	8
10833	2
10835	2
10836	4
10840	2
10846	4
10847	2
10848	2
10849	2
10850	6
10852	2
10853	6
10854	2
10855	2730
10856	1116
10858	2
10859	2
10860	2
10861	2
10866	4
10867	2
10868	4
10869	2
10872	2
10873	2732
10874	1114
10880	2
10881	2
10883	2
10884	4
10885	2
10887	6
10890	2
10891	2
10893	2
10894	2
10895	2
10898	4
10899	6
10900	4
10901	2
10903	2
10907	2
10910	2
10912	2
10913	4
10916	4
10922	2
10925	2
10926	4
10928	2
10929	2
10930	2
10932	2
10933	4
10937	2
10938	2
10939	4
10941	2
10943	2
10945	4
10946	2
10947	2
10948	2
10950	4
10954	2
10960	2
10963	2
10964	6
10965	2
10967	2
10968	2
10973	4
10976	2
10978	2
10980	2
10981	2
10982	2
10983	2
10985	2732
10986	1116
10988	2
10996	2
10999	2
11000	2
11003	2
11009	8
11010	2
11013	2
11019	2
11025	6
11026	4
11030	2
11032	2
11033	2730
11034	1114
11039	2
11041	4
11042	2
11045	2
11046	2
11051	2
11054	2
11056	2
11057	2
11058	2
11059	4
11061	2
11062	2
11064	2
11065	4
11080	2
11081	2
11086	2
11087	2
11088	2
11092	2
11096	2
11098	2
11099	2
11100	2
11105	2
11116	2
11120	2
11121	2
11122	4
11124	2
11126	2
11128	6
11131	2
11133	2
11137	2
11138	2
11139	2
11140	2
11141	4
11143	2
11144	2
11145	2
11146	2
11150	2
11155	4
11156	2
11157	2
11162	2
11165	4
11168	2
11173	4
11175	2
11178	6
11182	2
11183	2
11184	2
11188	2
11191	2
11195	2
11197	2
11203	2
11205	4
11209	4
11210	2
11212	2
11218	4
11220	2
11225	2730
11226	1114
11227	2
11228	2
11229	2
11233	2
11235	10
11236	2
11243	2
11248	2
11250	2
11252	2
11256	2
11261	2
11264	2
11269	4
11274	2
11275	2
11287	4
11301	4
11304	2
11305	6
11307	2
11314	2
11319	2
11321	2730
11322	1114
11323	2
11325	2
11329	2
11337	2
11341	4
11342	2
11348	2
11353	4
11357	4
11364	2
11365	2
11367	8
11377	2
11381	2
11382	2
11383	2
11384	4
11385	2
11386	2
11387	2
11388	4
11396	2
11401	2
11402	4
11406	2
11412	2
11419	2
11422	2
11423	2
11428	2
11433	2
11436	2
11442	2
11443	2
11444	2
11449	2
11451	4
11455	4
11459	2
11462	2
11464	4
11480	4
11484	2
11485	2
11489	2
11496	2
11499	2
11503	2
11506	2
11511	2
11515	2
11516	2
11518	2
11524	2
11530	2
11531	2
11533	2
11534	2
11538	2
11541	2
11543	2
11544	2
11551	2
11558	4
11559	2
11567	2
11571	2
11574	2
11576	2
11579	2
11581	4
11585	2
11591	4
11592	2
11593	2
11594	2
11598	2
11607	2
11610	2
11615	2
11616	2
11628	4
11630	4
11632	2
11637	2
11638	2
11639	2
11640	2
11646	2
11652	2
11655	2
11656	2
11660	2
11663	2
11664	6
11666	2
11667	2
11673	2
11677	4
11681	2
11688	2
11690	8
11696	2
11700	2
11704	2
11705	2
11710	2
11714	2
11717	8
11723	4
11724	2734
11725	1114
11732	2
11733	2
11742	2
11747	2
11754	2
11756	2
11759	2
11762	2
11763	2
11764	2
11770	2
11771	2
11774	4
11777	2
11787	2
11790	2
11796	2
11799	2
11801	2
11803	2
11808	2
11809	2
11810	2
11812	2
11822	2
11828	2
11836	2
11838	2
11839	2
11841	2
11849	2
11856	2730
11857	1116
11861	2
11864	2
11867	2
11873	2
11874	2
11890	2
11897	2
11899	2
11904	2
11914	2
11917	2
11939	2
11951	2
11979	2
11986	6
11996	2
12008	2
12009	2
12013	2
12014	2
12040	2
12046	2
12048	2
12059	2
12067	2
12074	2
12082	2
12085	2
12087	2
12093	2
12094	2
12099	2
12110	2
12119	2
12122	2
12132	2
12159	2
12169	2
12172	2
12179	2730
12180	1114
12206	2
12217	2
12241	2
12245	2
12248	2
12249	2
12251	2
12252	4
12286	2
12287	2
12292	2
12307	2
12315	2
12328	4
12344	2
12370	2
12407	2
12415	2
12435	2
12443	2
12456	2
12462	2
12474	2
12492	4
12494	2
12510	2
12516	2
12524	2
12528	4
12552	2
12554	6
12569	2
12588	2
12606	2
12620	2
12623	2
12638	2
12667	2
12672	2
12676	2
12686	2
12702	2
12703	2
12705	2
12721	2
12725	2
12731	2
12761	2
12763	2
12768	2
12778	2
12781	2
12803	2
12843	2
12850	2
12860	2
12877	2
12904	2
12910	2
12949	2
12951	2
12957	2
12958	2
12974	2
12983	2
12986	2
12996	2
13023	2
13036	2
13043	2730
13044	1114
