0	0.95545
1	0.195756
2	0.973162
3	0.973162
4	0.973162
5	0.973162
6	0.973162
7	0.973162
8	0.973162
9	0.973162
10	0.973162
11	0.973162
12	0.501753
13	0.92294
14	0.961873
15	0.969764
16	0.966796
17	0.9658
18	0.967693
19	0.969438
20	0.972536
21	0.977918
22	0.980813
23	0.98214
24	0.958317
25	0.184788
26	0.973162
27	0.973162
28	0.973162
29	0.973162
30	0.973162
31	0.973162
32	0.973162
33	0.973162
34	0.973162
35	0.973162
36	0.478953
37	0.949924
38	0.976459
39	0.980575
40	0.97658
41	0.974134
42	0.972967
43	0.97358
44	0.975329
45	0.978872
46	0.981476
47	0.982473
48	0.965378
49	0.175601
50	0.973162
51	0.973162
52	0.973162
53	0.973162
54	0.973162
55	0.973162
56	0.973162
57	0.973162
58	0.973162
59	0.973162
60	0.50588
61	0.938022
62	0.968908
63	0.971589
64	0.969136
65	0.969175
66	0.972304
67	0.974346
68	0.977155
69	0.980692
70	0.983274
71	0.984764
72	0.961749
73	0.170497
74	0.973162
75	0.973162
76	0.973162
77	0.973162
78	0.973162
79	0.973162
80	0.973162
81	0.973162
82	0.973162
83	0.973162
84	0.496028
85	0.913028
86	0.954058
87	0.962583
88	0.959865
89	0.95995
90	0.962066
91	0.96411
92	0.967272
93	0.971773
94	0.975357
95	0.976363
96	0.95039
97	0.170465
98	0.973162
99	0.973162
100	0.973162
101	0.973162
102	0.973162
103	0.973162
104	0.973162
105	0.973162
106	0.973162
107	0.973162
108	0.459733
109	0.939486
110	0.965919
111	0.971896
112	0.968457
113	0.967654
114	0.967283
115	0.968417
116	0.970524
117	0.973986
118	0.976416
119	0.977071
120	0.951545
121	0.226955
122	0.973162
123	0.973162
124	0.973162
125	0.973162
126	0.973162
127	0.973162
128	0.973162
129	0.973162
130	0.973162
131	0.973162
132	0.514447
133	0.948241
134	0.971929
135	0.974196
136	0.970664
137	0.968928
138	0.968245
139	0.968329
140	0.970001
141	0.973682
142	0.97675
143	0.977871
144	0.958927
145	0.477435
146	0.973162
147	0.973162
148	0.973162
149	0.973162
150	0.973162
151	0.973162
152	0.973162
153	0.973162
154	0.973162
155	0.973162
156	0.443545
157	0.95734
158	0.975279
159	0.97465
160	0.969735
161	0.967106
162	0.966223
163	0.967986
164	0.970527
165	0.975389
166	0.97796
167	0.979582
168	0.96685
169	0.590342
170	0.973162
171	0.973162
172	0.973162
173	0.973162
174	0.973162
175	0.973162
176	0.973162
177	0.973162
178	0.973162
179	0.973162
180	0.480172
181	0.929246
182	0.958238
183	0.964725
184	0.965497
185	0.968163
186	0.974045
187	0.976013
188	0.978036
189	0.979578
190	0.980788
191	0.980623
192	0.959764
193	0.725743
194	0.973162
195	0.973162
196	0.973162
197	0.973162
198	0.973162
199	0.973162
200	0.973162
201	0.973162
202	0.973162
203	0.973162
204	0.478109
205	0.93883
206	0.96889
207	0.976886
208	0.974752
209	0.974356
210	0.973049
211	0.973173
212	0.974036
213	0.976154
214	0.978606
215	0.979099
216	0.960453
217	0.731234
218	0.973162
219	0.973162
220	0.973162
221	0.973162
222	0.973162
223	0.973162
224	0.973162
225	0.973162
226	0.973162
227	0.973162
228	0.50417
229	0.95202
230	0.972039
231	0.975241
232	0.970226
233	0.967713
234	0.966928
235	0.966991
236	0.968335
237	0.972031
238	0.973955
239	0.974672
240	0.954334
241	0.788625
242	0.973162
243	0.973162
244	0.973162
245	0.973162
246	0.973162
247	0.973162
248	0.973162
249	0.973162
250	0.973162
251	0.973162
252	0.480799
253	0.912992
254	0.950197
255	0.954773
256	0.955483
257	0.959416
258	0.965497
259	0.969068
260	0.97183
261	0.973201
262	0.974606
263	0.975043
264	0.94808
265	0.80701
266	0.973162
267	0.973162
268	0.973162
269	0.973162
270	0.973162
271	0.973162
272	0.973162
273	0.973162
274	0.973162
275	0.973162
276	0.471011
277	0.856115
278	0.918387
279	0.957271
280	0.961092
281	0.964787
282	0.968426
283	0.970025
284	0.971638
285	0.97355
286	0.975426
287	0.977127
288	0.951727
289	0.836319
290	0.973162
291	0.973162
292	0.973162
293	0.973162
294	0.973162
295	0.973162
296	0.973162
297	0.973162
298	0.973162
299	0.973162
300	0.487351
301	0.918633
302	0.961937
303	0.971203
304	0.967243
305	0.965764
306	0.965691
307	0.966355
308	0.968237
309	0.971628
310	0.974833
311	0.977474
312	0.954109
313	0.850501
314	0.973162
315	0.973162
316	0.973162
317	0.973162
318	0.973162
319	0.973162
320	0.973162
321	0.973162
322	0.973162
323	0.973162
324	0.48322
325	0.952853
326	0.972493
327	0.97467
328	0.969663
329	0.966773
330	0.967009
331	0.968164
332	0.970697
333	0.974799
334	0.97861
335	0.981211
336	0.960014
337	0.864496
338	0.973162
339	0.973162
340	0.973162
341	0.973162
342	0.973162
343	0.973162
344	0.973162
345	0.973162
346	0.973162
347	0.973162
348	0.486193
349	0.958614
350	0.975781
351	0.976807
352	0.971407
353	0.968703
354	0.966595
355	0.96799
356	0.970364
357	0.974647
358	0.977671
359	0.979578
360	0.956576
361	0.860521
362	0.973162
363	0.973162
364	0.973162
365	0.973162
366	0.973162
367	0.973162
368	0.973162
369	0.973162
370	0.973162
371	0.973162
372	0.496929
373	0.944063
374	0.965372
375	0.966185
376	0.96305
377	0.962521
378	0.963931
379	0.966015
380	0.9686
381	0.97386
382	0.976414
383	0.9777
384	0.959923
385	0.864421
386	0.973162
387	0.973162
388	0.973162
389	0.973162
390	0.973162
391	0.973162
392	0.973162
393	0.973162
394	0.973162
395	0.973162
396	0.474542
397	0.926473
398	0.964762
399	0.977024
400	0.972469
401	0.971016
402	0.971707
403	0.972187
404	0.973324
405	0.974794
406	0.976696
407	0.978137
408	0.957297
409	0.878407
410	0.973162
411	0.973162
412	0.973162
413	0.973162
414	0.973162
415	0.973162
416	0.973162
417	0.973162
418	0.973162
419	0.973162
420	0.489615
421	0.945757
422	0.968383
423	0.971407
424	0.967
425	0.965217
426	0.964892
427	0.965603
428	0.967724
429	0.971779
430	0.975239
431	0.977599
432	0.951091
433	0.851905
434	0.973162
435	0.973162
436	0.973162
437	0.973162
438	0.973162
439	0.973162
440	0.973162
441	0.973162
442	0.973162
443	0.973162
444	0.503625
445	0.945656
446	0.969549
447	0.973698
448	0.969657
449	0.968076
450	0.966798
451	0.967694
452	0.969636
453	0.972552
454	0.975662
455	0.978237
456	0.959528
457	0.891332
458	0.973162
459	0.973162
460	0.973162
461	0.973162
462	0.973162
463	0.973162
464	0.973162
465	0.973162
466	0.973162
467	0.973162
468	0.494713
469	0.960404
470	0.976659
471	0.977863
472	0.974197
473	0.97297
474	0.970045
475	0.970349
476	0.971451
477	0.971221
478	0.973684
479	0.975217
480	0.956077
481	0.902565
482	0.973162
483	0.973162
484	0.973162
485	0.973162
486	0.973162
487	0.973162
488	0.973162
489	0.973162
490	0.973162
491	0.973162
492	0.506432
493	0.96224
494	0.974428
495	0.974949
496	0.968441
497	0.96599
498	0.966293
499	0.967656
500	0.969586
501	0.972815
502	0.975475
503	0.977802
504	0.958161
505	0.89168
506	0.973162
507	0.973162
508	0.973162
509	0.973162
510	0.973162
511	0.973162
512	0.973162
513	0.973162
514	0.973162
515	0.973162
516	0.506966
517	0.934026
518	0.962275
519	0.966543
520	0.963569
521	0.963717
522	0.964464
523	0.966257
524	0.96825
525	0.971381
526	0.973824
527	0.975654
528	0.958739
529	0.909958
530	0.973162
531	0.973162
532	0.973162
533	0.973162
534	0.973162
535	0.973162
536	0.973162
537	0.973162
538	0.973162
539	0.973162
540	0.48783
541	0.8964
542	0.946751
543	0.965368
544	0.963011
545	0.964078
546	0.967
547	0.968844
548	0.970856
549	0.973293
550	0.975831
551	0.978354
552	0.961805
553	0.924017
554	0.973162
555	0.973162
556	0.973162
557	0.973162
558	0.973162
559	0.973162
560	0.973162
561	0.973162
562	0.973162
563	0.973162
564	0.453541
565	0.942545
566	0.968273
567	0.973781
568	0.96892
569	0.967428
570	0.967563
571	0.968409
572	0.970168
573	0.97373
574	0.976565
575	0.978826
576	0.961071
577	0.911362
578	0.973162
579	0.973162
580	0.973162
581	0.973162
582	0.973162
583	0.973162
584	0.973162
585	0.973162
586	0.973162
587	0.973162
588	0.483207
589	0.959337
590	0.974018
591	0.976277
592	0.970924
593	0.968625
594	0.967249
595	0.967342
596	0.968681
597	0.972193
598	0.975347
599	0.978329
600	0.961291
601	0.910899
602	0.973162
603	0.973162
604	0.973162
605	0.973162
606	0.973162
607	0.973162
608	0.973162
609	0.973162
610	0.973162
611	0.973162
612	0.516656
613	0.964721
614	0.978323
615	0.978909
616	0.973239
617	0.970012
618	0.968041
619	0.967578
620	0.968607
621	0.973109
622	0.976226
623	0.979044
624	0.963937
625	0.930948
626	0.973162
627	0.973162
628	0.973162
629	0.973162
630	0.973162
631	0.973162
632	0.973162
633	0.973162
634	0.973162
635	0.973162
636	0.508118
637	0.961371
638	0.970724
639	0.971511
640	0.968597
641	0.96869
642	0.96909
643	0.970414
644	0.971787
645	0.973383
646	0.975366
647	0.977052
648	0.961669
649	0.929496
650	0.973162
651	0.973162
652	0.973162
653	0.973162
654	0.973162
655	0.973162
656	0.973162
657	0.973162
658	0.973162
659	0.973162
660	0.520563
661	0.942734
662	0.967373
663	0.975864
664	0.971493
665	0.970631
666	0.970736
667	0.970957
668	0.971869
669	0.973252
670	0.975699
671	0.978262
672	0.964181
673	0.939716
674	0.973162
675	0.973162
676	0.973162
677	0.973162
678	0.973162
679	0.973162
680	0.973162
681	0.973162
682	0.973162
683	0.973162
684	0.514802
685	0.958316
686	0.972981
687	0.974026
688	0.96888
689	0.96816
690	0.969435
691	0.970195
692	0.971413
693	0.973967
694	0.975865
695	0.978484
696	0.965043
697	0.940986
698	0.973162
699	0.973162
700	0.973162
701	0.973162
702	0.973162
703	0.973162
704	0.973162
705	0.973162
706	0.973162
707	0.973162
708	0.529566
709	0.956627
710	0.971013
711	0.971407
712	0.966331
713	0.965185
714	0.964504
715	0.965673
716	0.967794
717	0.971588
718	0.975285
719	0.979546
720	0.969748
721	0.950138
722	0.973162
723	0.973162
724	0.973162
725	0.973162
726	0.973162
727	0.973162
728	0.973162
729	0.973162
730	0.973162
731	0.973162
732	0.702732
733	0.968537
734	0.976533
735	0.977128
736	0.971353
737	0.968848
738	0.968794
739	0.968769
740	0.969811
741	0.973569
742	0.975855
743	0.978923
744	0.962558
745	0.935836
746	0.973162
747	0.973162
748	0.973162
749	0.973162
750	0.973162
751	0.973162
752	0.973162
753	0.973162
754	0.973162
755	0.973162
756	0.599224
757	0.937868
758	0.956708
759	0.958763
760	0.958795
761	0.961838
762	0.964001
763	0.967333
764	0.97082
765	0.973982
766	0.977523
767	0.979801
768	0.967123
769	0.943484
770	0.973162
771	0.973162
772	0.973162
773	0.973162
774	0.973162
775	0.973162
776	0.973162
777	0.973162
778	0.973162
779	0.973162
780	0.608562
781	0.941083
782	0.964303
783	0.967924
784	0.965811
785	0.965275
786	0.963477
787	0.965042
788	0.96762
789	0.9711
790	0.97446
791	0.976923
792	0.966733
793	0.949498
794	0.973162
795	0.973162
796	0.973162
797	0.973162
798	0.973162
799	0.973162
800	0.973162
801	0.973162
802	0.973162
803	0.973162
804	0.739006
805	0.953958
806	0.964804
807	0.965824
808	0.963565
809	0.964749
810	0.967841
811	0.969893
812	0.972213
813	0.976266
814	0.978273
815	0.979473
816	0.967498
817	0.948793
818	0.973162
819	0.973162
820	0.973162
821	0.973162
822	0.973162
823	0.973162
824	0.973162
825	0.973162
826	0.973162
827	0.973162
828	0.819677
829	0.962102
830	0.970865
831	0.972487
832	0.96883
833	0.968955
834	0.970908
835	0.971802
836	0.973156
837	0.973636
838	0.975859
839	0.977222
840	0.966585
841	0.951228
842	0.973162
843	0.973162
844	0.973162
845	0.973162
846	0.973162
847	0.973162
848	0.973162
849	0.973162
850	0.973162
851	0.973162
852	0.642062
853	0.949228
854	0.967896
855	0.969764
856	0.965871
857	0.963679
858	0.961963
859	0.963027
860	0.965534
861	0.970488
862	0.97463
863	0.977829
864	0.968056
865	0.953977
866	0.973162
867	0.973162
868	0.973162
869	0.973162
870	0.973162
871	0.973162
872	0.973162
873	0.973162
874	0.973162
875	0.973162
876	0.808453
877	0.938776
878	0.954637
879	0.954958
880	0.952381
881	0.95457
882	0.958325
883	0.962384
884	0.966875
885	0.971671
886	0.976208
887	0.979841
888	0.972317
889	0.957712
890	0.973162
891	0.973162
892	0.973162
893	0.973162
894	0.973162
895	0.973162
896	0.973162
897	0.973162
898	0.973162
899	0.973162
900	0.866466
901	0.952326
902	0.958709
903	0.960269
904	0.958844
905	0.962386
906	0.967322
907	0.970483
908	0.97362
909	0.975653
910	0.978524
911	0.980908
912	0.972313
913	0.960474
914	0.973162
915	0.973162
916	0.973162
917	0.973162
918	0.973162
919	0.973162
920	0.973162
921	0.973162
922	0.973162
923	0.973162
924	0.8695
925	0.960057
926	0.970841
927	0.97102
928	0.967934
929	0.967299
930	0.966786
931	0.967944
932	0.970028
933	0.972952
934	0.976018
935	0.978515
936	0.969055
937	0.956735
938	0.973162
939	0.973162
940	0.973162
941	0.973162
942	0.973162
943	0.973162
944	0.973162
945	0.973162
946	0.973162
947	0.973162
948	0.899386
949	0.969615
950	0.977081
951	0.976455
952	0.971589
953	0.969609
954	0.967211
955	0.968182
956	0.970031
957	0.971562
958	0.974953
959	0.977941
960	0.969422
961	0.958307
962	0.973162
963	0.973162
964	0.973162
965	0.973162
966	0.973162
967	0.973162
968	0.973162
969	0.973162
970	0.973162
971	0.973162
972	0.853257
973	0.952731
974	0.963437
975	0.959625
976	0.956191
977	0.959016
978	0.961153
979	0.964952
980	0.968908
981	0.971885
982	0.975669
983	0.979027
984	0.972464
985	0.962733
986	0.973162
987	0.973162
988	0.973162
989	0.973162
990	0.973162
991	0.973162
992	0.973162
993	0.973162
994	0.973162
995	0.973162
996	0.916746
997	0.970182
998	0.974989
999	0.972475
1000	0.968664
1001	0.969034
1002	0.969867
1003	0.972224
1004	0.974736
1005	0.97621
1006	0.97849
1007	0.980673
1008	0.973117
1009	0.959753
1010	0.973162
1011	0.973162
1012	0.973162
1013	0.973162
1014	0.973162
1015	0.973162
1016	0.973162
1017	0.973162
1018	0.973162
1019	0.973162
1020	0.933811
1021	0.972154
1022	0.979498
1023	0.980166
1024	0.975624
1025	0.973523
1026	0.969722
1027	0.969803
1028	0.97119
1029	0.972061
1030	0.975185
1031	0.978549
1032	0.969581
1033	0.959462
1034	0.973162
1035	0.973162
1036	0.973162
1037	0.973162
1038	0.973162
1039	0.973162
1040	0.973162
1041	0.973162
1042	0.973162
1043	0.973162
1044	0.928199
1045	0.97167
1046	0.977236
1047	0.976854
1048	0.972291
1049	0.969826
1050	0.967149
1051	0.96822
1052	0.970587
1053	0.972382
1054	0.975812
1055	0.978967
1056	0.973605
1057	0.964844
1058	0.973162
1059	0.973162
1060	0.973162
1061	0.973162
1062	0.973162
1063	0.973162
1064	0.973162
1065	0.973162
1066	0.973162
1067	0.973162
1068	0.925932
1069	0.973519
1070	0.978145
1071	0.975282
1072	0.972178
1073	0.97135
1074	0.969432
1075	0.969913
1076	0.971888
1077	0.973803
1078	0.97758
1079	0.981494
1080	0.972519
1081	0.960099
1082	0.973162
1083	0.973162
1084	0.973162
1085	0.973162
1086	0.973162
1087	0.973162
1088	0.973162
1089	0.973162
1090	0.973162
1091	0.973162
1092	0.933283
1093	0.963445
1094	0.96771
1095	0.96153
1096	0.957382
1097	0.956713
1098	0.960388
1099	0.963018
1100	0.966656
1101	0.97094
1102	0.97555
1103	0.980657
1104	0.977714
1105	0.9697
1106	0.973162
1107	0.973162
1108	0.973162
1109	0.973162
1110	0.973162
1111	0.973162
1112	0.973162
1113	0.973162
1114	0.973162
1115	0.973162
1116	0.914587
1117	0.957111
1118	0.963795
1119	0.960827
1120	0.958991
1121	0.960732
1122	0.962872
1123	0.965126
1124	0.968361
1125	0.971332
1126	0.975952
1127	0.98088
1128	0.976589
1129	0.968311
1130	0.973162
1131	0.973162
1132	0.973162
1133	0.973162
1134	0.973162
1135	0.973162
1136	0.973162
1137	0.973162
1138	0.973162
1139	0.973162
1140	0.942341
1141	0.969423
1142	0.971965
1143	0.96668
1144	0.963027
1145	0.962593
1146	0.966095
1147	0.968342
1148	0.971392
1149	0.974703
1150	0.978578
1151	0.982314
1152	0.977959
1153	0.968918
1154	0.973162
1155	0.973162
1156	0.973162
1157	0.973162
1158	0.973162
1159	0.973162
1160	0.973162
1161	0.973162
1162	0.973162
1163	0.973162
1164	0.940875
1165	0.967377
1166	0.971227
1167	0.965723
1168	0.961629
1169	0.960531
1170	0.960696
1171	0.962358
1172	0.965553
1173	0.970021
1174	0.974655
1175	0.979878
1176	0.976284
1177	0.968733
1178	0.973162
1179	0.973162
1180	0.973162
1181	0.973162
1182	0.973162
1183	0.973162
1184	0.973162
1185	0.973162
1186	0.973162
1187	0.973162
1188	0.941532
1189	0.966108
1190	0.968863
1191	0.965293
1192	0.961133
1193	0.960472
1194	0.962422
1195	0.964122
1196	0.96661
1197	0.96944
1198	0.972314
1199	0.976188
1200	0.976205
1201	0.972539
1202	0.973162
1203	0.973162
1204	0.973162
1205	0.973162
1206	0.973162
1207	0.973162
1208	0.973162
1209	0.973162
1210	0.973162
1211	0.973162
1212	0.92381
1213	0.965375
1214	0.969954
1215	0.964368
1216	0.960697
1217	0.960107
1218	0.960602
1219	0.962981
1220	0.965596
1221	0.969486
1222	0.972296
1223	0.97621
1224	0.972866
1225	0.964741
1226	0.973162
1227	0.973162
1228	0.973162
1229	0.973162
1230	0.973162
1231	0.973162
1232	0.973162
1233	0.973162
1234	0.973162
1235	0.973162
1236	0.948339
1237	0.969791
1238	0.972031
1239	0.96725
1240	0.962032
1241	0.960898
1242	0.960925
1243	0.962258
1244	0.964684
1245	0.966787
1246	0.970621
1247	0.975563
1248	0.973371
1249	0.966915
1250	0.973162
1251	0.973162
1252	0.973162
1253	0.973162
1254	0.973162
1255	0.973162
1256	0.973162
1257	0.973162
1258	0.973162
1259	0.973162
1260	0.973201
1261	0.979874
1262	0.979705
1263	0.973285
1264	0.968695
1265	0.967077
1266	0.963854
1267	0.965191
1268	0.967327
1269	0.970658
1270	0.973531
1271	0.977472
1272	0.976128
1273	0.969902
1274	0.973162
1275	0.973162
1276	0.973162
1277	0.973162
1278	0.973162
1279	0.973162
1280	0.973162
1281	0.973162
1282	0.973162
1283	0.973162
1284	0.959802
1285	0.967773
1286	0.969063
1287	0.966564
1288	0.962343
1289	0.962573
1290	0.963667
1291	0.965675
1292	0.968108
1293	0.968212
1294	0.970788
1295	0.974988
1296	0.971953
1297	0.966244
1298	0.973162
1299	0.973162
1300	0.973162
1301	0.973162
1302	0.973162
1303	0.973162
1304	0.973162
1305	0.973162
1306	0.973162
1307	0.973162
1308	0.955255
1309	0.971817
1310	0.972924
1311	0.969313
1312	0.96452
1313	0.963529
1314	0.964037
1315	0.965195
1316	0.967232
1317	0.970284
1318	0.973367
1319	0.977762
1320	0.975987
1321	0.97119
1322	0.973162
1323	0.973162
1324	0.973162
1325	0.973162
1326	0.973162
1327	0.973162
1328	0.973162
1329	0.973162
1330	0.973162
1331	0.973162
1332	0.971268
1333	0.973859
1334	0.974093
1335	0.968844
1336	0.964778
1337	0.965013
1338	0.966638
1339	0.968308
1340	0.970425
1341	0.973065
1342	0.975384
1343	0.979091
1344	0.975743
1345	0.970428
1346	0.973162
1347	0.973162
1348	0.973162
1349	0.973162
1350	0.973162
1351	0.973162
1352	0.973162
1353	0.973162
1354	0.973162
1355	0.973162
1356	0.966464
1357	0.973891
1358	0.976062
1359	0.972124
1360	0.969073
1361	0.969112
1362	0.969128
1363	0.970124
1364	0.971822
1365	0.972614
1366	0.975149
1367	0.979462
1368	0.978602
1369	0.974541
1370	0.411136
1371	0.973162
1372	0.973162
1373	0.973162
1374	0.973162
1375	0.973162
1376	0.973162
1377	0.973162
1378	0.973162
1379	0.973162
1380	0.957099
1381	0.975066
1382	0.976745
1383	0.97353
1384	0.969907
1385	0.968324
1386	0.965392
1387	0.965619
1388	0.967347
1389	0.969586
1390	0.973082
1391	0.978986
1392	0.980746
1393	0.976422
1394	0.555176
1395	0.973162
1396	0.973162
1397	0.973162
1398	0.973162
1399	0.973162
1400	0.973162
1401	0.973162
1402	0.973162
1403	0.973162
1404	0.961693
1405	0.971021
1406	0.971315
1407	0.962379
1408	0.958044
1409	0.957631
1410	0.95735
1411	0.959311
1412	0.962504
1413	0.96719
1414	0.971073
1415	0.9765
1416	0.977975
1417	0.973818
1418	0.703891
1419	0.973162
1420	0.973162
1421	0.973162
1422	0.973162
1423	0.973162
1424	0.973162
1425	0.973162
1426	0.973162
1427	0.973162
1428	0.952828
1429	0.969772
1430	0.968677
1431	0.966299
1432	0.965209
1433	0.965971
1434	0.966816
1435	0.967802
1436	0.969104
1437	0.971731
1438	0.974283
1439	0.977514
1440	0.977235
1441	0.974325
1442	0.793509
1443	0.973162
1444	0.973162
1445	0.973162
1446	0.973162
1447	0.973162
1448	0.973162
1449	0.973162
1450	0.973162
1451	0.973162
1452	0.953793
1453	0.971667
1454	0.97339
1455	0.970075
1456	0.968133
1457	0.967297
1458	0.967021
1459	0.967552
1460	0.968466
1461	0.970958
1462	0.973569
1463	0.977431
1464	0.978512
1465	0.974777
1466	0.810894
1467	0.973162
1468	0.973162
1469	0.973162
1470	0.973162
1471	0.973162
1472	0.973162
1473	0.973162
1474	0.973162
1475	0.973162
1476	0.967484
1477	0.975597
1478	0.975092
1479	0.972347
1480	0.969529
1481	0.967744
1482	0.966353
1483	0.966184
1484	0.966845
1485	0.969951
1486	0.973341
1487	0.978171
1488	0.980645
1489	0.978828
1490	0.881159
1491	0.973162
1492	0.973162
1493	0.973162
1494	0.973162
1495	0.973162
1496	0.973162
1497	0.973162
1498	0.973162
1499	0.973162
1500	0.970617
1501	0.97805
1502	0.977023
1503	0.974904
1504	0.971569
1505	0.969114
1506	0.96805
1507	0.967523
1508	0.96765
1509	0.970216
1510	0.972824
1511	0.976743
1512	0.979481
1513	0.977673
1514	0.898909
1515	0.973162
1516	0.973162
1517	0.973162
1518	0.973162
1519	0.973162
1520	0.973162
1521	0.973162
1522	0.973162
1523	0.973162
1524	0.976582
1525	0.979671
1526	0.97822
1527	0.971717
1528	0.968412
1529	0.966923
1530	0.96532
1531	0.966169
1532	0.967803
1533	0.971115
1534	0.974835
1535	0.979284
1536	0.980547
1537	0.978248
1538	0.914143
1539	0.973162
1540	0.973162
1541	0.973162
1542	0.973162
1543	0.973162
1544	0.973162
1545	0.973162
1546	0.973162
1547	0.973162
1548	0.97447
1549	0.974468
1550	0.972955
1551	0.971771
1552	0.970073
1553	0.970345
1554	0.970146
1555	0.97149
1556	0.973133
1557	0.975269
1558	0.977876
1559	0.980908
1560	0.981056
1561	0.979798
1562	0.921684
1563	0.973162
1564	0.973162
1565	0.973162
1566	0.973162
1567	0.973162
1568	0.973162
1569	0.973162
1570	0.973162
1571	0.973162
1572	0.974847
1573	0.97519
1574	0.973187
1575	0.968595
1576	0.967609
1577	0.968935
1578	0.971136
1579	0.972928
1580	0.974951
1581	0.974826
1582	0.977441
1583	0.980815
1584	0.978702
1585	0.977153
1586	0.931744
1587	0.973162
1588	0.973162
1589	0.973162
1590	0.973162
1591	0.973162
1592	0.973162
1593	0.973162
1594	0.973162
1595	0.973162
1596	0.971875
1597	0.970741
1598	0.968951
1599	0.961888
1600	0.961123
1601	0.962556
1602	0.966186
1603	0.968348
1604	0.97053
1605	0.974231
1606	0.976944
1607	0.980218
1608	0.980146
1609	0.978063
1610	0.937511
1611	0.973162
1612	0.973162
1613	0.973162
1614	0.973162
1615	0.973162
1616	0.973162
1617	0.973162
1618	0.973162
1619	0.561991
1620	0.966417
1621	0.975379
1622	0.974567
1623	0.969481
1624	0.968493
1625	0.968799
1626	0.967593
1627	0.968798
1628	0.970189
1629	0.974029
1630	0.97666
1631	0.980323
1632	0.98252
1633	0.981657
1634	0.944014
1635	0.973162
1636	0.973162
1637	0.973162
1638	0.973162
1639	0.973162
1640	0.973162
1641	0.973162
1642	0.973162
1643	0.781586
1644	0.961075
1645	0.968303
1646	0.968538
1647	0.965773
1648	0.96559
1649	0.967335
1650	0.972557
1651	0.97444
1652	0.97645
1653	0.979658
1654	0.982082
1655	0.985281
1656	0.985179
1657	0.985043
1658	0.950847
1659	0.973162
1660	0.973162
1661	0.973162
1662	0.973162
1663	0.973162
1664	0.973162
1665	0.973162
1666	0.973162
1667	0.826584
1668	0.960759
1669	0.968979
1670	0.967244
1671	0.96013
1672	0.959611
1673	0.961891
1674	0.965405
1675	0.968409
1676	0.971408
1677	0.976123
1678	0.979175
1679	0.982912
1680	0.982538
1681	0.98326
1682	0.95628
1683	0.973162
1684	0.973162
1685	0.973162
1686	0.973162
1687	0.973162
1688	0.973162
1689	0.973162
1690	0.973162
1691	0.881728
1692	0.967396
1693	0.974586
1694	0.974804
1695	0.970367
1696	0.970161
1697	0.971188
1698	0.970317
1699	0.972612
1700	0.974828
1701	0.97728
1702	0.980167
1703	0.983708
1704	0.986019
1705	0.986934
1706	0.966304
1707	0.973162
1708	0.973162
1709	0.973162
1710	0.973162
1711	0.973162
1712	0.973162
1713	0.973162
1714	0.973162
1715	0.924141
1716	0.973566
1717	0.97232
1718	0.970124
1719	0.967046
1720	0.967164
1721	0.968669
1722	0.970697
1723	0.972311
1724	0.974108
1725	0.975883
1726	0.978642
1727	0.982538
1728	0.981754
1729	0.98071
1730	0.959809
1731	0.973162
1732	0.973162
1733	0.973162
1734	0.973162
1735	0.973162
1736	0.973162
1737	0.973162
1738	0.973162
1739	0.936807
1740	0.970103
1741	0.974116
1742	0.972353
1743	0.969796
1744	0.968986
1745	0.968967
1746	0.968681
1747	0.96905
1748	0.969661
1749	0.970443
1750	0.972377
1751	0.976218
1752	0.980222
1753	0.979399
1754	0.959568
1755	0.973162
1756	0.973162
1757	0.973162
1758	0.973162
1759	0.973162
1760	0.973162
1761	0.973162
1762	0.973162
1763	0.938906
1764	0.975694
1765	0.976193
1766	0.9735
1767	0.967649
1768	0.966553
1769	0.966081
1770	0.96545
1771	0.966333
1772	0.967664
1773	0.970019
1774	0.972691
1775	0.976947
1776	0.979163
1777	0.97953
1778	0.964135
1779	0.973162
1780	0.973162
1781	0.973162
1782	0.973162
1783	0.973162
1784	0.973162
1785	0.973162
1786	0.973162
1787	0.956435
1788	0.96848
1789	0.974422
1790	0.972378
1791	0.968708
1792	0.96767
1793	0.967507
1794	0.968082
1795	0.968896
1796	0.970346
1797	0.973139
1798	0.97643
1799	0.981202
1800	0.984508
1801	0.984279
1802	0.969134
1803	0.973162
1804	0.973162
1805	0.973162
1806	0.973162
1807	0.973162
1808	0.973162
1809	0.973162
1810	0.973162
1811	0.95049
1812	0.975953
1813	0.978658
1814	0.975603
1815	0.971496
1816	0.969712
1817	0.968945
1818	0.968565
1819	0.9688
1820	0.969731
1821	0.971039
1822	0.973887
1823	0.978553
1824	0.980932
1825	0.980836
1826	0.967368
1827	0.973162
1828	0.973162
1829	0.973162
1830	0.973162
1831	0.973162
1832	0.973162
1833	0.973162
1834	0.973162
1835	0.959083
1836	0.981339
1837	0.98201
1838	0.978469
1839	0.973729
1840	0.970457
1841	0.967789
1842	0.96584
1843	0.965454
1844	0.966018
1845	0.969173
1846	0.972192
1847	0.977191
1848	0.981164
1849	0.982094
1850	0.972848
1851	0.973162
1852	0.973162
1853	0.973162
1854	0.973162
1855	0.973162
1856	0.973162
1857	0.973162
1858	0.973162
1859	0.955626
1860	0.977371
1861	0.978841
1862	0.975403
1863	0.970348
1864	0.96794
1865	0.966512
1866	0.966494
1867	0.966486
1868	0.967468
1869	0.970352
1870	0.973685
1871	0.978414
1872	0.981628
1873	0.982232
1874	0.97319
1875	0.973162
1876	0.973162
1877	0.973162
1878	0.973162
1879	0.973162
1880	0.973162
1881	0.973162
1882	0.973162
1883	0.961732
1884	0.982886
1885	0.983256
1886	0.979262
1887	0.973787
1888	0.971643
1889	0.970403
1890	0.969729
1891	0.969867
1892	0.970846
1893	0.973287
1894	0.976346
1895	0.980774
1896	0.98321
1897	0.984831
1898	0.980427
1899	0.973162
1900	0.973162
1901	0.973162
1902	0.973162
1903	0.973162
1904	0.973162
1905	0.973162
1906	0.973162
1907	0.971635
1908	0.985617
1909	0.983473
1910	0.979426
1911	0.97527
1912	0.973164
1913	0.972013
1914	0.970713
1915	0.970737
1916	0.971596
1917	0.973425
1918	0.976192
1919	0.980858
1920	0.983421
1921	0.984466
1922	0.980515
1923	0.973162
1924	0.973162
1925	0.973162
1926	0.973162
1927	0.973162
1928	0.973162
1929	0.973162
1930	0.973162
1931	0.978588
1932	0.988182
1933	0.986191
1934	0.982195
1935	0.977807
1936	0.975622
1937	0.973684
1938	0.971322
1939	0.970392
1940	0.970132
1941	0.969485
1942	0.971698
1943	0.976694
1944	0.979435
1945	0.980449
1946	0.975992
1947	0.973162
1948	0.973162
1949	0.973162
1950	0.973162
1951	0.973162
1952	0.973162
1953	0.973162
1954	0.973162
1955	0.974592
1956	0.982336
1957	0.981364
1958	0.97681
1959	0.968428
1960	0.965893
1961	0.964371
1962	0.963061
1963	0.963824
1964	0.965529
1965	0.971506
1966	0.975423
1967	0.980504
1968	0.983648
1969	0.984038
1970	0.978244
1971	0.973162
1972	0.973162
1973	0.973162
1974	0.973162
1975	0.973162
1976	0.973162
1977	0.973162
1978	0.973162
1979	0.970265
1980	0.979308
1981	0.979392
1982	0.97467
1983	0.969502
1984	0.968152
1985	0.967892
1986	0.967953
1987	0.968617
1988	0.969799
1989	0.971371
1990	0.973748
1991	0.97775
1992	0.981752
1993	0.982611
1994	0.979338
1995	0.973162
1996	0.973162
1997	0.973162
1998	0.973162
1999	0.973162
2000	0.973162
2001	0.973162
2002	0.973162
2003	0.977231
2004	0.984345
2005	0.983401
2006	0.979147
2007	0.975486
2008	0.97262
2009	0.970498
2010	0.967597
2011	0.966932
2012	0.967293
2013	0.96885
2014	0.971505
2015	0.975905
2016	0.982206
2017	0.982675
2018	0.978012
2019	0.973162
2020	0.973162
2021	0.973162
2022	0.973162
2023	0.973162
2024	0.973162
2025	0.973162
2026	0.973162
2027	0.978699
2028	0.986902
2029	0.986076
2030	0.981962
2031	0.976286
2032	0.973157
2033	0.970793
2034	0.967523
2035	0.966644
2036	0.966855
2037	0.96781
2038	0.970422
2039	0.974924
2040	0.980974
2041	0.981438
2042	0.976962
2043	0.973162
2044	0.973162
2045	0.973162
2046	0.973162
2047	0.973162
2048	0.973162
2049	0.973162
2050	0.973162
2051	0.97733
2052	0.984731
2053	0.981954
2054	0.977033
2055	0.969283
2056	0.96764
2057	0.967776
2058	0.967428
2059	0.968068
2060	0.969049
2061	0.970664
2062	0.97273
2063	0.975945
2064	0.978759
2065	0.980008
2066	0.97692
2067	0.973162
2068	0.973162
2069	0.973162
2070	0.973162
2071	0.973162
2072	0.973162
2073	0.973162
2074	0.973162
2075	0.97213
2076	0.97975
2077	0.978697
2078	0.973099
2079	0.96752
2080	0.966007
2081	0.965735
2082	0.965107
2083	0.965843
2084	0.967163
2085	0.969597
2086	0.972403
2087	0.976756
2088	0.981293
2089	0.982794
2090	0.97953
2091	0.973162
2092	0.973162
2093	0.973162
2094	0.973162
2095	0.973162
2096	0.973162
2097	0.973162
2098	0.973162
2099	0.978269
2100	0.978363
2101	0.975429
2102	0.969694
2103	0.961429
2104	0.96184
2105	0.963618
2106	0.965775
2107	0.967687
2108	0.969767
2109	0.972561
2110	0.975181
2111	0.978769
2112	0.982036
2113	0.98373
2114	0.980774
2115	0.973162
2116	0.973162
2117	0.973162
2118	0.973162
2119	0.973162
2120	0.973162
2121	0.973162
2122	0.973162
2123	0.97346
2124	0.974123
2125	0.974196
2126	0.969575
2127	0.964988
2128	0.966096
2129	0.967787
2130	0.969206
2131	0.970533
2132	0.971893
2133	0.973328
2134	0.975303
2135	0.978369
2136	0.981052
2137	0.982683
2138	0.980692
2139	0.973162
2140	0.973162
2141	0.973162
2142	0.973162
2143	0.973162
2144	0.973162
2145	0.973162
2146	0.973162
2147	0.983855
2148	0.98201
2149	0.981214
2150	0.976168
2151	0.969432
2152	0.967942
2153	0.967177
2154	0.967355
2155	0.968138
2156	0.969532
2157	0.971962
2158	0.974534
2159	0.97851
2160	0.983873
2161	0.984592
2162	0.980193
2163	0.973162
2164	0.973162
2165	0.973162
2166	0.973162
2167	0.973162
2168	0.973162
2169	0.973162
2170	0.973162
2171	0.972156
2172	0.979778
2173	0.978975
2174	0.974017
2175	0.969787
2176	0.969062
2177	0.969412
2178	0.969418
2179	0.970322
2180	0.972068
2181	0.975088
2182	0.978306
2183	0.982079
2184	0.985403
2185	0.985896
2186	0.982534
2187	0.973162
2188	0.973162
2189	0.973162
2190	0.973162
2191	0.973162
2192	0.973162
2193	0.973162
2194	0.973162
2195	0.983221
2196	0.98328
2197	0.981879
2198	0.977455
2199	0.970658
2200	0.969043
2201	0.968582
2202	0.967706
2203	0.968472
2204	0.970271
2205	0.972924
2206	0.976807
2207	0.981294
2208	0.985132
2209	0.985912
2210	0.982875
2211	0.973162
2212	0.973162
2213	0.973162
2214	0.973162
2215	0.973162
2216	0.973162
2217	0.973162
2218	0.973162
2219	0.980334
2220	0.976878
2221	0.974417
2222	0.968586
2223	0.964122
2224	0.963919
2225	0.96493
2226	0.968357
2227	0.969362
2228	0.971161
2229	0.974007
2230	0.977324
2231	0.981068
2232	0.985272
2233	0.986037
2234	0.981045
2235	0.973162
2236	0.973162
2237	0.973162
2238	0.973162
2239	0.973162
2240	0.973162
2241	0.973162
2242	0.973162
2243	0.977432
2244	0.975073
2245	0.975873
2246	0.972965
2247	0.97077
2248	0.971281
2249	0.971914
2250	0.972303
2251	0.972207
2252	0.972779
2253	0.973019
2254	0.974559
2255	0.976963
2256	0.981032
2257	0.981634
2258	0.978109
2259	0.973162
2260	0.973162
2261	0.973162
2262	0.973162
2263	0.973162
2264	0.973162
2265	0.973162
2266	0.973162
2267	0.969596
2268	0.980264
2269	0.978888
2270	0.974369
2271	0.971118
2272	0.969501
2273	0.968418
2274	0.967817
2275	0.96757
2276	0.968347
2277	0.97122
2278	0.974067
2279	0.977707
2280	0.981174
2281	0.981233
2282	0.977403
2283	0.973162
2284	0.973162
2285	0.973162
2286	0.973162
2287	0.973162
2288	0.973162
2289	0.973162
2290	0.609765
2291	0.982587
2292	0.978413
2293	0.976767
2294	0.972796
2295	0.968118
2296	0.968475
2297	0.968905
2298	0.967615
2299	0.968212
2300	0.969497
2301	0.97125
2302	0.973915
2303	0.976836
2304	0.983361
2305	0.985587
2306	0.989604
2307	0.973162
2308	0.973162
2309	0.973162
2310	0.973162
2311	0.973162
2312	0.973162
2313	0.973162
2314	0.78969
2315	0.981604
2316	0.983369
2317	0.981135
2318	0.97646
2319	0.971951
2320	0.971664
2321	0.971673
2322	0.970945
2323	0.970968
2324	0.971805
2325	0.973545
2326	0.975675
2327	0.97843
2328	0.982989
2329	0.985007
2330	0.985971
2331	0.973162
2332	0.973162
2333	0.973162
2334	0.973162
2335	0.973162
2336	0.973162
2337	0.973162
2338	0.833403
2339	0.979883
2340	0.980648
2341	0.981271
2342	0.977007
2343	0.971717
2344	0.970894
2345	0.970515
2346	0.970537
2347	0.970357
2348	0.97098
2349	0.97281
2350	0.975349
2351	0.978444
2352	0.982307
2353	0.983553
2354	0.982041
2355	0.973162
2356	0.973162
2357	0.973162
2358	0.973162
2359	0.973162
2360	0.973162
2361	0.973162
2362	0.899128
2363	0.982818
2364	0.981054
2365	0.977858
2366	0.97164
2367	0.965307
2368	0.965845
2369	0.967067
2370	0.968986
2371	0.969962
2372	0.971511
2373	0.974684
2374	0.977626
2375	0.981013
2376	0.986524
2377	0.988575
2378	0.988584
2379	0.335318
2380	0.973162
2381	0.973162
2382	0.973162
2383	0.973162
2384	0.973162
2385	0.973162
2386	0.916831
2387	0.98519
2388	0.983341
2389	0.982528
2390	0.977682
2391	0.974049
2392	0.97434
2393	0.974698
2394	0.973548
2395	0.973042
2396	0.973224
2397	0.972426
2398	0.974581
2399	0.977286
2400	0.981956
2401	0.9836
2402	0.983808
2403	0.700227
2404	0.973162
2405	0.973162
2406	0.973162
2407	0.973162
2408	0.973162
2409	0.973162
2410	0.925217
2411	0.981662
2412	0.976217
2413	0.974813
2414	0.968776
2415	0.964587
2416	0.964835
2417	0.965586
2418	0.968899
2419	0.969513
2420	0.970861
2421	0.97313
2422	0.975576
2423	0.97873
2424	0.983082
2425	0.984437
2426	0.982734
2427	0.809675
2428	0.973162
2429	0.973162
2430	0.973162
2431	0.973162
2432	0.973162
2433	0.973162
2434	0.9519
2435	0.987053
2436	0.981607
2437	0.978657
2438	0.972707
2439	0.967992
2440	0.96711
2441	0.966852
2442	0.966958
2443	0.967161
2444	0.968309
2445	0.969916
2446	0.972317
2447	0.975633
2448	0.981402
2449	0.983662
2450	0.984487
2451	0.833001
2452	0.973162
2453	0.973162
2454	0.973162
2455	0.973162
2456	0.973162
2457	0.973162
2458	0.938946
2459	0.98365
2460	0.985174
2461	0.982065
2462	0.975908
2463	0.971183
2464	0.969203
2465	0.968067
2466	0.967741
2467	0.9677
2468	0.968491
2469	0.970465
2470	0.972985
2471	0.97615
2472	0.982395
2473	0.984167
2474	0.984506
2475	0.886462
2476	0.973162
2477	0.973162
2478	0.973162
2479	0.973162
2480	0.973162
2481	0.973162
2482	0.960763
2483	0.98679
2484	0.986869
2485	0.984609
2486	0.979986
2487	0.975701
2488	0.974122
2489	0.973174
2490	0.971512
2491	0.97136
2492	0.97193
2493	0.972833
2494	0.975167
2495	0.977966
2496	0.983258
2497	0.984859
2498	0.985237
2499	0.898052
2500	0.973162
2501	0.973162
2502	0.973162
2503	0.973162
2504	0.973162
2505	0.973162
2506	0.960494
2507	0.990499
2508	0.990085
2509	0.98724
2510	0.983204
2511	0.978914
2512	0.977789
2513	0.977093
2514	0.976334
2515	0.975982
2516	0.976207
2517	0.977275
2518	0.978737
2519	0.980473
2520	0.984016
2521	0.985632
2522	0.986064
2523	0.920098
2524	0.973162
2525	0.973162
2526	0.973162
2527	0.973162
2528	0.973162
2529	0.973162
2530	0.962349
2531	0.980086
2532	0.974435
2533	0.973996
2534	0.970726
2535	0.965471
2536	0.968262
2537	0.970296
2538	0.970978
2539	0.972104
2540	0.973661
2541	0.976642
2542	0.978451
2543	0.980446
2544	0.984996
2545	0.986736
2546	0.98682
2547	0.933867
2548	0.973162
2549	0.973162
2550	0.973162
2551	0.973162
2552	0.973162
2553	0.973162
2554	0.950591
2555	0.976212
2556	0.966185
2557	0.969518
2558	0.964917
2559	0.966096
2560	0.967604
2561	0.968681
2562	0.969552
2563	0.969994
2564	0.970962
2565	0.972589
2566	0.97461
2567	0.97693
2568	0.98376
2569	0.986341
2570	0.987552
2571	0.939939
2572	0.973162
2573	0.973162
2574	0.973162
2575	0.973162
2576	0.973162
2577	0.973162
2578	0.962193
2579	0.974815
2580	0.975656
2581	0.9745
2582	0.968192
2583	0.966479
2584	0.966967
2585	0.96764
2586	0.9696
2587	0.970242
2588	0.971517
2589	0.97441
2590	0.977089
2591	0.980321
2592	0.983831
2593	0.98537
2594	0.984312
2595	0.931786
2596	0.973162
2597	0.973162
2598	0.973162
2599	0.973162
2600	0.973162
2601	0.973162
2602	0.960775
2603	0.977765
2604	0.980238
2605	0.979656
2606	0.974371
2607	0.973494
2608	0.973069
2609	0.972798
2610	0.970696
2611	0.970315
2612	0.970758
2613	0.971464
2614	0.973655
2615	0.977129
2616	0.983236
2617	0.986174
2618	0.987767
2619	0.96144
2620	0.973162
2621	0.973162
2622	0.973162
2623	0.973162
2624	0.973162
2625	0.973162
2626	0.97266
2627	0.985545
2628	0.987132
2629	0.985048
2630	0.979764
2631	0.976027
2632	0.973638
2633	0.971628
2634	0.970694
2635	0.969768
2636	0.969821
2637	0.972251
2638	0.974724
2639	0.978506
2640	0.985375
2641	0.988496
2642	0.990727
2643	0.959091
2644	0.973162
2645	0.973162
2646	0.973162
2647	0.973162
2648	0.973162
2649	0.973162
2650	0.973388
2651	0.987347
2652	0.989322
2653	0.986957
2654	0.982612
2655	0.978777
2656	0.976466
2657	0.974686
2658	0.973615
2659	0.97323
2660	0.973774
2661	0.975472
2662	0.978288
2663	0.981909
