0	0.965826
1	0.959947
2	0.959947
3	0.959947
4	0.957528
5	0.957528
6	0.957528
7	0.955942
8	0.955942
9	0.955942
10	0.954466
11	0.954466
12	0.954466
13	0.953629
14	0.953629
15	0.953629
16	0.956676
17	0.956676
18	0.956676
19	0.96214
20	0.96214
21	0.96214
22	0.957422
23	0.957422
24	0.957422
25	0.950124
26	0.950124
27	0.950124
28	0.950786
29	0.950786
30	0.950786
31	0.950829
32	0.950829
33	0.950829
34	0.951297
35	0.951297
36	0.951297
37	0.952129
38	0.952129
39	0.952129
40	0.958313
41	0.958313
42	0.958313
43	0.964034
44	0.964034
45	0.964034
46	0.959927
47	0.959927
48	0.959927
49	0.954847
50	0.954847
51	0.954847
52	0.955088
53	0.955088
54	0.955088
55	0.957056
56	0.957056
57	0.957056
58	0.957935
59	0.957935
60	0.957935
61	0.958565
62	0.958565
63	0.958565
64	0.963411
65	0.963411
66	0.963411
67	0.96628
68	0.96628
69	0.96628
70	0.959765
71	0.959765
72	0.959765
73	0.951401
74	0.951401
75	0.951401
76	0.948841
77	0.948841
78	0.948841
79	0.947815
80	0.947815
81	0.947815
82	0.947211
83	0.947211
84	0.947211
85	0.946261
86	0.946261
87	0.946261
88	0.955811
89	0.955811
90	0.955811
91	0.962157
92	0.962157
93	0.962157
94	0.955284
95	0.955284
96	0.955284
97	0.948227
98	0.948227
99	0.948227
100	0.950517
101	0.950517
102	0.950517
103	0.952248
104	0.952248
105	0.952248
106	0.954637
107	0.954637
108	0.954637
109	0.953433
110	0.953433
111	0.953433
112	0.961377
113	0.961377
114	0.961377
115	0.966747
116	0.966747
117	0.966747
118	0.961091
119	0.961091
120	0.961091
121	0.954991
122	0.954991
123	0.954991
124	0.95538
125	0.95538
126	0.95538
127	0.95556
128	0.95556
129	0.95556
130	0.955583
131	0.955583
132	0.955583
133	0.954246
134	0.954246
135	0.954246
136	0.962494
137	0.962494
138	0.962494
139	0.967019
140	0.967019
141	0.967019
142	0.962386
143	0.962386
144	0.962386
145	0.956284
146	0.956284
147	0.956284
148	0.956298
149	0.956298
150	0.956298
151	0.956122
152	0.956122
153	0.956122
154	0.956986
155	0.956986
156	0.956986
157	0.958045
158	0.958045
159	0.958045
160	0.964522
161	0.964522
162	0.964522
163	0.969209
164	0.969209
165	0.969209
166	0.966047
167	0.966047
168	0.966047
169	0.960971
170	0.960971
171	0.960971
172	0.962964
173	0.962964
174	0.962964
175	0.964341
176	0.964341
177	0.964341
178	0.965266
179	0.965266
180	0.965266
181	0.964415
182	0.964415
183	0.964415
184	0.968985
185	0.968985
186	0.968985
187	0.973861
188	0.973861
189	0.973861
190	0.971403
191	0.971403
192	0.971403
193	0.968274
194	0.968274
195	0.968274
196	0.968638
197	0.968638
198	0.968638
199	0.969014
200	0.969014
201	0.969014
202	0.968869
203	0.968869
204	0.968869
205	0.968282
206	0.968282
207	0.968282
208	0.972976
209	0.972976
210	0.972976
211	0.975986
212	0.975986
213	0.975986
214	0.971723
215	0.971723
216	0.971723
217	0.967257
218	0.967257
219	0.967257
220	0.966663
221	0.966663
222	0.966663
223	0.967135
224	0.967135
225	0.967135
226	0.966525
227	0.966525
228	0.966525
229	0.967354
230	0.967354
231	0.967354
232	0.973128
233	0.973128
234	0.973128
235	0.97687
236	0.97687
237	0.97687
238	0.974083
239	0.974083
240	0.974083
241	0.969752
242	0.969752
243	0.969752
244	0.97029
245	0.97029
246	0.97029
247	0.970293
248	0.970293
249	0.970293
250	0.970258
251	0.970258
252	0.970258
253	0.969699
254	0.969699
255	0.969699
256	0.973498
257	0.973498
258	0.973498
259	0.976793
260	0.976793
261	0.976793
262	0.974391
263	0.974391
264	0.974391
265	0.970653
266	0.970653
267	0.970653
268	0.968766
269	0.968766
270	0.968766
271	0.967745
272	0.967745
273	0.967745
274	0.966638
275	0.966638
276	0.966638
277	0.966266
278	0.966266
279	0.966266
280	0.969732
281	0.969732
282	0.969732
283	0.973558
284	0.973558
285	0.973558
286	0.970727
287	0.970727
288	0.970727
289	0.966825
290	0.966825
291	0.966825
292	0.965846
293	0.965846
294	0.965846
295	0.965288
296	0.965288
297	0.965288
298	0.964654
299	0.964654
300	0.964654
301	0.964461
302	0.964461
303	0.964461
304	0.968457
305	0.968457
306	0.968457
307	0.971503
308	0.971503
309	0.971503
310	0.967029
311	0.967029
312	0.967029
313	0.960757
314	0.960757
315	0.960757
316	0.959686
317	0.959686
318	0.959686
319	0.959292
320	0.959292
321	0.959292
322	0.959795
323	0.959795
324	0.959795
325	0.960335
326	0.960335
327	0.960335
328	0.966608
329	0.966608
330	0.966608
331	0.970805
332	0.970805
333	0.970805
334	0.967173
335	0.967173
336	0.967173
337	0.962214
338	0.962214
339	0.962214
340	0.962818
341	0.962818
342	0.962818
343	0.964648
344	0.964648
345	0.964648
346	0.964879
347	0.964879
348	0.964879
349	0.964042
350	0.964042
351	0.964042
352	0.96913
353	0.96913
354	0.96913
355	0.972729
356	0.972729
357	0.972729
358	0.969986
359	0.969986
360	0.969986
361	0.965339
362	0.965339
363	0.965339
364	0.96616
365	0.96616
366	0.96616
367	0.966991
368	0.966991
369	0.966991
370	0.966663
371	0.966663
372	0.966663
373	0.965861
374	0.965861
375	0.965861
376	0.968994
377	0.968994
378	0.968994
379	0.970391
380	0.970391
381	0.970391
382	0.967324
383	0.967324
384	0.967324
385	0.963348
386	0.963348
387	0.963348
388	0.962795
389	0.962795
390	0.962795
391	0.9617
392	0.9617
393	0.9617
394	0.961415
395	0.961415
396	0.961415
397	0.961288
398	0.961288
399	0.961288
400	0.965796
401	0.965796
402	0.965796
403	0.968542
404	0.968542
405	0.968542
406	0.964297
407	0.964297
408	0.964297
409	0.957203
410	0.957203
411	0.957203
412	0.955369
413	0.955369
414	0.955369
415	0.954311
416	0.954311
417	0.954311
418	0.954263
419	0.954263
420	0.954263
421	0.953156
422	0.953156
423	0.953156
424	0.961916
425	0.961916
426	0.961916
427	0.967761
428	0.967761
429	0.967761
430	0.964727
431	0.964727
432	0.964727
433	0.9606
434	0.9606
435	0.9606
436	0.962647
437	0.962647
438	0.962647
439	0.963506
440	0.963506
441	0.963506
442	0.963194
443	0.963194
444	0.963194
445	0.963632
446	0.963632
447	0.963632
448	0.97022
449	0.97022
450	0.97022
451	0.973794
452	0.973794
453	0.973794
454	0.970846
455	0.970846
456	0.970846
457	0.965755
458	0.965755
459	0.965755
460	0.96649
461	0.96649
462	0.96649
463	0.966514
464	0.966514
465	0.966514
466	0.965726
467	0.965726
468	0.965726
469	0.965154
470	0.965154
471	0.965154
472	0.970404
473	0.970404
474	0.970404
475	0.974372
476	0.974372
477	0.974372
478	0.971359
479	0.971359
480	0.971359
481	0.966037
482	0.966037
483	0.966037
484	0.965907
485	0.965907
486	0.965907
487	0.965329
488	0.965329
489	0.965329
490	0.96538
491	0.96538
492	0.96538
493	0.965933
494	0.965933
495	0.965933
496	0.97142
497	0.97142
498	0.97142
499	0.975347
500	0.975347
501	0.975347
502	0.972195
503	0.972195
504	0.972195
505	0.966568
506	0.966568
507	0.966568
508	0.966025
509	0.966025
510	0.966025
511	0.965365
512	0.965365
513	0.965365
514	0.965423
515	0.965423
516	0.965423
517	0.966206
518	0.966206
519	0.966206
520	0.972999
521	0.972999
522	0.972999
523	0.97584
524	0.97584
525	0.97584
526	0.972012
527	0.972012
528	0.972012
529	0.967594
530	0.967594
531	0.967594
532	0.967323
533	0.967323
534	0.967323
535	0.966621
536	0.966621
537	0.966621
538	0.965878
539	0.965878
540	0.965878
541	0.966083
542	0.966083
543	0.966083
544	0.972116
545	0.972116
546	0.972116
547	0.975974
548	0.975974
549	0.975974
550	0.971673
551	0.971673
552	0.971673
553	0.96731
554	0.96731
555	0.96731
556	0.966044
557	0.966044
558	0.966044
559	0.965278
560	0.965278
561	0.965278
562	0.964622
563	0.964622
564	0.964622
565	0.964732
566	0.964732
567	0.964732
568	0.971222
569	0.971222
570	0.971222
571	0.97498
572	0.97498
573	0.97498
574	0.971263
575	0.971263
576	0.971263
577	0.965585
578	0.965585
579	0.965585
580	0.964819
581	0.964819
582	0.964819
583	0.964433
584	0.964433
585	0.964433
586	0.963058
587	0.963058
588	0.963058
589	0.962639
590	0.962639
591	0.962639
592	0.970554
593	0.970554
594	0.970554
595	0.97468
596	0.97468
597	0.97468
598	0.970411
599	0.970411
600	0.970411
601	0.963418
602	0.963418
603	0.963418
604	0.9639
605	0.9639
606	0.9639
607	0.964557
608	0.964557
609	0.964557
610	0.964237
611	0.964237
612	0.964237
613	0.964277
614	0.964277
615	0.964277
616	0.972244
617	0.972244
618	0.972244
619	0.975761
620	0.975761
621	0.975761
622	0.972378
623	0.972378
624	0.972378
625	0.967147
626	0.967147
627	0.967147
628	0.96729
629	0.96729
630	0.96729
631	0.967527
632	0.967527
633	0.967527
634	0.967083
635	0.967083
636	0.967083
637	0.96702
638	0.96702
639	0.96702
640	0.972225
641	0.972225
642	0.972225
643	0.97549
644	0.97549
645	0.97549
646	0.972815
647	0.972815
648	0.972815
649	0.969074
650	0.969074
651	0.969074
652	0.969373
653	0.969373
654	0.969373
655	0.968991
656	0.968991
657	0.968991
658	0.968422
659	0.968422
660	0.968422
661	0.968893
662	0.968893
663	0.968893
664	0.974097
665	0.974097
666	0.974097
667	0.977443
668	0.977443
669	0.977443
670	0.97447
671	0.97447
672	0.97447
673	0.970739
674	0.970739
675	0.970739
676	0.970246
677	0.970246
678	0.970246
679	0.969499
680	0.969499
681	0.969499
682	0.968711
683	0.968711
684	0.968711
685	0.968663
686	0.968663
687	0.968663
688	0.974025
689	0.974025
690	0.974025
691	0.976723
692	0.976723
693	0.976723
694	0.972636
695	0.972636
696	0.972636
697	0.967104
698	0.967104
699	0.967104
700	0.965944
701	0.965944
702	0.965944
703	0.964345
704	0.964345
705	0.964345
706	0.962958
707	0.962958
708	0.962958
709	0.962196
710	0.962196
711	0.962196
712	0.969018
713	0.969018
714	0.969018
715	0.972911
716	0.972911
717	0.972911
718	0.968666
719	0.968666
720	0.968666
721	0.961506
722	0.961506
723	0.961506
724	0.962188
725	0.962188
726	0.962188
727	0.962741
728	0.962741
729	0.962741
730	0.96301
731	0.96301
732	0.96301
733	0.963939
734	0.963939
735	0.963939
736	0.973034
737	0.973034
738	0.973034
739	0.977521
740	0.977521
741	0.977521
742	0.973772
743	0.973772
744	0.973772
745	0.967585
746	0.967585
747	0.967585
748	0.968515
749	0.968515
750	0.968515
751	0.969447
752	0.969447
753	0.969447
754	0.970303
755	0.970303
756	0.970303
757	0.970994
758	0.970994
759	0.970994
760	0.976125
761	0.976125
762	0.976125
763	0.979134
764	0.979134
765	0.979134
766	0.977027
767	0.977027
768	0.977027
769	0.972874
770	0.972874
771	0.972874
772	0.973186
773	0.973186
774	0.973186
775	0.973191
776	0.973191
777	0.973191
778	0.972245
779	0.972245
780	0.972245
781	0.970355
782	0.970355
783	0.970355
784	0.973352
785	0.973352
786	0.973352
787	0.974817
788	0.974817
789	0.974817
790	0.970585
791	0.970585
792	0.970585
793	0.963707
794	0.963707
795	0.963707
796	0.963116
797	0.963116
798	0.963116
799	0.963487
800	0.963487
801	0.963487
802	0.963496
803	0.963496
804	0.963496
805	0.964829
806	0.964829
807	0.964829
808	0.972462
809	0.972462
810	0.972462
811	0.976711
812	0.976711
813	0.976711
814	0.97439
815	0.97439
816	0.97439
817	0.968488
818	0.968488
819	0.968488
820	0.968993
821	0.968993
822	0.968993
823	0.9694
824	0.9694
825	0.9694
826	0.970536
827	0.970536
828	0.970536
829	0.971184
830	0.971184
831	0.971184
832	0.97574
833	0.97574
834	0.97574
835	0.979516
836	0.979516
837	0.979516
838	0.97735
839	0.97735
840	0.97735
841	0.972976
842	0.972976
843	0.972976
844	0.972796
845	0.972796
846	0.972796
847	0.971755
848	0.971755
849	0.971755
850	0.970693
851	0.970693
852	0.970693
853	0.97066
854	0.97066
855	0.97066
856	0.975181
857	0.975181
858	0.975181
859	0.977959
860	0.977959
861	0.977959
862	0.975989
863	0.975989
864	0.975989
865	0.970713
866	0.970713
867	0.970713
868	0.970504
869	0.970504
870	0.970504
871	0.970835
872	0.970835
873	0.970835
874	0.971279
875	0.971279
876	0.971279
877	0.971784
878	0.971784
879	0.971784
880	0.975353
881	0.975353
882	0.975353
883	0.978144
884	0.978144
885	0.978144
886	0.977171
887	0.977171
888	0.977171
889	0.972414
890	0.972414
891	0.972414
892	0.971945
893	0.971945
894	0.971945
895	0.971767
896	0.971767
897	0.971767
898	0.971579
899	0.971579
900	0.971579
901	0.971638
902	0.971638
903	0.971638
904	0.974827
905	0.974827
906	0.974827
907	0.977603
908	0.977603
909	0.977603
910	0.976271
911	0.976271
912	0.976271
913	0.971149
914	0.971149
915	0.971149
916	0.970217
917	0.970217
918	0.970217
919	0.969101
920	0.969101
921	0.969101
922	0.967704
923	0.967704
924	0.967704
925	0.967704
926	0.967704
927	0.967704
928	0.973614
929	0.973614
930	0.973614
931	0.977353
932	0.977353
933	0.977353
934	0.975193
935	0.975193
936	0.975193
937	0.969048
938	0.969048
939	0.969048
940	0.968968
941	0.968968
942	0.968968
943	0.969008
944	0.969008
945	0.969008
946	0.969053
947	0.969053
948	0.969053
949	0.970091
950	0.970091
951	0.970091
952	0.97592
953	0.97592
954	0.97592
955	0.979006
956	0.979006
957	0.979006
958	0.977116
959	0.977116
960	0.977116
961	0.971464
962	0.971464
963	0.971464
964	0.971545
965	0.971545
966	0.971545
967	0.971322
968	0.971322
969	0.971322
970	0.971188
971	0.971188
972	0.971188
973	0.9717
974	0.9717
975	0.9717
976	0.975384
977	0.975384
978	0.975384
979	0.978819
980	0.978819
981	0.978819
982	0.978275
983	0.978275
984	0.978275
985	0.973231
986	0.973231
987	0.973231
988	0.972716
989	0.972716
990	0.972716
991	0.972373
992	0.972373
993	0.972373
994	0.972167
995	0.972167
996	0.972167
997	0.97236
998	0.97236
999	0.97236
1000	0.975945
1001	0.975945
1002	0.975945
1003	0.978201
1004	0.978201
1005	0.978201
1006	0.976586
1007	0.976586
1008	0.976586
1009	0.971177
1010	0.971177
1011	0.971177
1012	0.970493
1013	0.970493
1014	0.970493
1015	0.970203
1016	0.970203
1017	0.970203
1018	0.969755
1019	0.969755
1020	0.969755
1021	0.969762
1022	0.969762
1023	0.969762
1024	0.974208
1025	0.974208
1026	0.974208
1027	0.977137
1028	0.977137
1029	0.977137
1030	0.975252
1031	0.975252
1032	0.975252
1033	0.969234
1034	0.969234
1035	0.969234
1036	0.968238
1037	0.968238
1038	0.968238
1039	0.968088
1040	0.968088
1041	0.968088
1042	0.967776
1043	0.967776
1044	0.967776
1045	0.968181
1046	0.968181
1047	0.968181
1048	0.973376
1049	0.973376
1050	0.973376
1051	0.976511
1052	0.976511
1053	0.976511
1054	0.974708
1055	0.974708
1056	0.974708
1057	0.970148
1058	0.970148
1059	0.970148
1060	0.969908
1061	0.969908
1062	0.969908
1063	0.970227
1064	0.970227
1065	0.970227
1066	0.970225
1067	0.970225
1068	0.970225
1069	0.970696
1070	0.970696
1071	0.970696
1072	0.975984
1073	0.975984
1074	0.975984
1075	0.979079
1076	0.979079
1077	0.979079
1078	0.977143
1079	0.977143
1080	0.977143
1081	0.971668
1082	0.971668
1083	0.971668
1084	0.971458
1085	0.971458
1086	0.971458
1087	0.971238
1088	0.971238
1089	0.971238
1090	0.97094
1091	0.97094
1092	0.97094
1093	0.97184
1094	0.97184
1095	0.97184
1096	0.978389
1097	0.978389
1098	0.978389
1099	0.981837
1100	0.981837
1101	0.981837
1102	0.978922
1103	0.978922
1104	0.978922
1105	0.973084
1106	0.973084
1107	0.973084
1108	0.972732
1109	0.972732
1110	0.972732
1111	0.97259
1112	0.97259
1113	0.97259
1114	0.972674
1115	0.972674
1116	0.972674
1117	0.973301
1118	0.973301
1119	0.973301
1120	0.977784
1121	0.977784
1122	0.977784
1123	0.979749
1124	0.979749
1125	0.979749
1126	0.977963
1127	0.977963
1128	0.977963
1129	0.973178
1130	0.973178
1131	0.973178
1132	0.972265
1133	0.972265
1134	0.972265
1135	0.971395
1136	0.971395
1137	0.971395
1138	0.971102
1139	0.971102
1140	0.971102
1141	0.971803
1142	0.971803
1143	0.971803
1144	0.976457
1145	0.976457
1146	0.976457
1147	0.979583
1148	0.979583
1149	0.979583
1150	0.977708
1151	0.977708
1152	0.977708
1153	0.972376
1154	0.972376
1155	0.972376
1156	0.972575
1157	0.972575
1158	0.972575
1159	0.972484
1160	0.972484
1161	0.972484
1162	0.972192
1163	0.972192
1164	0.972192
1165	0.972347
1166	0.972347
1167	0.972347
1168	0.977266
1169	0.977266
1170	0.977266
1171	0.980232
1172	0.980232
1173	0.980232
1174	0.978527
1175	0.978527
1176	0.978527
1177	0.97198
1178	0.97198
1179	0.97198
1180	0.970489
1181	0.970489
1182	0.970489
1183	0.969627
1184	0.969627
1185	0.969627
1186	0.96875
1187	0.96875
1188	0.96875
1189	0.968997
1190	0.968997
1191	0.968997
1192	0.975787
1193	0.975787
1194	0.975787
1195	0.979479
1196	0.979479
1197	0.979479
1198	0.976197
1199	0.976197
1200	0.976197
1201	0.969763
1202	0.969763
1203	0.969763
1204	0.968201
1205	0.968201
1206	0.968201
1207	0.967783
1208	0.967783
1209	0.967783
1210	0.967851
1211	0.967851
1212	0.967851
1213	0.968783
1214	0.968783
1215	0.968783
1216	0.976086
1217	0.976086
1218	0.976086
1219	0.978869
1220	0.978869
1221	0.978869
1222	0.975251
1223	0.975251
1224	0.975251
1225	0.968254
1226	0.968254
1227	0.968254
1228	0.967359
1229	0.967359
1230	0.967359
1231	0.967668
1232	0.967668
1233	0.967668
1234	0.968446
1235	0.968446
1236	0.968446
1237	0.969578
1238	0.969578
1239	0.969578
1240	0.974886
1241	0.974886
1242	0.974886
1243	0.97632
1244	0.97632
1245	0.97632
1246	0.974131
1247	0.974131
1248	0.974131
1249	0.96949
1250	0.96949
1251	0.96949
1252	0.968985
1253	0.968985
1254	0.968985
1255	0.968803
1256	0.968803
1257	0.968803
1258	0.968465
1259	0.968465
1260	0.968465
1261	0.969148
1262	0.969148
1263	0.969148
1264	0.973871
1265	0.973871
1266	0.973871
1267	0.976068
1268	0.976068
1269	0.976068
1270	0.97359
1271	0.97359
1272	0.97359
1273	0.967896
1274	0.967896
1275	0.967896
1276	0.967048
1277	0.967048
1278	0.967048
1279	0.966918
1280	0.966918
1281	0.966918
1282	0.966918
1283	0.966918
1284	0.966918
1285	0.96748
1286	0.96748
1287	0.96748
1288	0.974016
1289	0.974016
1290	0.974016
1291	0.976459
1292	0.976459
1293	0.976459
1294	0.973542
1295	0.973542
1296	0.973542
1297	0.967332
1298	0.967332
1299	0.967332
1300	0.966375
1301	0.966375
1302	0.966375
1303	0.966002
1304	0.966002
1305	0.966002
1306	0.965984
1307	0.965984
1308	0.965984
1309	0.966582
1310	0.966582
1311	0.966582
1312	0.973544
1313	0.973544
1314	0.973544
1315	0.976838
1316	0.976838
1317	0.976838
1318	0.974116
1319	0.974116
1320	0.974116
1321	0.966878
1322	0.966878
1323	0.966878
1324	0.966967
1325	0.966967
1326	0.966967
1327	0.967113
1328	0.967113
1329	0.967113
1330	0.967967
1331	0.967967
1332	0.967967
1333	0.96984
1334	0.96984
1335	0.96984
1336	0.976181
1337	0.976181
1338	0.976181
1339	0.978507
1340	0.978507
1341	0.978507
1342	0.976364
1343	0.976364
1344	0.976364
1345	0.970223
1346	0.970223
1347	0.970223
1348	0.970283
1349	0.970283
1350	0.970283
1351	0.970303
1352	0.970303
1353	0.970303
1354	0.970284
1355	0.970284
1356	0.970284
1357	0.970786
1358	0.970786
1359	0.970786
1360	0.977293
1361	0.977293
1362	0.977293
1363	0.980873
1364	0.980873
1365	0.980873
1366	0.977846
1367	0.977846
1368	0.977846
1369	0.97
1370	0.97
1371	0.97
1372	0.968766
1373	0.968766
1374	0.968766
1375	0.967993
1376	0.967993
1377	0.967993
1378	0.967306
1379	0.967306
1380	0.967306
1381	0.968508
1382	0.968508
1383	0.968508
1384	0.976571
1385	0.976571
1386	0.976571
1387	0.979208
1388	0.979208
1389	0.979208
1390	0.975858
1391	0.975858
1392	0.975858
1393	0.968835
1394	0.968835
1395	0.968835
1396	0.968106
1397	0.968106
1398	0.968106
1399	0.967659
1400	0.967659
1401	0.967659
1402	0.967444
1403	0.967444
1404	0.967444
1405	0.96891
1406	0.96891
1407	0.96891
1408	0.975765
1409	0.975765
1410	0.975765
1411	0.978227
1412	0.978227
1413	0.978227
1414	0.975942
1415	0.975942
1416	0.975942
1417	0.970219
1418	0.970219
1419	0.970219
1420	0.969955
1421	0.969955
1422	0.969955
1423	0.9699
1424	0.9699
1425	0.9699
1426	0.969737
1427	0.969737
1428	0.969737
1429	0.97096
1430	0.97096
1431	0.97096
1432	0.976752
1433	0.976752
1434	0.976752
1435	0.979358
1436	0.979358
1437	0.979358
1438	0.97753
1439	0.97753
1440	0.97753
1441	0.97117
1442	0.97117
1443	0.97117
1444	0.969586
1445	0.969586
1446	0.969586
1447	0.967995
1448	0.967995
1449	0.967995
1450	0.965563
1451	0.965563
1452	0.965563
1453	0.965598
1454	0.965598
1455	0.965598
1456	0.973902
1457	0.973902
1458	0.973902
1459	0.97732
1460	0.97732
1461	0.97732
1462	0.973245
1463	0.973245
1464	0.973245
1465	0.961842
1466	0.961842
1467	0.961842
1468	0.960033
1469	0.960033
1470	0.960033
1471	0.959078
1472	0.959078
1473	0.959078
1474	0.958078
1475	0.958078
1476	0.958078
1477	0.960112
1478	0.960112
1479	0.960112
1480	0.972741
1481	0.972741
1482	0.972741
1483	0.977436
1484	0.977436
1485	0.977436
1486	0.973376
1487	0.973376
1488	0.973376
1489	0.962558
1490	0.962558
1491	0.962558
1492	0.961404
1493	0.961404
1494	0.961404
1495	0.960738
1496	0.960738
1497	0.960738
1498	0.959497
1499	0.959497
1500	0.959497
1501	0.960965
1502	0.960965
1503	0.960965
1504	0.972793
1505	0.972793
1506	0.972793
1507	0.977118
1508	0.977118
1509	0.977118
1510	0.974113
1511	0.974113
1512	0.974113
1513	0.964656
1514	0.964656
1515	0.964656
1516	0.964125
1517	0.964125
1518	0.964125
1519	0.964022
1520	0.964022
1521	0.964022
1522	0.964739
1523	0.964739
1524	0.964739
1525	0.966406
1526	0.966406
1527	0.966406
1528	0.976075
1529	0.976075
1530	0.976075
1531	0.979082
1532	0.979082
1533	0.979082
1534	0.976317
1535	0.976317
1536	0.976317
1537	0.967784
1538	0.967784
1539	0.967784
1540	0.96811
1541	0.96811
1542	0.96811
1543	0.968177
1544	0.968177
1545	0.968177
1546	0.967698
1547	0.967698
1548	0.967698
1549	0.968388
1550	0.968388
1551	0.968388
1552	0.976307
1553	0.976307
1554	0.976307
1555	0.979554
1556	0.979554
1557	0.979554
1558	0.976494
1559	0.976494
1560	0.976494
1561	0.968156
1562	0.968156
1563	0.968156
1564	0.966456
1565	0.966456
1566	0.966456
1567	0.964816
1568	0.964816
1569	0.964816
1570	0.96319
1571	0.96319
1572	0.96319
1573	0.9642
1574	0.9642
1575	0.9642
1576	0.972804
1577	0.972804
1578	0.972804
1579	0.976793
1580	0.976793
1581	0.976793
1582	0.973847
1583	0.973847
1584	0.973847
1585	0.964657
1586	0.964657
1587	0.964657
1588	0.962275
1589	0.962275
1590	0.962275
1591	0.960672
1592	0.960672
1593	0.960672
1594	0.958792
1595	0.958792
1596	0.958792
1597	0.961891
1598	0.961891
1599	0.961891
1600	0.970983
1601	0.970983
1602	0.970983
1603	0.975579
1604	0.975579
1605	0.975579
1606	0.971987
1607	0.971987
1608	0.971987
1609	0.961462
1610	0.961462
1611	0.961462
1612	0.959912
1613	0.959912
1614	0.959912
1615	0.959946
1616	0.959946
1617	0.959946
1618	0.960473
1619	0.960473
1620	0.960473
1621	0.96435
1622	0.96435
1623	0.96435
1624	0.97506
1625	0.97506
1626	0.97506
1627	0.979299
1628	0.979299
1629	0.979299
1630	0.976476
1631	0.976476
1632	0.976476
1633	0.967236
1634	0.967236
1635	0.967236
1636	0.967515
1637	0.967515
1638	0.967515
1639	0.967455
1640	0.967455
1641	0.967455
1642	0.967708
1643	0.967708
1644	0.967708
1645	0.968493
1646	0.968493
1647	0.968493
1648	0.976942
1649	0.976942
1650	0.976942
1651	0.980692
1652	0.980692
1653	0.980692
1654	0.978752
1655	0.978752
1656	0.978752
1657	0.970798
1658	0.970798
1659	0.970798
1660	0.971045
1661	0.971045
1662	0.971045
1663	0.971392
1664	0.971392
1665	0.971392
1666	0.971352
1667	0.971352
1668	0.971352
1669	0.973504
1670	0.973504
1671	0.973504
1672	0.978397
1673	0.978397
1674	0.978397
1675	0.979874
1676	0.979874
1677	0.979874
1678	0.978302
1679	0.978302
1680	0.978302
1681	0.972694
1682	0.972694
1683	0.972694
1684	0.97081
1685	0.97081
1686	0.97081
1687	0.968743
1688	0.968743
1689	0.968743
1690	0.9667
1691	0.9667
1692	0.9667
1693	0.967127
1694	0.967127
1695	0.967127
1696	0.974889
1697	0.974889
1698	0.974889
1699	0.978128
1700	0.978128
1701	0.978128
1702	0.974986
1703	0.974986
1704	0.974986
1705	0.963449
1706	0.963449
1707	0.963449
1708	0.959418
1709	0.959418
1710	0.959418
1711	0.958853
1712	0.958853
1713	0.958853
1714	0.959149
1715	0.959149
1716	0.959149
1717	0.962607
1718	0.962607
1719	0.962607
1720	0.97428
1721	0.97428
1722	0.97428
1723	0.979051
1724	0.979051
1725	0.979051
1726	0.976754
1727	0.976754
1728	0.976754
1729	0.967285
1730	0.967285
1731	0.967285
1732	0.965352
1733	0.965352
1734	0.965352
1735	0.96412
1736	0.96412
1737	0.96412
1738	0.963072
1739	0.963072
1740	0.963072
1741	0.965398
1742	0.965398
1743	0.965398
1744	0.974075
1745	0.974075
1746	0.974075
1747	0.977719
1748	0.977719
1749	0.977719
1750	0.974016
1751	0.974016
1752	0.974016
1753	0.963743
1754	0.963743
1755	0.963743
1756	0.963007
1757	0.963007
1758	0.963007
1759	0.961929
1760	0.961929
1761	0.961929
1762	0.962751
1763	0.962751
1764	0.962751
1765	0.96641
1766	0.96641
1767	0.96641
1768	0.97671
1769	0.97671
1770	0.97671
1771	0.980306
1772	0.980306
1773	0.980306
1774	0.977443
1775	0.977443
1776	0.977443
1777	0.969649
1778	0.969649
1779	0.969649
1780	0.968343
1781	0.968343
1782	0.968343
1783	0.968061
1784	0.968061
1785	0.968061
1786	0.968159
1787	0.968159
1788	0.968159
1789	0.970526
1790	0.970526
1791	0.970526
1792	0.97892
1793	0.97892
1794	0.97892
1795	0.98161
1796	0.98161
1797	0.98161
1798	0.978747
1799	0.978747
1800	0.978747
1801	0.970108
1802	0.970108
1803	0.970108
1804	0.968743
1805	0.968743
1806	0.968743
1807	0.968705
1808	0.968705
1809	0.968705
1810	0.968657
1811	0.968657
1812	0.968657
1813	0.971202
1814	0.971202
1815	0.971202
1816	0.978721
1817	0.978721
1818	0.978721
1819	0.981603
1820	0.981603
1821	0.981603
1822	0.978632
1823	0.978632
1824	0.978632
1825	0.97077
1826	0.97077
1827	0.97077
1828	0.969162
1829	0.969162
1830	0.969162
1831	0.968836
1832	0.968836
1833	0.968836
1834	0.968408
1835	0.968408
1836	0.968408
1837	0.971104
1838	0.971104
1839	0.971104
1840	0.978374
1841	0.978374
1842	0.978374
1843	0.980876
1844	0.980876
1845	0.980876
1846	0.978766
1847	0.978766
1848	0.978766
1849	0.971382
1850	0.971382
1851	0.971382
1852	0.970469
1853	0.970469
1854	0.970469
1855	0.969959
1856	0.969959
1857	0.969959
1858	0.970056
1859	0.970056
1860	0.970056
1861	0.973011
1862	0.973011
1863	0.973011
1864	0.9803
1865	0.9803
1866	0.9803
1867	0.981946
1868	0.981946
1869	0.981946
1870	0.979666
1871	0.979666
1872	0.979666
1873	0.972121
1874	0.972121
1875	0.972121
1876	0.971375
1877	0.971375
1878	0.971375
1879	0.970583
1880	0.970583
1881	0.970583
1882	0.969703
1883	0.969703
1884	0.969703
1885	0.971236
1886	0.971236
1887	0.971236
1888	0.977662
1889	0.977662
1890	0.977662
1891	0.979906
1892	0.979906
1893	0.979906
1894	0.977848
1895	0.977848
1896	0.977848
1897	0.969941
1898	0.969941
1899	0.969941
1900	0.968884
1901	0.968884
1902	0.968884
1903	0.967765
1904	0.967765
1905	0.967765
1906	0.966125
1907	0.966125
1908	0.966125
1909	0.968097
1910	0.968097
1911	0.968097
1912	0.975679
1913	0.975679
1914	0.975679
1915	0.978622
1916	0.978622
1917	0.978622
1918	0.975014
1919	0.975014
1920	0.975014
1921	0.964554
1922	0.964554
1923	0.964554
1924	0.961256
1925	0.961256
1926	0.961256
1927	0.960038
1928	0.960038
1929	0.960038
1930	0.958376
1931	0.958376
1932	0.958376
1933	0.963389
1934	0.963389
1935	0.963389
1936	0.975399
1937	0.975399
1938	0.975399
1939	0.979665
1940	0.979665
1941	0.979665
1942	0.976702
1943	0.976702
1944	0.976702
1945	0.96674
1946	0.96674
1947	0.96674
1948	0.964485
1949	0.964485
1950	0.964485
1951	0.963054
1952	0.963054
1953	0.963054
1954	0.963463
1955	0.963463
1956	0.963463
1957	0.966867
1958	0.966867
1959	0.966867
1960	0.977187
1961	0.977187
1962	0.977187
1963	0.980679
1964	0.980679
1965	0.980679
1966	0.978838
1967	0.978838
1968	0.978838
1969	0.968601
1970	0.968601
1971	0.968601
1972	0.966429
1973	0.966429
1974	0.966429
1975	0.965629
1976	0.965629
1977	0.965629
1978	0.966269
1979	0.966269
1980	0.966269
1981	0.969153
1982	0.969153
1983	0.969153
1984	0.978784
1985	0.978784
1986	0.978784
1987	0.982018
1988	0.982018
1989	0.982018
1990	0.979871
1991	0.979871
1992	0.979871
1993	0.971784
1994	0.971784
1995	0.971784
1996	0.969899
1997	0.969899
1998	0.969899
1999	0.969258
2000	0.969258
2001	0.969258
2002	0.969225
2003	0.969225
2004	0.969225
2005	0.972121
2006	0.972121
2007	0.972121
2008	0.97846
2009	0.97846
2010	0.97846
2011	0.981176
2012	0.981176
2013	0.981176
2014	0.979507
2015	0.979507
2016	0.979507
2017	0.970879
2018	0.970879
2019	0.970879
2020	0.968833
2021	0.968833
2022	0.968833
2023	0.968705
2024	0.968705
2025	0.968705
2026	0.968052
2027	0.968052
2028	0.968052
2029	0.970227
2030	0.970227
2031	0.970227
2032	0.977948
2033	0.977948
2034	0.977948
2035	0.980915
2036	0.980915
2037	0.980915
2038	0.978135
2039	0.978135
2040	0.978135
2041	0.969253
2042	0.969253
2043	0.969253
2044	0.966259
2045	0.966259
2046	0.966259
2047	0.965499
2048	0.965499
2049	0.965499
2050	0.965631
2051	0.965631
2052	0.965631
2053	0.968301
2054	0.968301
2055	0.968301
2056	0.975659
2057	0.975659
2058	0.975659
2059	0.978663
2060	0.978663
2061	0.978663
2062	0.977106
2063	0.977106
2064	0.977106
2065	0.969433
2066	0.969433
2067	0.969433
2068	0.967896
2069	0.967896
2070	0.967896
2071	0.966974
2072	0.966974
2073	0.966974
2074	0.966447
2075	0.966447
2076	0.966447
2077	0.969345
2078	0.969345
2079	0.969345
2080	0.976913
2081	0.976913
2082	0.976913
2083	0.979885
2084	0.979885
2085	0.979885
2086	0.978887
2087	0.978887
2088	0.978887
2089	0.971091
2090	0.971091
2091	0.971091
2092	0.969096
2093	0.969096
2094	0.969096
2095	0.969396
2096	0.969396
2097	0.969396
2098	0.969496
2099	0.969496
2100	0.969496
2101	0.972551
2102	0.972551
2103	0.972551
2104	0.979961
2105	0.979961
2106	0.979961
2107	0.98231
2108	0.98231
2109	0.98231
2110	0.98074
2111	0.98074
2112	0.98074
2113	0.973512
2114	0.973512
2115	0.973512
2116	0.97238
2117	0.97238
2118	0.97238
2119	0.972137
2120	0.972137
2121	0.972137
2122	0.971923
2123	0.971923
2124	0.971923
2125	0.974169
2126	0.974169
2127	0.974169
2128	0.980857
2129	0.980857
2130	0.980857
2131	0.983444
2132	0.983444
2133	0.983444
2134	0.981651
2135	0.981651
2136	0.981651
2137	0.974317
2138	0.974317
2139	0.974317
2140	0.972296
2141	0.972296
2142	0.972296
2143	0.971301
2144	0.971301
2145	0.971301
2146	0.970042
2147	0.970042
2148	0.970042
2149	0.973441
2150	0.973441
2151	0.973441
2152	0.981236
2153	0.981236
2154	0.981236
2155	0.98374
2156	0.98374
2157	0.98374
2158	0.982031
2159	0.982031
2160	0.982031
2161	0.974424
2162	0.974424
2163	0.974424
2164	0.972923
2165	0.972923
2166	0.972923
2167	0.972404
2168	0.972404
2169	0.972404
2170	0.972337
2171	0.972337
2172	0.972337
2173	0.974949
2174	0.974949
2175	0.974949
2176	0.980283
2177	0.980283
2178	0.980283
2179	0.982595
2180	0.982595
2181	0.982595
2182	0.981597
2183	0.981597
2184	0.981597
2185	0.974203
2186	0.974203
2187	0.974203
2188	0.972247
2189	0.972247
2190	0.972247
2191	0.972061
2192	0.972061
2193	0.972061
2194	0.972023
2195	0.972023
2196	0.972023
2197	0.974692
2198	0.974692
2199	0.974692
2200	0.980878
2201	0.980878
2202	0.980878
2203	0.983477
2204	0.983477
2205	0.983477
2206	0.982516
2207	0.982516
2208	0.982516
2209	0.975168
2210	0.975168
2211	0.975168
2212	0.97311
2213	0.97311
2214	0.97311
2215	0.972879
2216	0.972879
2217	0.972879
2218	0.972656
2219	0.972656
2220	0.972656
2221	0.975482
2222	0.975482
2223	0.975482
2224	0.982042
2225	0.982042
2226	0.982042
2227	0.984096
2228	0.984096
2229	0.984096
2230	0.9824
2231	0.9824
2232	0.9824
2233	0.975277
2234	0.975277
2235	0.975277
2236	0.973787
2237	0.973787
2238	0.973787
2239	0.973606
2240	0.973606
2241	0.973606
2242	0.972852
2243	0.972852
2244	0.972852
2245	0.974994
2246	0.974994
2247	0.974994
2248	0.980416
2249	0.980416
2250	0.980416
2251	0.982858
2252	0.982858
2253	0.982858
2254	0.980729
2255	0.980729
2256	0.980729
2257	0.971896
2258	0.971896
2259	0.971896
2260	0.967728
2261	0.967728
2262	0.967728
2263	0.966428
2264	0.966428
2265	0.966428
2266	0.965749
2267	0.965749
2268	0.965749
2269	0.970701
2270	0.970701
2271	0.970701
2272	0.979078
2273	0.979078
2274	0.979078
2275	0.982158
2276	0.982158
2277	0.982158
2278	0.980528
2279	0.980528
2280	0.980528
2281	0.972356
2282	0.972356
2283	0.972356
2284	0.970511
2285	0.970511
2286	0.970511
2287	0.970794
2288	0.970794
2289	0.970794
2290	0.971297
2291	0.971297
2292	0.971297
2293	0.974641
2294	0.974641
2295	0.974641
2296	0.980942
2297	0.980942
2298	0.980942
2299	0.982945
2300	0.982945
2301	0.982945
2302	0.981215
2303	0.981215
2304	0.981215
2305	0.975381
2306	0.975381
2307	0.975381
2308	0.973948
2309	0.973948
2310	0.973948
2311	0.973921
2312	0.973921
2313	0.973921
2314	0.973799
2315	0.973799
2316	0.973799
2317	0.975327
2318	0.975327
2319	0.975327
2320	0.978412
2321	0.978412
2322	0.978412
2323	0.980926
2324	0.980926
2325	0.980926
2326	0.980298
2327	0.980298
2328	0.980298
2329	0.972793
2330	0.972793
2331	0.972793
2332	0.969152
2333	0.969152
2334	0.969152
2335	0.967882
2336	0.967882
2337	0.967882
2338	0.96674
2339	0.96674
2340	0.96674
2341	0.970937
2342	0.970937
2343	0.970937
2344	0.978917
2345	0.978917
2346	0.978917
2347	0.9822
2348	0.9822
2349	0.9822
2350	0.981073
2351	0.981073
2352	0.981073
2353	0.972643
2354	0.972643
2355	0.972643
2356	0.970554
2357	0.970554
2358	0.970554
2359	0.970395
2360	0.970395
2361	0.970395
2362	0.970405
2363	0.970405
2364	0.970405
2365	0.973216
2366	0.973216
2367	0.973216
2368	0.979936
2369	0.979936
2370	0.979936
2371	0.982288
2372	0.982288
2373	0.982288
2374	0.981382
2375	0.981382
2376	0.981382
2377	0.974149
2378	0.974149
2379	0.974149
2380	0.972071
2381	0.972071
2382	0.972071
2383	0.971353
2384	0.971353
2385	0.971353
2386	0.970361
2387	0.970361
2388	0.970361
2389	0.973379
2390	0.973379
2391	0.973379
2392	0.98062
2393	0.98062
2394	0.98062
2395	0.983479
2396	0.983479
2397	0.983479
2398	0.981877
2399	0.981877
2400	0.981877
2401	0.972984
2402	0.972984
2403	0.972984
2404	0.969888
2405	0.969888
2406	0.969888
2407	0.96889
2408	0.96889
2409	0.96889
2410	0.968357
2411	0.968357
2412	0.968357
2413	0.972784
2414	0.972784
2415	0.972784
2416	0.981762
2417	0.981762
2418	0.981762
2419	0.98482
2420	0.98482
2421	0.98482
2422	0.982924
2423	0.982924
2424	0.982924
2425	0.973327
2426	0.973327
2427	0.973327
2428	0.969986
2429	0.969986
2430	0.969986
2431	0.970184
2432	0.970184
2433	0.970184
2434	0.969422
2435	0.969422
2436	0.969422
2437	0.973006
2438	0.973006
2439	0.973006
2440	0.982695
2441	0.982695
2442	0.982695
2443	0.985303
2444	0.985303
2445	0.985303
2446	0.982885
2447	0.982885
2448	0.982885
2449	0.974001
2450	0.974001
2451	0.974001
2452	0.970873
2453	0.970873
2454	0.970873
2455	0.970133
2456	0.970133
2457	0.970133
2458	0.969737
2459	0.969737
2460	0.969737
2461	0.974322
2462	0.974322
2463	0.974322
2464	0.982366
2465	0.982366
2466	0.982366
2467	0.983892
2468	0.983892
2469	0.983892
2470	0.981828
2471	0.981828
2472	0.981828
2473	0.974214
2474	0.974214
2475	0.974214
2476	0.971998
2477	0.971998
2478	0.971998
2479	0.971895
2480	0.971895
2481	0.971895
2482	0.971833
2483	0.971833
2484	0.971833
2485	0.974442
2486	0.974442
2487	0.974442
2488	0.979622
2489	0.979622
2490	0.979622
2491	0.981011
2492	0.981011
2493	0.981011
2494	0.97948
2495	0.97948
2496	0.97948
2497	0.971148
2498	0.971148
2499	0.971148
2500	0.969713
2501	0.969713
2502	0.969713
2503	0.968764
2504	0.968764
2505	0.968764
2506	0.967696
2507	0.967696
2508	0.967696
2509	0.970637
2510	0.970637
2511	0.970637
2512	0.97742
2513	0.97742
2514	0.97742
2515	0.981099
2516	0.981099
2517	0.981099
2518	0.979962
2519	0.979962
2520	0.979962
2521	0.970266
2522	0.970266
2523	0.970266
2524	0.966752
2525	0.966752
2526	0.966752
2527	0.966783
2528	0.966783
2529	0.966783
2530	0.965985
2531	0.965985
2532	0.965985
2533	0.96952
2534	0.96952
2535	0.96952
2536	0.97856
2537	0.97856
2538	0.97856
2539	0.982272
2540	0.982272
2541	0.982272
2542	0.980202
2543	0.980202
2544	0.980202
2545	0.96978
2546	0.96978
2547	0.96978
2548	0.966071
2549	0.966071
2550	0.966071
2551	0.964629
2552	0.964629
2553	0.964629
2554	0.963471
2555	0.963471
2556	0.963471
2557	0.968534
2558	0.968534
2559	0.968534
2560	0.97987
2561	0.97987
2562	0.97987
2563	0.983539
2564	0.983539
2565	0.983539
2566	0.981138
2567	0.981138
2568	0.981138
2569	0.970351
2570	0.970351
2571	0.970351
2572	0.968058
2573	0.968058
2574	0.968058
2575	0.968506
2576	0.968506
2577	0.968506
2578	0.968516
2579	0.968516
2580	0.968516
2581	0.973579
2582	0.973579
2583	0.973579
2584	0.982025
2585	0.982025
2586	0.982025
2587	0.9839
2588	0.9839
2589	0.9839
2590	0.982207
2591	0.982207
2592	0.982207
2593	0.97389
2594	0.97389
2595	0.97389
2596	0.971426
2597	0.971426
2598	0.971426
2599	0.971262
2600	0.971262
2601	0.971262
2602	0.970585
2603	0.970585
2604	0.970585
2605	0.974568
2606	0.974568
2607	0.974568
2608	0.981213
2609	0.981213
2610	0.981213
2611	0.982895
2612	0.982895
2613	0.982895
2614	0.981572
2615	0.981572
2616	0.981572
2617	0.973607
2618	0.973607
2619	0.973607
2620	0.96806
2621	0.96806
2622	0.96806
2623	0.965688
2624	0.965688
2625	0.965688
2626	0.96467
2627	0.96467
2628	0.96467
2629	0.971212
2630	0.971212
2631	0.971212
2632	0.979691
2633	0.979691
2634	0.979691
2635	0.981663
2636	0.981663
2637	0.981663
2638	0.98111
2639	0.98111
2640	0.98111
2641	0.972795
2642	0.972795
2643	0.972795
2644	0.969632
2645	0.969632
2646	0.969632
2647	0.969089
2648	0.969089
2649	0.969089
2650	0.968655
2651	0.968655
2652	0.968655
2653	0.973177
2654	0.973177
2655	0.973177
2656	0.97967
2657	0.97967
2658	0.97967
2659	0.981917
2660	0.981917
2661	0.981917
2662	0.981387
2663	0.981387
2664	0.981387
