     id                fecha tipo_elem  ...  vmed  error  periodo_integracion
0  1001  2023-11-01 00:00:00       C30  ...  64.0      N                    5
1  1001  2023-11-01 00:15:00       C30  ...  52.0      N                    5
2  1001  2023-11-01 00:30:00       C30  ...  55.0      N                    5
3  1001  2023-11-01 00:45:00       C30  ...  53.0      N                    5
4  1001  2023-11-01 01:00:00       C30  ...  59.0      N                    5

[5 rows x 9 columns]
     id                fecha tipo_elem  ...  vmed  error  periodo_integracion
0  1001  2023-11-01 00:00:00       C30  ...  64.0      N                    5
1  1001  2023-11-01 00:15:00       C30  ...  52.0      N                    5
2  1001  2023-11-01 00:30:00       C30  ...  55.0      N                    5
3  1001  2023-11-01 00:45:00       C30  ...  53.0      N                    5

[4 rows x 9 columns]
4663
Histograma de muestras por sensor
id muestras
1001 2880
1002 2880
1003 2880
1006 2880
1009 2880
1010 2880
1011 2880
1012 2880
1013 2880
1014 2880
1017 2880
1018 2880
1019 2880
1020 2880
1021 2880
1022 2880
1023 2880
1024 2880
1025 2880
1026 2880
1027 2880
1028 2880
1029 2880
1030 2880
1031 2880
1032 2880
1033 2880
1034 2880
1035 2880
1036 2880
1037 2880
1038 2880
1039 2880
1040 2880
1041 2880
1042 2880
1043 2880
1044 2880
1045 2880
1046 2880
1047 2880
1048 2880
1049 2880
1050 2880
1052 2880
3395 2814
3396 2860
3397 2877
3398 2694
3399 2457
3400 2646
3401 2862
3402 2325
3403 2872
3404 2388
3405 2878
3406 2871
3407 2853
3408 2870
3409 2871
3410 2878
3411 2847
3412 2800
3413 2844
3414 2878
3415 2813
3416 2740
3417 2648
3418 2869
3419 2874
3420 1877
3421 2879
3423 2869
3424 2871
3425 2870
3426 2876
3427 2874
3428 2842
3430 2840
3431 2876
3432 2880
3433 2880
3434 2856
3435 2857
3436 2872
3437 2863
3438 2817
3439 2826
3440 2673
3442 2869
3443 2830
3444 2583
3445 2878
3446 2867
3447 2874
3448 1
3449 2733
3452 2880
3453 2880
3454 2878
3455 2872
3456 2874
3457 2879
3458 2867
3459 2843
3460 2874
3461 2880
3462 2880
3463 1
3464 1
3465 2848
3466 2833
3467 2874
3468 2849
3469 2875
3470 2779
3471 2037
3472 2687
3473 2856
3474 2876
3475 2878
3476 2878
3477 2877
3478 2876
3479 2836
3480 2878
3481 2866
3482 2781
3484 2844
3485 2772
3486 2840
3487 2878
3488 2847
3489 2880
3490 2758
3491 2854
3492 2816
3493 2879
3494 2880
3495 2880
3496 2880
3497 2844
3498 2878
3499 2879
3500 2880
3501 2861
3502 2859
3503 2872
3504 2530
3505 2879
3506 2879
3507 2880
3508 2879
3509 2857
3510 108
3511 2842
3512 2747
3513 2848
3514 2766
3515 2880
3516 2880
3517 2876
3518 2877
3519 2872
3520 2818
3521 2873
3522 2880
3523 2878
3524 2867
3525 2870
3526 2877
3527 936
3528 2765
3529 2874
3530 2754
3531 2880
3532 2875
3533 2878
3536 2880
3538 2324
3539 2880
3542 2880
3544 2880
3545 2880
3546 2880
3551 2876
3553 2859
3556 2870
3557 2879
3558 2880
3559 2876
3560 2879
3561 2880
3562 2856
3563 2767
3564 2330
3565 1756
3566 2877
3567 2877
3568 2877
3569 2878
3570 2195
3571 1694
3572 2878
3573 2285
3574 2865
3576 1949
3577 2575
3578 2847
3579 2868
3580 2880
3581 2855
3582 2748
3583 2873
3584 2874
3585 2855
3586 2876
3587 2875
3588 2874
3589 2825
3590 2863
3591 2830
3592 2841
3593 2880
3594 2879
3595 2774
3596 2873
3597 2880
3598 2880
3599 2880
3600 2880
3601 2655
3602 2833
3603 2878
3604 7
3605 2648
3606 2868
3607 2880
3608 2880
3609 2879
3610 2868
3611 2877
3612 2880
3613 2844
3614 2864
3615 2818
3616 120
3618 2789
3619 2880
3620 2880
3621 2869
3622 2873
3623 2878
3624 2867
3626 2694
3627 2721
3628 2878
3629 2878
3630 2861
3631 2870
3632 2831
3634 2878
3636 2878
3637 2878
3638 2575
3639 2746
3640 2877
3641 2878
3642 2879
3643 2871
3644 2880
3645 2877
3646 2879
3647 2880
3648 2484
3649 2879
3650 2873
3651 2814
3653 2877
3654 2870
3655 2871
3656 2880
3657 2880
3658 2880
3659 2880
3660 2880
3661 2880
3663 2880
3664 2880
3665 2879
3666 2875
3667 2880
3668 2880
3669 343
3670 2747
3671 2861
3672 2862
3674 2880
3675 2669
3676 2862
3677 2846
3678 2750
3679 2880
3680 2861
3681 2877
3683 2807
3684 2878
3685 2878
3686 2876
3687 2877
3688 2878
3689 2834
3690 2802
3691 2875
3692 2878
3693 2878
3694 2880
3695 2873
3696 2847
3697 2877
3698 2867
3699 2696
3700 2852
3702 2878
3703 2880
3704 2880
3705 2880
3706 2880
3707 2864
3708 2731
3709 2880
3710 2880
3711 2833
3712 2829
3713 2703
3714 2251
3715 2878
3716 2851
3717 2876
3718 2878
3719 2873
3720 2880
3722 2877
3723 2838
3724 2809
3725 2763
3726 2653
3727 2820
3728 2498
3729 2833
3730 2849
3731 2846
3733 2843
3734 2865
3735 2837
3737 1687
3738 2536
3739 2819
3740 2828
3741 2877
3742 2878
3743 2880
3744 2879
3745 2878
3746 2839
3747 2870
3748 2880
3749 2874
3750 2874
3751 2878
3752 10
3753 2880
3754 2879
3755 2871
3756 2880
3757 2880
3758 2804
3759 2806
3760 2879
3761 2880
3762 2880
3763 2880
3764 2880
3767 2872
3768 2871
3769 2874
3770 2808
3771 2878
3772 2851
3773 2768
3774 2876
3775 2880
3776 2879
3777 2877
3778 2856
3781 2879
3782 2878
3783 2878
3784 2880
3785 2880
3786 2875
3787 2824
3788 2868
3789 2873
3790 2880
3791 2872
3792 2710
3793 2880
3794 2671
3795 2690
3796 2856
3797 2878
3798 2878
3799 2795
3800 2840
3801 2880
3802 2878
3803 2878
3804 2866
3805 2876
3806 2806
3807 2876
3808 2876
3809 2861
3810 2880
3811 2880
3812 888
3813 2719
3814 2536
3815 2435
3816 2862
3817 2878
3818 2720
3819 2870
3820 2638
3821 2880
3822 2880
3823 2872
3824 2805
3825 2853
3826 2870
3827 2880
3828 2880
3829 2831
3830 2878
3831 2879
3832 2877
3833 2880
3834 2880
3835 2791
3836 2880
3837 2876
3838 2880
3839 2877
3840 2752
3841 2869
3842 2842
3843 2844
3844 2857
3845 2834
3846 2880
3847 2876
3848 2879
3850 2873
3851 2853
3852 2837
3854 2820
3856 2850
3857 2858
3858 2877
3859 2853
3860 2875
3861 2821
3862 2872
3864 2877
3865 2843
3866 2696
3867 2863
3868 2645
3869 2876
3870 2848
3871 2829
3872 2847
3873 2838
3874 2866
3875 2712
3876 2569
3878 2657
3880 2803
3881 2829
3882 2872
3883 2877
3884 2877
3885 2874
3886 2868
3887 2878
3891 2880
3892 2880
3893 2876
3894 2880
3895 2880
3896 2880
3897 2878
3898 2778
3899 2880
3900 2880
3901 2877
3902 2880
3903 2865
3905 2879
3906 2879
3907 2877
3908 2880
3909 2880
3910 2877
3911 2879
3912 2880
3913 2872
3914 2880
3915 2875
3916 2880
3917 2880
3918 2875
3919 2880
3920 2874
3921 2880
3922 2848
3923 2879
3924 2880
3925 2877
3926 2880
3927 2862
3928 2676
3930 2880
3931 2875
3932 2873
3933 2869
3934 2848
3935 2873
3936 2857
3937 2848
3938 2875
3939 2879
3940 2834
3941 2874
3942 2848
3943 2847
3944 2877
3945 2879
3946 2874
3947 2880
3948 2880
3949 2880
3950 2877
3951 2880
3952 2880
3953 2233
3954 2880
3956 2880
3957 2880
3958 2879
3959 2857
3960 2854
3961 2879
3962 1360
3963 2877
3964 2880
3965 2880
3966 2879
3967 2857
3970 2880
3971 2873
3972 2880
3973 2873
3974 2872
3975 2872
3976 2880
3977 2880
3978 2880
3979 2873
3980 2878
3981 2854
3982 2857
3992 2880
3993 2880
3994 2824
3995 2880
3996 2880
3997 2832
3998 2876
3999 2880
4000 2880
4001 2877
4002 2876
4003 2880
4004 2824
4005 2842
4006 2785
4008 2880
4009 2876
4010 2880
4011 2880
4012 2880
4013 2879
4014 2875
4015 2880
4016 2879
4017 2880
4018 2880
4019 2880
4021 2880
4022 2877
4023 2855
4024 2833
4025 2880
4026 2873
4027 2866
4028 2873
4029 2880
4030 2847
4031 2880
4032 2880
4033 2714
4034 2880
4035 2880
4036 2880
4037 2880
4039 2880
4040 2865
4041 2868
4042 2877
4043 2631
4044 2637
4045 2880
4046 2877
4047 2880
4048 2872
4049 2879
4050 2879
4051 2830
4052 2880
4053 2879
4054 2877
4055 2874
4056 2878
4057 2880
4058 2878
4059 2874
4060 2859
4061 2868
4062 2879
4064 2878
4066 2880
4067 2880
4068 2880
4070 2880
4071 2869
4073 2879
4074 2879
4075 2880
4076 2878
4077 2880
4078 2873
4079 2549
4080 2878
4081 2871
4082 2878
4083 2724
4084 2732
4085 2684
4086 2867
4087 2825
4088 2532
4089 2658
4090 2866
4091 2789
4092 2875
4093 2513
4094 2678
4095 2744
4096 2802
4097 2853
4099 2631
4100 2795
4101 2845
4102 2755
4103 2873
4104 2813
4105 2818
4106 2661
4107 2043
4108 2707
4109 2656
4110 2876
4111 2874
4112 2806
4113 2878
4114 2873
4115 2878
4116 2878
4117 2709
4118 2828
4119 2875
4120 70
4121 2850
4122 2878
4123 2369
4124 2876
4125 2818
4126 2880
4127 2874
4129 2880
4130 2698
4132 2625
4133 2880
4134 2866
4135 2877
4136 1527
4137 2879
4139 2880
4140 2880
4141 2880
4142 2814
4143 2725
4144 2712
4145 2800
4146 2865
4147 2830
4148 2828
4149 2843
4150 2738
4151 2824
4152 2873
4153 2878
4154 2880
4155 2878
4156 2668
4157 2872
4158 2338
4159 2875
4160 2762
4161 2870
4162 2872
4163 2844
4164 2878
4167 2878
4168 2876
4169 2859
4170 2636
4171 2774
4172 2878
4173 2845
4174 2777
4175 2777
4176 2818
4177 2842
4178 2877
4179 2868
4180 2877
4181 2878
4182 2877
4183 2858
4184 2877
4185 2876
4186 2878
4187 381
4188 2724
4189 2877
4190 2859
4191 2876
4192 2871
4193 2877
4194 2878
4195 2874
4196 2786
4197 2876
4198 2878
4199 2876
4200 2878
4201 2877
4202 2872
4203 2874
4204 2876
4205 2850
4206 2854
4207 2853
4208 2874
4209 2874
4211 2878
4212 2876
4213 2860
4214 2849
4215 2802
4216 2878
4217 2874
4218 2869
4219 2805
4220 2857
4221 2599
4222 2813
4223 2863
4224 2879
4225 2777
4226 2819
4227 2305
4228 2839
4229 2799
4230 2849
4231 2781
4232 2430
4233 2791
4234 2852
4235 2841
4236 2763
4237 2778
4238 2865
4239 2867
4243 2758
4244 2841
4245 2872
4246 2855
4247 2783
4248 2840
4249 2858
4250 2849
4251 2873
4252 2871
4254 2876
4256 2866
4257 2878
4258 2860
4259 2870
4260 2845
4261 2839
4262 2866
4263 2870
4264 2878
4265 2873
4266 2683
4268 2862
4269 514
4270 2878
4282 2566
4283 2876
4284 2872
4285 2878
4286 2877
4287 315
4289 2843
4290 2799
4291 2871
4292 2827
4293 2846
4294 2853
4295 2877
4296 2878
4297 2839
4298 2874
4301 2812
4303 2860
4304 2840
4305 2878
4306 2857
4307 2851
4308 2844
4309 2863
4310 2878
4311 2867
4312 2878
4313 2869
4314 2868
4315 2878
4316 2873
4317 2878
4318 1947
4319 2854
4320 2840
4321 2878
4322 2848
4323 2877
4324 2831
4325 2857
4326 2821
4327 2864
4328 2758
4329 2874
4330 2837
4331 2869
4337 2877
4338 2878
4339 2870
4340 2869
4341 2869
4342 2877
4343 2873
4345 2699
4346 2877
4347 2671
4348 2876
4349 2876
4350 2875
4351 2876
4352 2874
4353 2877
4354 2873
4355 2872
4356 2843
4357 2856
4358 2761
4359 2861
4360 2550
4361 2618
4362 2861
4363 1558
4364 2728
4365 2872
4366 2857
4367 2849
4369 2877
4370 2694
4371 2544
4372 2608
4373 2877
4375 2863
4376 2871
4377 2658
4379 2877
4380 2879
4381 2852
4382 2880
4383 2876
4384 2880
4385 2866
4386 2880
4387 2880
4388 2880
4389 2880
4390 2863
4391 2880
4392 2880
4393 2880
4394 2880
4395 2880
4400 2876
4402 2878
4403 2874
4404 2880
4405 2880
4406 2735
4407 2874
4408 2858
4409 2880
4410 2750
4411 2880
4412 2880
4413 2880
4414 2880
4415 2874
4416 2857
4417 2873
4418 2860
4419 2879
4421 2880
4422 2880
4423 2880
4424 2746
4425 2879
4426 2878
4427 2880
4428 2880
4429 2852
4430 2821
4431 2869
4432 2880
4433 2878
4434 2880
4436 2860
4437 2862
4438 2880
4439 2877
4440 2880
4441 2878
4442 2872
4443 2877
4444 2851
4445 2880
4446 2880
4447 2880
4448 2878
4449 2880
4450 2877
4451 2879
4452 2877
4453 2878
4454 2871
4455 2880
4456 2875
4457 2880
4458 2880
4459 2878
4460 2852
4461 2855
4462 2855
4464 2880
4470 2867
4471 2877
4472 2844
4473 2779
4475 2694
4476 2611
4477 2855
4479 1972
4480 2808
4481 2859
4483 2880
4484 2785
4485 2877
4486 2880
4487 2813
4488 2872
4489 2868
4490 2779
4491 2497
4492 2869
4495 2872
4496 2873
4497 2870
4498 2755
4500 2768
4501 2828
4502 2684
4503 2836
4504 2614
4505 2393
4506 2606
4507 2685
4508 2686
4509 2705
4510 2602
4511 2667
4512 2711
4513 2857
4514 2840
4515 2834
4516 2260
4517 2414
4518 2829
4519 2838
4520 2863
4521 2855
4522 2845
4523 2852
4524 2855
4525 2772
4526 2666
4527 2810
4528 2851
4529 2755
4530 2689
4531 2843
4532 2794
4533 2852
4534 2683
4535 2777
4536 2863
4537 2852
4538 2643
4539 2782
4540 2745
4543 2870
4545 2878
4546 2796
4547 146
4548 2822
4549 2873
4550 2463
4551 2876
4552 2874
4553 2868
4554 2726
4555 2874
4556 2850
4557 2876
4558 2637
4559 2704
4560 2719
4561 2819
4562 2517
4563 2875
4564 2871
4565 2764
4566 2874
4567 2858
4568 2858
4569 2852
4570 2810
4572 2232
4573 2099
4574 2688
4575 2584
4576 2834
4577 2642
4578 2554
4579 2563
4580 2789
4581 2825
4582 2810
4585 2878
4586 2798
4587 2862
4588 2731
4589 2870
4590 2178
4591 2175
4592 2799
4593 2878
4594 2777
4595 2876
4596 2871
4597 2854
4598 2322
4599 2106
4600 2336
4601 2538
4602 2384
4603 2783
4604 2810
4605 2817
4606 2759
4607 2757
4608 2806
4609 2479
4610 2858
4611 2816
4612 2209
4614 2859
4615 2794
4616 2772
4617 2822
4618 2817
4619 2817
4620 2341
4621 2756
4622 2568
4623 2719
4624 2875
4625 2878
4626 2876
4627 2878
4628 52
4629 2878
4630 2859
4631 2878
4632 2845
4633 2708
4634 2529
4635 2797
4636 2873
4637 2416
4638 2779
4639 2705
4640 2792
4641 2845
4642 2825
4643 2826
4644 2874
4645 2815
4647 2857
4648 2519
4649 2878
4650 2877
4651 2877
4652 2862
4653 2840
4654 2872
4655 2800
4656 2685
4657 2805
4658 2850
4659 2011
4661 2759
4662 2857
4663 2745
4664 2862
4665 2849
4666 2847
4667 2866
4668 2861
4669 2562
4670 2727
4671 2848
4672 2826
4673 2781
4674 2853
4675 2755
4676 2561
4677 1843
4678 2870
4679 2817
4680 2854
4681 2792
4682 2790
4683 2840
4684 2859
4686 2284
4687 2800
4688 2867
4689 2867
4690 2853
4691 2800
4692 2831
4693 2758
4695 2763
4696 2645
4697 2866
4698 2861
4699 2877
4700 1792
4701 2865
4702 2874
4703 2880
4704 2880
4706 2880
4707 2878
4708 2878
4709 2878
4710 2878
4711 2878
4712 2878
4713 2878
4714 2878
4715 2878
4716 79
4717 2871
4718 2875
4719 2824
4720 2573
4722 2735
4723 2511
4725 2653
4726 2462
4727 2735
4728 2846
4729 2741
4730 2709
4731 2739
4732 2808
4733 2502
4734 2866
4737 2766
4738 2650
4739 2870
4740 2865
4741 2852
4742 2878
4743 2878
4744 2878
4745 2878
4746 2878
4747 2857
4748 2876
4749 2864
4750 2877
4751 2877
4752 2877
4753 2869
4754 2877
4755 2807
4756 2878
4757 55
4759 2866
4760 2876
4761 2877
4762 2877
4763 2867
4764 2876
4765 2831
4766 2877
4767 1859
4768 2385
4769 2534
4770 2866
4771 2859
4772 2874
4773 2878
4774 2421
4775 2878
4776 2878
4777 2878
4779 2878
4780 2850
4781 2878
4782 2878
4783 2878
4784 2878
4785 2878
4786 2878
4787 2877
4788 2876
4789 2872
4790 2878
4791 2638
4792 2868
4793 2878
4794 2877
4795 2867
4796 2852
4797 2278
4798 2877
4799 2878
4802 2878
4803 2422
4804 2878
4805 2878
4806 4
4807 2878
4808 2732
4809 2878
4810 2877
4811 2407
4812 2606
4813 2601
4817 2596
4818 2874
4819 2877
4820 2613
4821 2878
4822 2878
4823 2875
4824 2878
4825 2878
4826 2878
4827 2835
4828 2878
4829 2878
4830 2364
4831 2872
4832 2701
4833 2878
4834 2874
4835 2878
4836 2878
4837 2877
4838 2853
4839 2877
4840 2860
4841 2878
4842 2512
4843 2646
4845 2876
4846 2878
4847 2842
4848 2728
4849 2878
4850 2878
4851 2878
4852 2877
4853 2870
4854 2297
4855 2876
4856 2820
4857 2101
4858 2143
4859 1633
4860 2860
4861 2636
4866 2868
4867 2612
4868 2862
4869 2775
4870 2549
4871 2692
4872 2846
4873 2867
4874 2859
4875 2861
4876 2802
4877 2825
4878 2799
4879 2842
4880 2821
4881 2848
4882 949
4883 2848
4884 2873
4885 1573
4886 2109
4887 2683
4888 2841
4889 2865
4891 2873
4894 2878
4895 2877
4896 2878
4897 2877
4898 2875
4899 2877
4900 2877
4901 2878
4902 2874
4903 2877
4904 2842
4906 2878
4907 2820
4908 2742
4909 2878
4910 2876
4912 2686
4914 2817
4915 2862
4916 2644
4917 2731
4918 2866
4919 2135
4920 2878
4921 2804
4922 2878
4923 2878
4926 2878
4927 2878
4928 2741
4929 2878
4930 2878
4931 2878
4932 2878
4933 2878
4934 2878
4935 2878
4938 2877
4940 1946
4941 2878
4942 2878
4943 2878
4944 2878
4945 2243
4946 2815
4947 2878
4948 2877
4949 2878
4950 2878
4951 2848
4952 2878
4953 2878
4954 2878
4956 2878
4957 2836
4958 2555
4959 2878
4960 2012
4961 2874
4963 2878
4964 2843
4965 2878
4966 2878
4967 2874
4968 2877
4969 2877
4970 2778
4971 2878
4972 2811
4973 2878
4974 2878
4975 2829
4976 2849
4977 2878
4978 2491
4979 2852
4980 2868
4981 2852
4982 1903
4983 2878
4984 2878
4985 2878
4986 2878
4987 2878
4988 2877
4989 2874
4992 2288
4993 1959
4994 2878
4995 2765
4996 2878
4997 2868
4998 2878
4999 2878
5000 2871
5001 2878
5002 2867
5003 2876
5004 2877
5005 2878
5006 2871
5007 2878
5008 2878
5009 2878
5010 2872
5011 2844
5012 2866
5013 2878
5014 2878
5015 2876
5016 2870
5017 2867
5018 2875
5019 2877
5020 2
5021 2878
5022 2878
5023 2873
5024 306
5029 2602
5030 2868
5031 301
5032 2471
5033 2588
5034 2784
5035 2620
5037 2875
5038 2876
5039 2878
5040 2876
5041 2878
5042 2878
5043 2878
5044 2878
5045 2878
5046 2878
5047 2878
5048 2878
5049 2878
5050 2877
5051 2878
5052 2878
5053 2876
5054 2878
5055 2315
5056 2859
5057 2878
5058 2877
5059 2863
5060 2178
5061 2878
5068 2863
5069 2878
5070 2229
5071 2851
5072 2880
5073 2879
5074 2879
5075 2875
5076 2860
5077 2878
5078 2878
5079 2869
5081 2878
5082 2878
5083 2868
5084 2878
5085 2878
5087 2511
5088 2878
5090 2872
5091 2878
5092 2877
5093 2860
5094 2878
5095 2830
5096 2876
5097 2662
5098 2876
5099 2876
5100 2878
5101 1352
5102 2234
5103 2831
5104 2876
5105 2878
5106 2874
5107 2870
5108 236
5109 2871
5110 2878
5111 2872
5112 2878
5113 2878
5114 2878
5115 2878
5116 2878
5117 2878
5118 2872
5119 2745
5120 2875
5121 2878
5122 2878
5123 195
5124 2878
5125 2878
5126 2878
5127 2878
5128 2878
5130 2879
5131 2878
5132 2874
5133 2878
5134 2875
5135 2867
5136 2876
5137 2871
5138 2868
5139 2875
5140 1633
5141 2877
5142 2553
5143 2826
5144 2872
5145 2873
5146 2303
5147 2821
5148 2876
5149 2869
5150 2825
5151 2858
5152 2862
5153 2532
5154 2875
5155 2873
5156 2867
5157 2724
5158 2786
5159 2875
5160 2878
5162 2877
5163 2849
5164 2846
5165 2878
5166 2878
5168 2755
5169 2793
5170 2826
5171 2686
5172 2875
5173 1575
5174 2878
5175 2878
5176 2878
5177 2791
5178 2866
5179 2878
5182 2878
5183 2855
5184 2878
5185 2878
5186 2878
5187 2863
5188 2876
5189 2376
5190 2325
5191 2865
5192 2878
5193 2728
5194 2878
5195 2878
5196 2878
5197 2878
5198 2867
5199 2865
5200 2865
5201 2865
5202 2866
5203 1968
5204 2663
5205 2863
5206 2866
5207 2866
5208 2863
5209 2865
5210 2866
5211 1
5212 2860
5213 2866
5214 2866
5215 2851
5216 2866
5217 2805
5218 2739
5219 2782
5220 2617
5221 2866
5222 2866
5223 2866
5224 2866
5227 2866
5228 2866
5229 2857
5230 2866
5231 2869
5232 2879
5233 2879
5234 2876
5235 2879
5236 2873
5237 2872
5238 2870
5239 2873
5240 2846
5241 2857
5242 2495
5243 2878
5244 2878
5245 2
5246 632
5247 764
5248 2851
5249 2878
5250 2878
5251 2878
5252 2186
5253 2878
5254 2827
5255 2878
5256 2877
5257 2812
5258 2734
5259 2878
5260 2718
5261 2878
5262 2877
5263 2878
5264 2858
5265 2818
5268 1322
5269 2878
5270 2763
5271 2878
5272 2
5275 2859
5277 1944
5279 2875
5280 2878
5281 2878
5282 2878
5283 2878
5284 2868
5285 2878
5286 2878
5287 2878
5288 2878
5289 2878
5290 2878
5291 2878
5292 2878
5293 2878
5294 2119
5295 2878
5296 2854
5297 2364
5298 2
5299 2
5300 2868
5301 2878
5302 2873
5303 2826
5304 2874
5305 2878
5306 2878
5307 2877
5308 2877
5309 10
5310 2875
5311 2864
5312 2055
5313 2729
5314 2878
5315 2869
5316 2878
5317 2878
5318 2686
5319 2878
5320 2819
5321 2876
5322 2870
5323 2878
5324 2872
5325 2878
5328 2869
5329 2826
5330 2870
5331 2787
5332 2847
5333 2876
5334 2873
5335 2845
5336 2878
5337 2878
5338 2805
5339 2878
5340 2839
5341 2799
5342 2837
5343 2876
5344 2838
5345 2873
5346 2830
5347 2878
5348 2878
5349 2878
5350 2878
5351 2878
5352 2878
5354 2876
5355 2832
5356 2842
5357 2703
5358 2716
5359 2759
5360 2804
5361 11
5362 2812
5363 2809
5364 2806
5365 2755
5366 2788
5367 2725
5368 2357
5369 2811
5373 2763
5374 2793
5375 2799
5376 2808
5377 2542
5378 2404
5379 2549
5380 2739
5381 2811
5382 2760
5383 2783
5384 2776
5385 2839
5386 2876
5387 2777
5388 2857
5389 2824
5390 2866
5391 1945
5392 2843
5393 2876
5394 2876
5396 2877
5397 2876
5398 2574
5399 2876
5400 2860
5401 2877
5402 2877
5403 2782
5404 2854
5405 2862
5406 2826
5407 2604
5408 2511
5409 2865
5410 2742
5414 2763
5415 2873
5416 2810
5417 2831
5418 2835
5419 2825
5420 2645
5421 2744
5422 2878
5423 2879
5424 2879
5425 2879
5426 1
5427 900
5429 2875
5430 2696
5431 2879
5432 2834
5434 2877
5435 2779
5436 2790
5437 2875
5438 2391
5440 2879
5442 8
5444 1
5451 2870
5452 2866
5453 2864
5454 2866
5455 2853
5456 74
5457 2856
5458 2872
5459 2866
5460 2875
5461 2869
5462 2870
5463 2873
5464 2871
5465 2880
5466 2859
5467 2877
5468 2880
5469 2880
5470 2870
5472 2868
5473 2859
5474 2876
5475 2858
5476 2880
5477 2877
5478 2880
5479 2879
5480 2880
5481 2880
5482 2871
5483 2834
5484 2877
5485 2857
5486 2880
5487 2880
5488 2878
5489 2879
5490 2880
5491 2878
5492 2880
5493 2880
5494 2872
5495 2880
5496 2880
5497 2748
5498 2851
5499 2856
5500 2872
5502 2865
5503 2811
5504 8
5505 2612
5506 2662
5508 2867
5509 2879
5510 2863
5511 2876
5512 2876
5513 2832
5515 2880
5516 2880
5517 2880
5518 2880
5519 2880
5520 2880
5521 2880
5522 2880
5523 2868
5524 2880
5525 2880
5526 2863
5527 2876
5528 2880
5529 2836
5530 2875
5531 2839
5532 2880
5533 2878
5534 2880
5535 2880
5536 2880
5537 2876
5538 2876
5539 2864
5540 2879
5541 2880
5542 2880
5543 2880
5544 914
5545 2878
5546 2878
5547 2880
5548 2830
5549 2880
5551 2879
5552 2879
5553 2874
5554 2879
5555 2874
5556 2868
5557 2878
5558 2867
5559 2880
5560 2880
5561 2788
5562 2879
5563 2826
5564 2845
5565 2840
5566 2880
5567 2873
5568 2876
5569 2880
5570 2848
5571 2878
5572 2880
5573 2880
5574 2880
5575 2877
5576 2880
5577 2878
5578 2878
5579 2879
5580 2879
5581 2880
5582 2672
5583 2880
5584 2644
5585 2880
5586 2880
5587 2880
5588 2779
5589 2868
5590 2879
5591 2880
5592 2826
5593 2421
5594 2644
5595 2617
5596 2549
5597 2497
5598 2831
5599 2761
5600 2739
5601 2794
5602 2743
5603 2743
5604 2760
5605 2801
5606 2730
5607 2614
5608 2877
5609 2296
5610 2516
5611 2399
5612 2773
5613 2880
5614 2674
5615 2804
5616 2880
5617 2856
5618 2863
5619 2879
5621 2692
5622 2880
5623 2824
5624 2878
5625 2880
5626 2871
5627 2880
5628 2879
5629 2880
5630 2620
5631 2840
5632 2876
5633 2878
5634 2880
5635 2880
5636 2880
5637 2837
5638 2876
5639 2851
5640 2862
5641 2869
5642 2851
5643 2880
5644 2863
5645 2873
5646 2853
5647 2877
5648 2877
5649 2877
5650 2878
5651 2876
5652 2843
5653 2880
5654 2876
5655 2848
5656 2869
5657 2878
5658 2880
5659 2847
5660 2879
5661 2875
5662 2880
5663 2872
5664 1571
5665 2879
5666 1360
5667 2880
5668 2878
5669 2879
5670 2880
5671 2879
5672 2880
5673 2878
5674 2879
5675 2880
5676 2880
5677 2875
5678 2879
5679 2829
5680 2791
5681 2827
5682 2827
5683 2865
5684 2880
5685 2848
5686 2876
5687 2873
5688 2825
5689 2876
5690 2880
5691 2827
5692 2880
5693 2875
5694 2879
5695 2871
5696 2880
5697 2872
5698 2873
5699 1235
5700 2840
5701 2769
5702 2875
5703 2873
5705 2879
5706 2875
5707 2869
5708 2868
5709 2854
5710 2875
5711 2872
5712 2880
5713 2880
5714 2879
5715 2880
5716 2878
5717 2878
5718 2872
5719 2647
5720 2869
5721 2724
5722 2857
5723 2829
5724 2874
5725 2880
5726 2857
5727 2853
5728 2880
5729 2879
5730 2880
5731 2838
5732 2725
5733 2853
5734 2879
5735 2876
5736 2867
5737 2870
5738 2877
5739 2877
5740 2878
5741 2880
5742 2840
5744 2873
5745 89
5746 2773
5747 2851
5748 2822
5749 2779
5750 2772
5751 2206
5752 2765
5753 2738
5754 2210
5755 2858
5756 2864
5757 2786
5759 2585
5760 2382
5761 2880
5762 2880
5763 2880
5764 2880
5765 2880
5766 2880
5767 2874
5768 2868
5769 2874
5770 2872
5771 2255
5772 2849
5773 2880
5774 2874
5775 2878
5776 2766
5777 2873
5778 2848
5779 2879
5780 2877
5782 2682
5783 2871
5784 2879
5785 2866
5786 2876
5787 2877
5788 2879
5789 2879
5790 2877
5791 2875
5792 2879
5793 2873
5794 2862
5795 2879
5796 2878
5797 2820
5798 2878
5799 2877
5800 2355
5801 2878
5802 2878
5803 2879
5804 2879
5805 2875
5806 2877
5807 2878
5808 2876
5809 2845
5810 2871
5812 2879
5813 2830
5814 2866
5815 2771
5816 2878
5817 2877
5818 2879
5819 2875
5820 2872
5821 2874
5822 2876
5823 2877
5824 2553
5825 2880
5826 253
5827 2844
5828 2876
5829 7
5831 2878
5832 2878
5833 2359
5834 2880
5835 2795
5836 2880
5837 2880
5838 2880
5839 2879
5840 2879
5841 2875
5842 2879
5843 2733
5844 2871
5845 2880
5846 2851
5847 2879
5848 7
5849 2879
5850 2794
5851 2879
5852 7
5853 2877
5854 2878
5855 2874
5856 2877
5857 2872
5858 2879
5859 2880
5860 2869
5861 2877
5862 4
5864 2880
5865 2880
5867 1
5870 2876
5871 2876
5872 2878
5873 2878
5874 2878
5875 2877
5876 2878
5877 2878
5878 2843
5879 2878
5880 2868
5881 2878
5882 2867
5883 2816
5884 2762
5885 2764
5886 2783
5887 2869
5888 2741
5889 2845
5890 2857
5891 2871
5892 2858
5893 2878
5894 2876
5895 2826
5896 2753
5897 2739
5898 2728
5899 2877
5900 2878
5901 2833
5902 2793
5903 2866
5904 2878
5905 2878
5906 2199
5907 2879
5908 2879
5909 2879
5910 2880
5911 2876
5912 2880
5913 2880
5914 2877
5915 2879
5916 2879
5917 2878
5918 2879
5919 2878
5920 2877
5921 2880
5922 2879
5923 2873
5924 2880
5925 2879
5926 2878
5927 2869
5928 2877
5929 2877
5930 2873
5931 2847
5932 2875
5933 116
5934 2879
5935 2879
5936 2878
5937 2879
5938 2865
5939 2864
5940 2844
5941 2877
5942 2879
5943 2880
5944 2880
5945 2878
5947 2879
5948 2332
5949 2860
5950 2878
5951 2880
5952 2879
5953 2879
5955 2878
5956 2879
5957 2848
5958 2878
5959 1583
5960 2877
5961 1035
5962 2880
5963 2838
5964 2859
5965 2856
5966 2872
5967 2879
5968 2879
5969 2879
5970 2873
5971 2863
5972 2878
5973 2829
5974 2872
5975 2876
5976 2877
5977 2879
5978 2878
5979 1566
5980 2879
5981 2878
5982 2879
5983 1078
5984 2880
5985 2880
5986 2878
5987 2880
5988 2877
5989 2870
5990 2856
5991 2804
5994 2877
5995 1641
5996 2876
5997 2857
5998 2879
5999 2873
6000 2878
6001 2780
6003 2862
6004 2870
6005 2841
6006 1
6009 2879
6010 2878
6011 2878
6012 2880
6013 2880
6014 2879
6015 2880
6016 2874
6017 2879
6018 2880
6019 2861
6020 2879
6021 2856
6022 2875
6023 2871
6024 2856
6025 2874
6026 2872
6027 2867
6028 2869
6029 2880
6030 2869
6031 2880
6032 2880
6033 2879
6034 2880
6035 2852
6036 2878
6037 2877
6038 2876
6039 2871
6040 2879
6041 2879
6042 2879
6043 2879
6044 2879
6045 2878
6048 2836
6050 1
6051 1
6052 2829
6053 2879
6054 2876
6055 2875
6056 2874
6057 2862
6059 2873
6061 2871
6062 2879
6063 2880
6064 2879
6065 2879
6066 2878
6067 2879
6068 2879
6069 2880
6070 2878
6071 2879
6072 2880
6073 2828
6074 2873
6075 2879
6076 2846
6077 2767
6078 2866
6079 1402
6080 2876
6081 2867
6082 2849
6083 2880
6084 2879
6085 2879
6086 2847
6087 2876
6088 2876
6089 2876
6090 913
6091 2878
6092 2878
6093 2874
6094 2874
6095 2870
6096 2878
6097 2878
6098 2880
6099 2879
6100 2878
6101 2810
6102 2879
6103 2879
6104 2847
6105 2878
6106 2821
6107 2624
6109 2876
6110 2782
6111 2875
6112 2838
6113 2880
6114 2880
6115 2880
6116 2876
6117 892
6118 2878
6119 2880
6120 2872
6121 2880
6122 2880
6123 2822
6124 2878
6125 2879
6126 2872
6127 2841
6128 2865
6129 2880
6130 2880
6131 2880
6132 2880
6133 2878
6134 2880
6135 2880
6136 2880
6137 2877
6138 2781
6139 2880
6140 2880
6141 2860
6142 2868
6143 2877
6144 2880
6146 2878
6147 2878
6148 2880
6149 2877
6150 2847
6151 2880
6152 2873
6153 2880
6154 2861
6155 2880
6156 2880
6157 2880
6158 2880
6159 2795
6160 2880
6161 907
6162 2879
6163 2880
6164 2880
6165 2880
6166 2877
6167 2880
6168 2877
6169 2878
6170 2880
6171 2880
6172 2880
6173 2880
6174 2880
6175 2879
6176 2727
6177 2787
6178 2864
6179 2830
6180 2874
6182 2570
6183 2724
6184 2723
6185 2876
6186 2869
6187 2675
6189 2791
6190 2836
6192 2880
6194 2868
6195 2860
6196 2866
6197 2868
6198 2879
6199 2785
6200 2879
6201 2879
6202 2879
6203 2879
6204 2879
6205 2878
6206 2879
6207 2871
6208 2873
6209 2878
6210 2877
6211 2879
6212 2877
6213 2879
6214 2878
6215 2863
6216 2878
6217 2874
6218 10
6219 2858
6220 1556
6221 2859
6222 2877
6223 2879
6224 2875
6225 2841
6226 2878
6227 2872
6228 2862
6229 2876
6230 2880
6231 2878
6232 2880
6233 2880
6234 2879
6235 2879
6236 2880
6237 2878
6238 2879
6239 2878
6240 2878
6241 2843
6242 2880
6243 2880
6244 2833
6245 2879
6246 2879
6248 2852
6249 2863
6250 1849
6252 2878
6253 2876
6254 2880
6255 2880
6256 2880
6257 2880
6258 2880
6259 2880
6260 2880
6261 2880
6262 2873
6263 2878
6264 2876
6265 2859
6266 2867
6267 2880
6268 2880
6269 2877
6270 2879
6271 9
6272 2880
6273 2740
6274 2877
6275 2846
6277 2864
6278 2840
6279 2879
6280 2726
6281 2659
6282 2335
6283 2877
6284 2677
6286 2879
6287 2880
6288 2880
6289 2865
6290 2880
6291 2879
6292 2876
6293 2880
6294 2851
6295 2842
6296 2865
6297 2880
6298 2880
6299 2879
6300 2864
6301 2875
6302 2872
6303 2880
6304 2876
6305 2880
6306 2880
6307 2652
6308 2879
6309 2879
6310 2880
6311 2863
6312 2863
6313 2877
6314 2868
6315 2874
6316 2880
6317 2880
6318 2880
6319 2876
6320 2879
6321 2880
6322 2880
6323 2875
6324 2880
6325 2623
6327 2867
6329 2880
6330 2880
6331 2880
6332 2877
6333 2879
6334 2877
6335 2767
6336 2880
6337 2879
6338 2877
6339 2880
6340 2879
6341 2838
6342 2864
6345 2878
6347 2666
6348 2880
6349 6
6350 2858
6351 2879
6352 2774
6353 2875
6355 2877
6356 1840
6357 2879
6358 2879
6359 2880
6360 2836
6361 2875
6362 2880
6363 2877
6364 2879
6365 2871
6366 2880
6367 2871
6368 2880
6369 2877
6370 2867
6371 2878
6372 2877
6373 2880
6374 2862
6375 2879
6376 2880
6377 2870
6378 2880
6379 2880
6381 2880
6382 2880
6383 2867
6384 2874
6385 2879
6386 2876
6387 2878
6388 2867
6389 2867
6390 2879
6391 2879
6392 2874
6393 2876
6394 2880
6395 2872
6396 2880
6397 2880
6398 2869
6399 2875
6400 2879
6401 2875
6402 2849
6403 2879
6404 2879
6405 2873
6406 2877
6407 2866
6408 2876
6409 2853
6410 2880
6411 2869
6413 2868
6414 2871
6415 2768
6416 2880
6417 2880
6418 2879
6419 2820
6420 2880
6421 2880
6422 2474
6423 2874
6424 2587
6425 2880
6426 2878
6427 2880
6428 2880
6429 2876
6430 2858
6431 2873
6432 2878
6433 2879
6434 2880
6435 2876
6436 2880
6437 2879
6438 2876
6439 2880
6440 2863
6441 2862
6442 2878
6443 631
6444 2880
6445 2880
6446 2880
6447 2880
6448 2876
6449 2879
6450 2878
6451 2877
6452 9
6453 2880
6454 2869
6455 2876
6456 2880
6457 2880
6458 2880
6459 628
6460 2879
6461 1560
6462 2877
6463 2872
6464 2858
6465 2880
6466 2877
6467 2851
6468 2381
6469 2873
6470 2877
6471 2851
6472 2879
6473 2879
6474 2862
6475 2863
6476 2868
6477 2801
6478 2863
6479 2780
6480 2836
6481 2854
6482 2878
6483 2832
6484 2880
6485 2768
6486 2875
6487 2879
6488 2878
6489 2800
6490 2877
6491 2646
6492 2445
6493 2462
6494 2869
6495 2880
6496 2880
6497 2880
6498 2878
6499 2880
6500 2879
6501 2879
6502 2870
6503 2879
6505 2880
6506 2879
6508 2880
6509 2880
6510 2880
6511 2804
6512 2874
6513 2868
6514 3
6515 2868
6516 2861
6517 2870
6518 2782
6519 2862
6520 2778
6521 2877
6522 2827
6523 5
6524 2846
6525 2878
6526 2357
6527 2873
6528 2879
6529 2879
6530 2752
6531 2878
6532 2330
6533 2880
6534 2878
6535 2878
6536 2880
6537 2852
6538 2767
6539 2524
6540 5
6545 2838
6546 18
6547 2359
6548 2879
6549 2879
6550 2879
6551 2878
6552 2879
6553 2879
6554 2873
6555 2872
6556 2858
6557 2879
6558 2879
6559 2873
6560 2541
6561 2878
6562 2878
6563 2878
6564 2877
6565 2850
6566 2845
6567 2869
6568 2878
6569 2868
6570 2877
6571 2876
6572 2849
6573 2853
6574 2878
6575 2822
6578 2834
6579 2815
6580 2868
6582 2607
6583 2660
6584 2331
6585 2862
6586 2166
6587 2855
6588 2155
6589 2627
6590 2818
6591 2652
6592 2878
6593 2880
6594 2869
6595 2853
6596 2752
6597 2838
6598 2583
6599 2596
6600 2871
6601 2863
6602 2853
6603 2879
6604 2869
6605 2808
6606 2859
6607 2870
6608 2788
6609 2877
6610 2867
6611 2865
6612 2878
6613 2847
6614 2879
6615 2880
6616 2880
6617 2880
6618 2876
6619 2695
6620 2880
6621 2880
6622 2880
6623 2879
6624 2879
6625 2823
6626 2346
6627 2818
6628 2506
6629 2570
6630 2847
6631 2303
6632 1843
6633 2023
6634 2854
6635 2819
6636 2870
6638 2874
6639 2697
6640 2877
6641 2846
6642 2880
6643 2880
6644 2864
6645 2866
6646 1760
6647 2377
6648 2879
6649 2848
6650 2867
6651 2868
6652 2880
6653 2880
6654 2846
6655 2880
6656 2880
6657 2880
6658 2880
6659 2880
6660 2880
6661 2880
6663 2705
6664 2559
6665 2475
6666 2880
6667 2880
6668 2880
6669 2880
6670 2880
6671 2880
6672 2880
6673 2880
6674 2872
6676 2725
6677 2872
6678 2880
6679 2841
6680 2788
6681 2880
6682 2859
6683 2745
6684 2877
6685 2880
6686 2878
6687 2878
6688 2736
6689 2703
6690 2643
6691 2855
6692 2880
6693 2879
6694 2880
6695 2826
6696 2317
6697 2879
6698 2880
6699 2880
6700 2880
6702 2880
6703 2873
6704 3
6705 3
6706 2880
6707 2880
6711 2876
6712 2880
6713 2880
6714 2872
6715 2847
6716 2858
6717 2774
6718 2418
6719 2879
6720 2796
6721 2710
6722 2878
6723 2835
6724 2007
6725 2880
6726 2867
6727 2161
6728 2477
6729 2791
6730 2858
6731 2880
6732 2718
6733 2192
6734 2803
6735 2879
6736 2880
6737 2844
6738 2878
6739 2880
6740 2878
6741 2880
6742 2880
6743 2852
6744 2880
6745 2880
6746 2844
6747 795
6748 2880
6749 2869
6750 2880
6751 2748
6753 2873
6754 2880
6755 2879
6756 2880
6757 2864
6758 2853
6759 2861
6760 2874
6761 2880
6762 2880
6763 2880
6764 2880
6765 2880
6766 2879
6767 2051
6768 2880
6769 2880
6770 2880
6771 2880
6772 2880
6773 2659
6774 2878
6775 2880
6777 2880
6778 2877
6779 2880
6780 2880
6781 2880
6782 2880
6783 2880
6784 2880
6785 2880
6786 2820
6787 141
6788 141
6789 2880
6790 2793
6791 2879
6792 2880
6793 2880
6794 2867
6795 2880
6796 2880
6797 2880
6798 2880
6799 2880
6800 2880
6801 2878
6802 2880
6803 2349
6804 2880
6805 2879
6806 2880
6807 2880
6808 2880
6809 140
6810 140
6811 1932
6813 2880
6815 2880
6816 2880
6817 2872
6819 997
6820 2863
6822 2880
6823 2873
6824 2878
6825 2878
6826 2757
6827 2880
6828 2855
6830 2876
6832 2877
6833 2880
6835 2880
6836 2880
6837 2880
6838 821
6839 2880
6840 2880
6841 2878
6842 2880
6843 655
6844 2880
6845 2880
6846 2880
6848 2880
6849 2880
6850 2880
6851 2880
6853 2880
6854 2880
6855 2880
6856 2880
6857 2880
6858 2880
6862 2880
6864 2880
6866 2880
6867 2880
6868 2880
6869 2880
6870 2880
6871 2880
6872 2880
6873 2880
6874 2880
6875 2880
6876 2880
6877 2880
6878 2880
6879 2880
6880 2880
6881 2880
6882 2880
6883 2880
6884 2880
6886 2880
6887 2880
6888 2880
6889 2880
6890 2880
6891 2880
6892 2880
6893 2880
6894 2880
6895 2880
6896 2880
6897 2880
6898 2880
6899 2880
6900 2880
6901 2880
6903 2880
6904 2880
6905 2880
6906 2880
6907 2880
6912 2516
6914 2683
6920 2880
6921 2880
6922 2879
6923 2873
6924 2880
6925 2880
6927 2675
6928 2880
6929 2880
6930 2877
6932 2880
6933 2880
6934 2880
6935 2876
6936 2880
6937 2880
6938 2880
6939 2880
6940 2878
6941 2880
6942 2880
6943 2880
6944 2880
6945 2880
6946 2880
6947 2879
6948 2698
6949 2880
6950 2880
6951 2880
6952 2880
6953 2409
6954 2837
6955 2851
6956 2869
6959 2752
6960 2701
6961 2719
6962 2813
6963 47
6964 2698
6965 2830
6966 2831
6967 2878
6970 2523
6979 2865
6980 2873
6981 2744
6983 2744
6998 2700
7001 2876
7002 2880
7003 2878
7004 2879
7005 2826
7006 2208
7008 2878
7009 2671
7012 2880
7013 2880
7014 2880
7015 2880
7017 2880
7018 2879
7019 2878
7020 2879
7021 2880
7023 2880
7024 2673
7027 2880
7029 2744
7037 2880
7038 2880
7041 2858
7053 2788
7054 2847
7055 2849
7057 2880
7058 2852
7059 2718
7060 2789
7061 2808
7066 2859
7067 2876
7069 2869
7071 2857
7073 2867
7074 2794
7076 2880
7077 2559
7078 2868
7080 1819
7082 2392
7083 2742
7085 2867
7086 2824
7087 2864
7088 2880
7089 2880
7092 2880
7093 2879
7094 2848
7097 2806
7099 2787
7100 2876
7101 2878
7102 2799
7107 2878
7108 2872
7109 2880
7110 2071
7111 2852
7112 2879
7113 2850
7114 2866
7115 2874
7116 2851
7117 2880
7119 2880
7120 2880
7121 2880
7122 2880
7123 2880
7124 259
7125 2880
7126 2878
7127 2880
7128 2880
7129 2880
7130 2756
7131 2880
7134 2878
7135 2855
7136 2878
7137 1
7138 2853
7139 2875
7140 2880
7141 2765
7142 2658
7145 2880
9834 2879
9835 2878
9836 2868
9837 2879
9838 2879
9839 2880
9840 2722
9841 2878
9842 2878
9843 2878
9844 2880
9845 2880
9846 2868
9847 2877
9848 2313
9849 2877
9850 2665
9851 1931
9852 2859
9853 2875
9858 2878
9859 2854
9860 2714
9861 2868
9862 2831
9864 2746
9865 2874
9875 2871
9878 2878
9879 2869
9882 2850
9883 2645
9884 1919
9886 2836
9887 2877
9888 2607
9890 2880
9892 2857
9893 2880
9894 2506
9895 2880
9896 336
9897 2676
9898 2530
9899 2611
9900 2688
9901 2877
9903 2854
9904 2755
9905 2720
9906 2832
9907 2761
9908 2847
9909 2760
9910 2579
9911 2722
9912 2720
9913 2503
9914 2826
9915 2842
9916 2875
9917 2742
9918 2868
9919 2848
9920 2821
9925 2074
9926 2648
9928 2675
9929 2663
9930 2857
9931 2058
9932 2862
9933 2853
9934 2811
9935 2799
9936 2877
9939 2129
9940 2878
9941 2871
9942 2876
9943 2878
9944 2878
9956 2878
9957 2878
9958 2879
9959 2880
9960 2561
9961 2715
9962 2844
9963 2649
9964 2745
9965 2797
9967 1300
9968 2876
9969 2880
9970 2545
9971 2630
9972 2765
9973 2762
9974 2607
9975 2789
9976 2833
9977 2879
9978 2864
9979 2876
9980 2878
9981 2672
9985 2875
9986 2878
9987 2824
9988 2878
9989 2878
9990 2876
9991 2851
9992 2799
9993 2878
9995 2836
9996 2857
9997 2818
9998 2876
9999 2815
10000 2509
10011 2805
10012 1668
10013 2880
10014 2877
10015 2866
10016 2867
10017 2877
10018 2861
10022 2880
10023 2880
10025 2878
10027 2831
10028 1531
10029 2842
10030 2860
10031 2875
10032 2826
10033 2802
10034 2873
10036 2856
10037 2872
10038 2617
10039 2600
10040 2504
10041 2866
10042 2795
10045 2753
10047 2695
10048 2879
10049 2687
10050 2800
10051 2848
10052 2790
10053 2875
10054 2856
10055 2781
10056 2878
10057 2880
10058 2851
10059 2664
10060 2402
10061 2729
10062 2771
10063 2878
10064 2878
10065 2478
10066 2880
10067 2820
10068 16
10069 2478
10076 2879
10078 2875
10079 2849
10080 2879
10081 2880
10082 2880
10083 2879
10084 2872
10085 2880
10086 2580
10088 2796
10090 2413
10091 2444
10092 2865
10093 2856
10094 2880
10097 2769
10098 2879
10099 2845
10100 2880
10101 2880
10102 2861
10103 2877
10104 2849
10106 2706
10107 1436
10108 370
10109 2875
10110 2880
10111 2880
10112 2878
10113 2880
10114 907
10115 2878
10116 2879
10117 2879
10118 910
10119 2879
10120 2875
10121 2879
10122 2875
10123 2865
10124 2877
10125 2880
10126 2865
10127 2864
10128 2862
10129 2878
10131 2880
10132 2880
10134 2839
10136 2872
10138 2880
10139 2879
10140 2880
10141 2877
10142 2880
10143 2838
10144 2879
10147 2880
10148 2880
10149 2876
10150 2880
10151 2880
10152 2878
10153 2782
10154 2875
10155 2663
10156 2780
10157 2879
10158 2879
10159 2880
10160 2815
10161 2879
10165 2528
10166 2826
10167 2876
10168 2880
10169 2874
10170 2880
10171 1202
10172 2877
10173 2880
10174 2880
10175 2879
10176 2880
10177 2857
10178 2880
10179 2880
10180 2839
10181 2649
10182 2835
10184 2845
10186 2423
10187 2719
10188 2831
10189 2498
10190 2604
10191 1919
10192 2880
10193 2880
10194 2880
10195 2778
10197 2869
10198 2880
10199 2880
10200 2880
10201 2876
10202 4
10203 2880
10204 2880
10205 2880
10207 2880
10208 2880
10210 2879
10211 2880
10212 2816
10213 2468
10214 2680
10215 2876
10216 2725
10217 2850
10218 2876
10219 2878
10220 2849
10221 2792
10223 2876
10224 2877
10225 2863
10226 2844
10227 2367
10228 2877
10229 2866
10230 2875
10231 1748
10232 2862
10233 2528
10234 2457
10235 2874
10236 2432
10237 2868
10238 2877
10239 1833
10240 2559
10241 1496
10243 2850
10244 2879
10245 2802
10246 2336
10247 2874
10248 2880
10249 2874
10250 2878
10251 2878
10253 2878
10254 2878
10256 2296
10257 2826
10258 2880
10259 2880
10260 2875
10261 2875
10262 2736
10264 2880
10265 2880
10266 2880
10267 2880
10268 2880
10269 2
10271 1615
10272 2878
10273 2633
10274 2878
10275 2878
10276 2871
10277 2871
10278 2874
10279 2874
10280 2778
10281 2878
10283 2870
10286 8
10287 2878
10288 2832
10289 2279
10290 2878
10291 2876
10292 2478
10293 2760
10294 2874
10295 2877
10296 2878
10297 1440
10298 2880
10299 10
10300 2880
10301 2880
10302 2880
10303 2873
10304 2875
10305 2880
10306 2879
10307 2722
10308 2878
10309 2878
10310 2878
10311 2874
10312 2477
10313 2878
10314 2878
10315 2878
10316 2677
10317 2876
10318 2878
10319 2878
10320 2878
10321 2851
10322 2878
10323 2878
10324 2878
10325 2841
10326 2855
10327 2859
10328 2869
10329 2756
10330 2820
10331 2864
10333 2820
10334 2859
10335 2438
10336 2767
10337 2384
10338 2696
10340 2864
10341 2877
10342 2877
10343 2857
10344 2877
10345 2872
10346 6
10347 2880
10348 2880
10349 2880
10350 2609
10351 2876
10352 1307
10353 2880
10354 2880
10355 2876
10356 2880
10357 2880
10358 2850
10360 2815
10361 2671
10363 2875
10364 2174
10365 2513
10366 2575
10367 2808
10368 2753
10369 2463
10370 2781
10371 2696
10372 2825
10373 2777
10374 2394
10375 2520
10376 1816
10377 2720
10378 2627
10381 2375
10382 2527
10383 2644
10384 2719
10386 2838
10387 2861
10388 2868
10389 2878
10390 2785
10391 2829
10393 2441
10394 2878
10395 2729
10397 2878
10398 2878
10400 2878
10401 2871
10402 2865
10403 2878
10404 2878
10405 2741
10406 2790
10407 2818
10408 2871
10409 2873
10410 2880
10412 2521
10413 2866
10414 2245
10415 2825
10416 2545
10417 2257
10419 2794
10420 2653
10421 2668
10422 2835
10423 2504
10424 2878
10425 2878
10426 2878
10427 2875
10428 2878
10429 2852
10430 2878
10431 2438
10432 2541
10433 2845
10434 2136
10435 2836
10436 2880
10437 2879
10438 2870
10439 2790
10440 2880
10441 2859
10442 2330
10443 2402
10444 2769
10445 2835
10446 2776
10447 2880
10448 2880
10449 2871
10450 2878
10451 2880
10452 1560
10453 2880
10454 2880
10455 2880
10456 2866
10457 2830
10458 2851
10459 2869
10460 2869
10461 2787
10462 2855
10463 2875
10467 2799
10469 2754
10470 2754
10472 2878
10473 2878
10474 2878
10475 2874
10476 2877
10477 2877
10478 2878
10479 2879
10480 2880
10481 2878
10482 2880
10483 2880
10484 2773
10485 2879
10486 2805
10487 2875
10488 2776
10489 2877
10491 2876
10492 2870
10493 2869
10494 2878
10497 2867
10498 2880
10499 2877
10500 2878
10501 2873
10502 2878
10503 2799
10504 2877
10505 2621
10506 2878
10507 2876
10508 2849
10509 2874
10510 2878
10511 2878
10512 2728
10513 2849
10514 2821
10515 2873
10516 2868
10517 2409
10518 2730
10519 2810
10520 2316
10521 2366
10522 2834
10523 2833
10524 2729
10525 2759
10526 2828
10527 1992
10528 2868
10529 2829
10530 2332
10531 2878
10533 2878
10535 2865
10536 2861
10537 2741
10538 2879
10539 2843
10540 2878
10541 2880
10542 2880
10543 2880
10544 2880
10545 2879
10546 2866
10547 2878
10548 2880
10549 2879
10550 2878
10551 2880
10552 2874
10553 2877
10554 2853
10555 2878
10556 2879
10557 2880
10558 2878
10559 2870
10561 2840
10562 2678
10563 2644
10564 2829
10566 2764
10568 2878
10569 2878
10570 2876
10571 2877
10572 2874
10573 2080
10574 2874
10575 2867
10580 1324
10582 2862
10583 2746
10584 2781
10585 2792
10586 2780
10587 1056
10588 2668
10589 2717
10590 2725
10591 2319
10592 2866
10593 2822
10594 2179
10595 2745
10596 2649
10597 2531
10598 2877
10599 2595
10600 2873
10601 2825
10602 2880
10603 2876
10604 2880
10605 2873
10606 2472
10607 2679
10608 2745
10609 2871
10610 2819
10611 2858
10612 2861
10613 2875
10614 2878
10615 2798
10616 2640
10617 2878
10618 2763
10619 2850
10620 2867
10621 2872
10622 2737
10623 2816
10624 2854
10625 2767
10626 2824
10627 2791
10628 2876
10629 2833
10630 2665
10631 2878
10632 2768
10633 2028
10634 2805
10635 2680
10636 2853
10637 2878
10638 2878
10639 2791
10640 2812
10641 2637
10642 2688
10643 2830
10644 2760
10645 2878
10646 2686
10647 2770
10648 2853
10649 2869
10650 2864
10651 2879
10652 2636
10653 2876
10654 2759
10655 2878
10656 2666
10657 2877
10658 2719
10659 2880
10660 2880
10661 2880
10662 2878
10663 2816
10664 2803
10665 1726
10666 2826
10667 2485
10668 2819
10669 884
10670 2880
10671 2874
10672 2787
10673 2256
10674 2878
10675 2874
10676 2859
10677 2872
10678 2859
10679 2880
10681 2880
10682 2875
10683 2877
10684 2878
10685 2873
10686 2873
10687 2167
10688 2811
10689 2849
10690 2736
10691 2777
10692 2046
10693 2500
10694 2408
10695 2877
10696 2879
10697 2856
10698 2879
10699 2878
10700 2877
10701 2877
10702 2879
10703 2880
10704 2875
10705 2880
10706 2878
10707 2872
10708 2868
10709 2874
10710 2880
10711 2877
10712 2876
10713 2861
10714 2877
10715 2879
10716 2880
10717 2879
10718 2875
10719 2879
10720 2873
10721 2870
10722 2875
10723 2863
10724 2876
10725 2879
10726 2877
10727 2833
10728 2863
10729 2873
10730 2866
10731 2877
10732 2867
10733 2873
10734 2873
10735 2872
10736 2878
10737 2876
10738 2880
10739 2872
10740 2859
10741 2880
10742 2870
10743 2876
10744 2880
10745 2856
10746 2877
10747 2879
10748 2747
10750 2875
10752 2877
10753 2879
10754 2870
10755 2876
10756 2879
10757 2875
10758 2879
10759 2878
10761 2803
10762 2766
10770 2879
10771 2870
10772 2804
10773 2834
10779 2825
10780 2866
10781 2868
10782 2866
10783 2862
10784 2866
10785 2866
10786 2866
10787 2865
10788 2538
10789 2595
10790 2283
10791 2628
10793 2807
10794 2728
10795 2439
10796 2756
10797 2872
10798 2478
10799 2859
10800 2390
10801 2461
10804 2878
10805 2878
10806 2875
10807 2866
10808 2866
10809 2429
10810 2868
10812 2875
10813 2764
10814 2815
10815 2373
10816 2597
10817 2844
10818 2880
10819 2880
10820 2880
10821 2880
10822 2876
10823 2876
10824 2880
10825 2880
10826 2879
10827 2877
10828 2877
10829 2877
10830 2876
10831 2877
10832 2840
10833 2880
10834 2875
10835 907
10836 2864
10837 2875
10838 2521
10839 536
10840 2880
10842 2872
10843 2880
10844 2871
10845 2866
10846 2880
10847 2868
10851 2880
10852 2292
10853 2213
10854 2722
10855 2617
10856 2306
10857 2703
10858 2878
10859 2871
10860 2878
10861 2878
10862 2879
10863 2878
10864 2875
10866 2878
10867 2844
10868 2277
10871 2878
10873 2878
10874 2857
10876 2878
10877 2878
10878 2604
10879 2784
10880 2714
10881 2814
10882 2642
10883 2870
10884 2876
10885 2878
10886 2778
10887 2807
10889 892
10890 951
10891 2879
10892 2879
10893 2880
10894 2863
10895 2875
10896 2875
10897 2880
10898 2873
10899 2880
10900 2878
10901 2878
10902 2591
10903 2870
10904 2878
10905 2878
10906 2878
10907 2879
10908 2878
10909 2872
10910 2878
10911 2850
10912 2879
10913 2859
10914 2879
10915 2880
10916 2880
10917 2874
10918 2873
10919 2880
10920 2875
10921 2757
10922 2388
10923 1455
10924 2726
10925 2873
10926 2775
10927 2805
10928 2880
10929 2861
10930 2847
10931 2708
10932 2860
10933 2880
10934 2845
10935 2875
10936 2880
10937 2874
10938 2880
10939 2880
10940 2878
10941 2878
10942 21
10943 2877
10945 2878
10946 2878
10947 2873
10948 2871
10949 2878
10950 2808
10951 2845
10952 2878
10953 2875
10954 2878
10955 2866
10956 2874
10957 2876
10958 2860
10959 2847
10960 2873
10961 2869
10962 2855
10963 2877
10964 2878
10965 2878
10966 2878
10967 2878
10968 2873
10969 1279
10970 2876
10971 2857
10972 2872
10973 2878
10974 2878
10977 2709
10978 2709
10979 2337
10980 2880
10981 2831
10982 2866
10983 2815
10984 2698
10985 2658
10986 2872
10987 2872
10988 306
10989 2708
10990 2878
10991 2878
10992 2875
10993 2874
10994 2868
10995 2878
10996 2500
10997 2872
10998 2880
10999 2877
11000 2863
11001 2873
11002 2859
11003 2864
11004 2873
11005 2869
11006 2878
11007 2878
11008 2865
11009 2873
11010 2863
11011 2880
11012 2873
11013 2851
11014 2880
11015 2880
11016 2878
11017 2868
11018 2863
11019 2878
11020 2880
11021 2861
11022 2878
11023 16
11024 2878
11025 2878
11026 2872
11027 2804
11028 2878
11029 2878
11030 5
11031 2878
11032 2712
11033 2732
11034 2785
11035 2641
11036 2484
11037 2879
11038 2879
11039 2873
11040 2759
11041 2490
11042 2878
11043 2156
11044 2874
11045 2878
11046 2849
11047 2787
11048 2651
11049 2876
11050 2876
11051 2878
11052 2876
11055 2873
11056 2878
11057 2874
11058 2880
11059 2880
11060 2822
11061 2864
11062 2801
11063 2817
11064 2868
11065 2871
11066 2865
11067 2880
11068 2880
11069 2845
11070 2854
11071 2833
11072 2863
11073 2873
11074 2872
11075 2814
11076 2871
11077 2870
11079 2665
11082 2879
11083 2874
11085 2879
11089 2878
11090 2671
11091 2812
11092 2808
11093 2811
11094 2878
11095 2768
11096 2468
11097 2821
11098 2798
11099 2796
11100 2818
11101 2840
11102 2719
11103 2635
11104 2857
11105 802
11106 2879
11107 2879
11108 2876
11109 2880
11110 2877
11111 2865
11112 2879
11113 2880
11114 2880
11115 2880
11116 2858
11117 2879
11118 2880
11119 2810
11120 2806
11121 2811
11122 22
11123 2742
11124 2777
11125 2854
11126 2639
11127 2622
11128 2879
11129 2874
11130 2880
11131 2880
11132 2880
11133 2857
11134 2854
11135 2873
11136 2873
11137 2880
11138 2880
11139 2878
11140 2880
11141 2880
11142 2189
11143 1986
11144 2779
11145 2787
11146 2727
11147 2840
11148 2822
11149 2873
11150 2780
11151 2871
11152 2866
11153 2878
11154 2880
11155 2880
11156 2866
11157 2830
11158 2813
11159 1728
11160 2871
11162 1
11164 1
11165 2849
11166 2859
11167 2850
11168 2826
11171 2818
11172 2876
11173 2879
11174 2867
11175 2880
11176 2878
11177 2880
11178 2880
11179 2880
11180 2880
11181 2879
11182 2875
11185 2879
11186 157
11189 2433
11190 2184
11191 2589
11192 2554
11193 2241
11194 2265
11195 2311
11196 2662
11198 1848
11199 2002
11200 8
11202 2555
11203 4
11210 2607
11211 2709
11212 2878
11213 2102
11214 2382
11215 2092
11216 2009
11217 2014
11218 2697
11219 2659
11221 2478
11222 2539
11223 2655
11224 2487
11229 2668
11230 2557
11231 48
11232 2656
11233 2025
11234 50
11235 2100
11236 2574
11237 2483
11238 65
11239 2629
11240 2626
11241 2527
11243 2855
11244 1747
11245 2495
11246 2606
11247 2483
11248 2650
11249 2619
11250 2674
11251 2699
11252 2547
11253 2463
11254 2568
11256 2691
11257 2869
11258 2759
11259 2879
11260 2879
11261 2184
11262 2847
11263 2728
11264 2708
11266 2867
11267 2737
11268 2707
11269 2871
11270 2879
11271 1917
11272 2642
11273 2512
11274 1833
11275 1786
11276 1822
11277 1940
11278 1839
11279 1711
11280 1
11281 930
11282 316
11283 292

Promedio de muestras por sensor:  2739.5809564657948
Cantidad de sensores:  4663
min: 1 - max: 2880
Sensores con menos muestras:
id muestras
3398 2694
3399 2457
3400 2646
3402 2325
3404 2388
3417 2648
3420 1877
3440 2673
3444 2583
3448 1
3449 2733
3463 1
3464 1
3471 2037
3472 2687
3504 2530
3510 108
3527 936
3538 2324
3564 2330
3565 1756
3570 2195
3571 1694
3573 2285
3576 1949
3577 2575
3601 2655
3604 7
3605 2648
3616 120
3626 2694
3627 2721
3638 2575
3648 2484
3669 343
3675 2669
3699 2696
3708 2731
3713 2703
3714 2251
3726 2653
3728 2498
3737 1687
3738 2536
3752 10
3792 2710
3794 2671
3795 2690
3812 888
3813 2719
3814 2536
3815 2435
3818 2720
3820 2638
3866 2696
3868 2645
3875 2712
3876 2569
3878 2657
3928 2676
3953 2233
3962 1360
4033 2714
4043 2631
4044 2637
4079 2549
4083 2724
4084 2732
4085 2684
4088 2532
4089 2658
4093 2513
4094 2678
4099 2631
4106 2661
4107 2043
4108 2707
4109 2656
4117 2709
4120 70
4123 2369
4130 2698
4132 2625
4136 1527
4143 2725
4144 2712
4150 2738
4156 2668
4158 2338
4170 2636
4187 381
4188 2724
4221 2599
4227 2305
4232 2430
4266 2683
4269 514
4282 2566
4287 315
4318 1947
4345 2699
4347 2671
4360 2550
4361 2618
4363 1558
4364 2728
4370 2694
4371 2544
4372 2608
4377 2658
4406 2735
4475 2694
4476 2611
4479 1972
4491 2497
4502 2684
4504 2614
4505 2393
4506 2606
4507 2685
4508 2686
4509 2705
4510 2602
4511 2667
4512 2711
4516 2260
4517 2414
4526 2666
4530 2689
4534 2683
4538 2643
4547 146
4550 2463
4554 2726
4558 2637
4559 2704
4560 2719
4562 2517
4572 2232
4573 2099
4574 2688
4575 2584
4577 2642
4578 2554
4579 2563
4588 2731
4590 2178
4591 2175
4598 2322
4599 2106
4600 2336
4601 2538
4602 2384
4609 2479
4612 2209
4620 2341
4622 2568
4623 2719
4628 52
4633 2708
4634 2529
4637 2416
4639 2705
4648 2519
4656 2685
4659 2011
4669 2562
4670 2727
4676 2561
4677 1843
4686 2284
4696 2645
4700 1792
4716 79
4720 2573
4722 2735
4723 2511
4725 2653
4726 2462
4727 2735
4730 2709
4731 2739
4733 2502
4738 2650
4757 55
4767 1859
4768 2385
4769 2534
4774 2421
4791 2638
4797 2278
4803 2422
4806 4
4808 2732
4811 2407
4812 2606
4813 2601
4817 2596
4820 2613
4830 2364
4832 2701
4842 2512
4843 2646
4848 2728
4854 2297
4857 2101
4858 2143
4859 1633
4861 2636
4867 2612
4870 2549
4871 2692
4882 949
4885 1573
4886 2109
4887 2683
4912 2686
4916 2644
4917 2731
4919 2135
4940 1946
4945 2243
4958 2555
4960 2012
4978 2491
4982 1903
4992 2288
4993 1959
5020 2
5024 306
5029 2602
5031 301
5032 2471
5033 2588
5035 2620
5055 2315
5060 2178
5070 2229
5087 2511
5097 2662
5101 1352
5102 2234
5108 236
5123 195
5140 1633
5142 2553
5146 2303
5153 2532
5157 2724
5171 2686
5173 1575
5189 2376
5190 2325
5193 2728
5203 1968
5204 2663
5211 1
5218 2739
5220 2617
5242 2495
5245 2
5246 632
5247 764
5252 2186
5258 2734
5260 2718
5268 1322
5272 2
5277 1944
5294 2119
5297 2364
5298 2
5299 2
5309 10
5312 2055
5313 2729
5318 2686
5357 2703
5358 2716
5361 11
5367 2725
5368 2357
5377 2542
5378 2404
5379 2549
5380 2739
5391 1945
5398 2574
5407 2604
5408 2511
5420 2645
5426 1
5427 900
5430 2696
5438 2391
5442 8
5444 1
5456 74
5504 8
5505 2612
5506 2662
5544 914
5582 2672
5584 2644
5593 2421
5594 2644
5595 2617
5596 2549
5597 2497
5600 2739
5606 2730
5607 2614
5609 2296
5610 2516
5611 2399
5614 2674
5621 2692
5630 2620
5664 1571
5666 1360
5699 1235
5719 2647
5721 2724
5732 2725
5745 89
5751 2206
5753 2738
5754 2210
5759 2585
5760 2382
5771 2255
5782 2682
5800 2355
5824 2553
5826 253
5829 7
5833 2359
5843 2733
5848 7
5852 7
5862 4
5867 1
5897 2739
5898 2728
5906 2199
5933 116
5948 2332
5959 1583
5961 1035
5979 1566
5983 1078
5995 1641
6006 1
6050 1
6051 1
6079 1402
6090 913
6107 2624
6117 892
6161 907
6176 2727
6182 2570
6183 2724
6184 2723
6187 2675
6218 10
6220 1556
6250 1849
6271 9
6280 2726
6281 2659
6282 2335
6284 2677
6307 2652
6325 2623
6347 2666
6349 6
6356 1840
6422 2474
6424 2587
6443 631
6452 9
6459 628
6461 1560
6468 2381
6491 2646
6492 2445
6493 2462
6514 3
6523 5
6526 2357
6532 2330
6539 2524
6540 5
6546 18
6547 2359
6560 2541
6582 2607
6583 2660
6584 2331
6586 2166
6588 2155
6589 2627
6591 2652
6598 2583
6599 2596
6619 2695
6626 2346
6628 2506
6629 2570
6631 2303
6632 1843
6633 2023
6639 2697
6646 1760
6647 2377
6663 2705
6664 2559
6665 2475
6676 2725
6688 2736
6689 2703
6690 2643
6696 2317
6704 3
6705 3
6718 2418
6721 2710
6724 2007
6727 2161
6728 2477
6732 2718
6733 2192
6747 795
6767 2051
6773 2659
6787 141
6788 141
6803 2349
6809 140
6810 140
6811 1932
6819 997
6838 821
6843 655
6912 2516
6914 2683
6927 2675
6948 2698
6953 2409
6960 2701
6961 2719
6963 47
6964 2698
6970 2523
6998 2700
7006 2208
7009 2671
7024 2673
7059 2718
7077 2559
7080 1819
7082 2392
7110 2071
7124 259
7137 1
7142 2658
9840 2722
9848 2313
9850 2665
9851 1931
9860 2714
9883 2645
9884 1919
9888 2607
9894 2506
9896 336
9897 2676
9898 2530
9899 2611
9900 2688
9905 2720
9910 2579
9911 2722
9912 2720
9913 2503
9925 2074
9926 2648
9928 2675
9929 2663
9931 2058
9939 2129
9960 2561
9961 2715
9963 2649
9967 1300
9970 2545
9971 2630
9974 2607
9981 2672
10000 2509
10012 1668
10028 1531
10038 2617
10039 2600
10040 2504
10047 2695
10049 2687
10059 2664
10060 2402
10061 2729
10065 2478
10068 16
10069 2478
10086 2580
10090 2413
10091 2444
10106 2706
10107 1436
10108 370
10114 907
10118 910
10155 2663
10165 2528
10171 1202
10181 2649
10186 2423
10187 2719
10189 2498
10190 2604
10191 1919
10202 4
10213 2468
10214 2680
10216 2725
10227 2367
10231 1748
10233 2528
10234 2457
10236 2432
10239 1833
10240 2559
10241 1496
10246 2336
10256 2296
10262 2736
10269 2
10271 1615
10273 2633
10286 8
10289 2279
10292 2478
10297 1440
10299 10
10307 2722
10312 2477
10316 2677
10335 2438
10337 2384
10338 2696
10346 6
10350 2609
10352 1307
10361 2671
10364 2174
10365 2513
10366 2575
10369 2463
10371 2696
10374 2394
10375 2520
10376 1816
10377 2720
10378 2627
10381 2375
10382 2527
10383 2644
10384 2719
10393 2441
10395 2729
10412 2521
10414 2245
10416 2545
10417 2257
10420 2653
10421 2668
10423 2504
10431 2438
10432 2541
10434 2136
10442 2330
10443 2402
10452 1560
10505 2621
10512 2728
10517 2409
10518 2730
10520 2316
10521 2366
10524 2729
10527 1992
10530 2332
10562 2678
10563 2644
10573 2080
10580 1324
10587 1056
10588 2668
10589 2717
10590 2725
10591 2319
10594 2179
10596 2649
10597 2531
10599 2595
10606 2472
10607 2679
10616 2640
10622 2737
10630 2665
10633 2028
10635 2680
10641 2637
10642 2688
10646 2686
10652 2636
10656 2666
10658 2719
10665 1726
10667 2485
10669 884
10673 2256
10687 2167
10690 2736
10692 2046
10693 2500
10694 2408
10788 2538
10789 2595
10790 2283
10791 2628
10794 2728
10795 2439
10798 2478
10800 2390
10801 2461
10809 2429
10815 2373
10816 2597
10835 907
10838 2521
10839 536
10852 2292
10853 2213
10854 2722
10855 2617
10856 2306
10857 2703
10868 2277
10878 2604
10880 2714
10882 2642
10889 892
10890 951
10902 2591
10922 2388
10923 1455
10924 2726
10931 2708
10942 21
10969 1279
10977 2709
10978 2709
10979 2337
10984 2698
10985 2658
10988 306
10989 2708
10996 2500
11023 16
11030 5
11032 2712
11033 2732
11035 2641
11036 2484
11041 2490
11043 2156
11048 2651
11079 2665
11090 2671
11096 2468
11102 2719
11103 2635
11105 802
11122 22
11126 2639
11127 2622
11142 2189
11143 1986
11146 2727
11159 1728
11162 1
11164 1
11186 157
11189 2433
11190 2184
11191 2589
11192 2554
11193 2241
11194 2265
11195 2311
11196 2662
11198 1848
11199 2002
11200 8
11202 2555
11203 4
11210 2607
11211 2709
11213 2102
11214 2382
11215 2092
11216 2009
11217 2014
11218 2697
11219 2659
11221 2478
11222 2539
11223 2655
11224 2487
11229 2668
11230 2557
11231 48
11232 2656
11233 2025
11234 50
11235 2100
11236 2574
11237 2483
11238 65
11239 2629
11240 2626
11241 2527
11244 1747
11245 2495
11246 2606
11247 2483
11248 2650
11249 2619
11250 2674
11251 2699
11252 2547
11253 2463
11254 2568
11256 2691
11261 2184
11263 2728
11264 2708
11267 2737
11268 2707
11271 1917
11272 2642
11273 2512
11274 1833
11275 1786
11276 1822
11277 1940
11278 1839
11279 1711
11280 1
11281 930
11282 316
11283 292
