Instante	APCP	CAPE	CONV	DLWRF	DSWRF	PEVAP	PRES	SPFH	TMP	UGRD	VGRD
0	0.147901	0.148448	0.148098	0.14782	0.148462	0.148539	0.147031	0.147851	0.148147	0.148343	0.147638
1	0.147901	0.148448	0.148098	0.14782	0.148462	0.148539	0.14703	0.147851	0.148147	0.148343	0.147638
2	0.147901	0.148448	0.148098	0.14782	0.148462	0.148539	0.14703	0.147851	0.148147	0.148343	0.147638
3	0.147901	0.148448	0.148098	0.14782	0.148462	0.148539	0.14703	0.147851	0.148147	0.148343	0.147638
4	0.147901	0.148448	0.148098	0.14782	0.148462	0.148539	0.14703	0.147851	0.148147	0.148343	0.147638
5	0.147901	0.148448	0.148098	0.14782	0.148462	0.148539	0.14703	0.147851	0.148147	0.148343	0.147638
6	0.147901	0.148448	0.148098	0.14782	0.148462	0.148539	0.14703	0.147851	0.148147	0.148343	0.147638
7	0.147901	0.148448	0.148098	0.14782	0.148462	0.148539	0.147029	0.147851	0.148147	0.148343	0.147638
8	0.147901	0.148448	0.148098	0.14782	0.148462	0.148539	0.147029	0.147851	0.148147	0.148343	0.147638
9	0.147901	0.148448	0.148098	0.14782	0.148462	0.148539	0.147029	0.147851	0.148147	0.148343	0.147638
10	0.147901	0.148448	0.148098	0.14782	0.148462	0.148539	0.147029	0.147851	0.148147	0.148343	0.147638
11	0.147901	0.148448	0.148098	0.14782	0.148462	0.148539	0.147029	0.147851	0.148147	0.148343	0.147638
12	0.147901	0.148448	0.148098	0.14782	0.148462	0.148539	0.147029	0.147851	0.148147	0.148343	0.147638
13	0.147901	0.148448	0.148098	0.14782	0.148462	0.148539	0.147029	0.147851	0.148147	0.148343	0.147638
14	0.147901	0.148448	0.148098	0.14782	0.148462	0.148539	0.147029	0.147851	0.148147	0.148343	0.147638
15	0.147901	0.148448	0.148098	0.14782	0.148461	0.148539	0.147029	0.147851	0.148147	0.148343	0.147638
16	0.147901	0.148448	0.148098	0.14782	0.148461	0.148539	0.147029	0.147851	0.148147	0.148343	0.147638
17	0.147901	0.148448	0.148098	0.14782	0.14846	0.148539	0.147029	0.147851	0.148147	0.148343	0.147638
18	0.147901	0.148448	0.148098	0.14782	0.14846	0.148539	0.147029	0.147851	0.148147	0.148343	0.147638
19	0.147901	0.148448	0.148098	0.14782	0.14846	0.148539	0.147029	0.147851	0.148147	0.148343	0.147638
20	0.147901	0.148448	0.148098	0.14782	0.14846	0.148539	0.14703	0.147851	0.148147	0.148343	0.147638
21	0.147901	0.148448	0.148098	0.14782	0.148461	0.148539	0.14703	0.147851	0.148147	0.148343	0.147638
22	0.147901	0.148448	0.148098	0.14782	0.148461	0.148539	0.14703	0.147851	0.148147	0.148343	0.147638
23	0.147901	0.148448	0.148098	0.14782	0.148462	0.148539	0.14703	0.147851	0.148147	0.148343	0.147638
24	0.147901	0.148448	0.148098	0.14782	0.148462	0.148539	0.14703	0.147851	0.148147	0.148343	0.147638
25	0.147901	0.148448	0.148098	0.14782	0.148462	0.148539	0.14703	0.147851	0.148147	0.148343	0.147638
26	0.147901	0.148448	0.148098	0.14782	0.148462	0.148539	0.14703	0.147851	0.148147	0.148343	0.147638
27	0.147901	0.148448	0.148098	0.14782	0.148462	0.148539	0.14703	0.147851	0.148147	0.148343	0.147638
28	0.147901	0.148448	0.148098	0.14782	0.148462	0.148539	0.14703	0.147851	0.148147	0.148343	0.147638
29	0.147901	0.148448	0.148098	0.14782	0.148462	0.148539	0.147031	0.147851	0.148147	0.148343	0.147638
30	0.147901	0.148448	0.148098	0.14782	0.148462	0.148539	0.147031	0.147851	0.148147	0.148343	0.147638
31	0.147901	0.148448	0.148098	0.14782	0.148462	0.148539	0.147031	0.147851	0.148147	0.148343	0.147638
32	0.147901	0.148448	0.148098	0.14782	0.148462	0.148539	0.147031	0.147851	0.148147	0.148343	0.147638
33	0.147901	0.148448	0.148098	0.14782	0.148462	0.148539	0.147031	0.147851	0.148147	0.148343	0.147638
34	0.147901	0.148448	0.148098	0.14782	0.148462	0.148539	0.147031	0.147851	0.148147	0.148343	0.147638
35	0.147901	0.148448	0.148098	0.14782	0.148462	0.148539	0.147032	0.147851	0.148147	0.148343	0.147638
36	0.147901	0.148448	0.148098	0.14782	0.148462	0.148539	0.147032	0.147851	0.148147	0.148343	0.147638
37	0.147901	0.148448	0.148098	0.14782	0.148462	0.148539	0.147032	0.147851	0.148147	0.148343	0.147638
38	0.147901	0.148448	0.148098	0.14782	0.148462	0.148539	0.147032	0.147851	0.148147	0.148343	0.147638
39	0.147901	0.148448	0.148098	0.14782	0.148461	0.148539	0.147032	0.147851	0.148147	0.148343	0.147638
40	0.147901	0.148448	0.148098	0.14782	0.148461	0.148539	0.147032	0.147851	0.148147	0.148343	0.147638
41	0.147901	0.148448	0.148098	0.14782	0.14846	0.148539	0.147032	0.147851	0.148147	0.148343	0.147638
42	0.147901	0.148448	0.148098	0.14782	0.14846	0.148539	0.147032	0.147851	0.148147	0.148343	0.147638
43	0.147901	0.148448	0.148098	0.14782	0.14846	0.148539	0.147033	0.147851	0.148147	0.148343	0.147638
44	0.147901	0.148448	0.148098	0.14782	0.14846	0.148539	0.147033	0.147851	0.148147	0.148343	0.147638
45	0.147901	0.148448	0.148098	0.14782	0.148461	0.148539	0.147034	0.147851	0.148147	0.148343	0.147638
46	0.147901	0.148448	0.148098	0.14782	0.148461	0.148539	0.147033	0.147851	0.148147	0.148343	0.147638
47	0.147901	0.148448	0.148098	0.14782	0.148462	0.148539	0.147033	0.147851	0.148147	0.148343	0.147638
48	0.147901	0.148448	0.148098	0.14782	0.148462	0.148539	0.147033	0.147851	0.148147	0.148343	0.147638
49	0.147901	0.148448	0.148098	0.14782	0.148462	0.148539	0.147033	0.147851	0.148147	0.148343	0.147638
50	0.147901	0.148448	0.148098	0.14782	0.148462	0.148539	0.147034	0.147851	0.148147	0.148343	0.147638
51	0.147901	0.148448	0.148098	0.14782	0.148462	0.148539	0.147034	0.147851	0.148147	0.148343	0.147638
52	0.147901	0.148448	0.148098	0.14782	0.148462	0.148539	0.147034	0.147851	0.148147	0.148343	0.147638
53	0.147901	0.148448	0.148098	0.14782	0.148462	0.148539	0.147034	0.147851	0.148147	0.148343	0.147638
54	0.147901	0.148448	0.148098	0.14782	0.148462	0.148539	0.147034	0.147851	0.148147	0.148343	0.147638
55	0.147901	0.148448	0.148098	0.14782	0.148462	0.148539	0.147034	0.147851	0.148147	0.148343	0.147638
56	0.147901	0.148448	0.148098	0.14782	0.148462	0.148539	0.147034	0.147851	0.148147	0.148343	0.147638
57	0.147901	0.148448	0.148098	0.14782	0.148462	0.148539	0.147034	0.147851	0.148147	0.148343	0.147638
58	0.147901	0.148448	0.148098	0.14782	0.148462	0.148539	0.147034	0.147851	0.148147	0.148343	0.147638
59	0.147901	0.148448	0.148098	0.14782	0.148462	0.148539	0.147034	0.147851	0.148147	0.148343	0.147638
60	0.147901	0.148448	0.148098	0.14782	0.148462	0.148539	0.147034	0.147851	0.148147	0.148343	0.147638
61	0.147901	0.148448	0.148098	0.14782	0.148462	0.148539	0.147034	0.147851	0.148147	0.148343	0.147638
62	0.147901	0.148448	0.148098	0.14782	0.148462	0.148539	0.147034	0.147851	0.148147	0.148343	0.147638
63	0.147901	0.148448	0.148098	0.14782	0.148462	0.148539	0.147034	0.147851	0.148147	0.148343	0.147638
64	0.147901	0.148448	0.148098	0.14782	0.148461	0.148539	0.147034	0.147851	0.148147	0.148343	0.147638
65	0.147901	0.148448	0.148098	0.14782	0.14846	0.148539	0.147034	0.147851	0.148147	0.148343	0.147638
66	0.147901	0.148448	0.148098	0.14782	0.14846	0.148539	0.147034	0.147851	0.148147	0.148343	0.147638
67	0.147901	0.148448	0.148098	0.14782	0.14846	0.148539	0.147035	0.147851	0.148147	0.148343	0.147638
68	0.147901	0.148448	0.148098	0.14782	0.14846	0.148539	0.147035	0.147851	0.148147	0.148343	0.147638
69	0.147901	0.148448	0.148098	0.14782	0.148461	0.148539	0.147035	0.147851	0.148147	0.148343	0.147638
70	0.147901	0.148448	0.148098	0.14782	0.148461	0.148539	0.147035	0.147851	0.148147	0.148343	0.147638
71	0.147901	0.148448	0.148098	0.14782	0.148462	0.148539	0.147035	0.147851	0.148147	0.148343	0.147638
72	0.147901	0.148448	0.148098	0.14782	0.148462	0.148539	0.147035	0.147851	0.148147	0.148343	0.147638
73	0.147901	0.148448	0.148098	0.14782	0.148462	0.148539	0.147035	0.147851	0.148147	0.148343	0.147638
74	0.147901	0.148448	0.148098	0.14782	0.148462	0.148539	0.147035	0.147851	0.148147	0.148343	0.147638
75	0.147901	0.148448	0.148098	0.14782	0.148462	0.148539	0.147035	0.147851	0.148147	0.148343	0.147638
76	0.147901	0.148448	0.148098	0.14782	0.148462	0.148539	0.147035	0.147851	0.148147	0.148343	0.147638
77	0.147901	0.148448	0.148098	0.14782	0.148462	0.148539	0.147035	0.147851	0.148147	0.148343	0.147638
78	0.147901	0.148448	0.148098	0.14782	0.148462	0.148539	0.147035	0.147851	0.148147	0.148343	0.147638
79	0.147901	0.148448	0.148098	0.14782	0.148462	0.148539	0.147035	0.147851	0.148147	0.148343	0.147638
80	0.147901	0.148448	0.148098	0.14782	0.148462	0.148539	0.147035	0.147851	0.148147	0.148343	0.147638
81	0.147901	0.148448	0.148098	0.14782	0.148462	0.148539	0.147035	0.147851	0.148147	0.148343	0.147638
82	0.147901	0.148448	0.148098	0.14782	0.148462	0.148539	0.147035	0.147851	0.148147	0.148343	0.147638
83	0.147901	0.148448	0.148098	0.14782	0.148462	0.148539	0.147035	0.147851	0.148147	0.148343	0.147638
84	0.147901	0.148448	0.148098	0.14782	0.148462	0.148539	0.147035	0.147851	0.148147	0.148343	0.147638
85	0.147901	0.148448	0.148098	0.14782	0.148462	0.148539	0.147035	0.147851	0.148147	0.148343	0.147638
86	0.147901	0.148448	0.148098	0.14782	0.148462	0.148539	0.147035	0.147851	0.148147	0.148343	0.147638
87	0.147901	0.148448	0.148098	0.14782	0.148462	0.148539	0.147035	0.147851	0.148147	0.148343	0.147638
88	0.147901	0.148448	0.148098	0.14782	0.148461	0.148539	0.147035	0.147851	0.148147	0.148343	0.147638
89	0.147901	0.148448	0.148098	0.14782	0.14846	0.148539	0.147035	0.147851	0.148147	0.148343	0.147638
90	0.147901	0.148448	0.148098	0.14782	0.14846	0.148539	0.147035	0.147851	0.148147	0.148343	0.147638
91	0.147901	0.148448	0.148098	0.14782	0.14846	0.148539	0.147035	0.147851	0.148147	0.148343	0.147638
92	0.147901	0.148448	0.148098	0.14782	0.14846	0.148539	0.147035	0.147851	0.148147	0.148343	0.147638
93	0.147901	0.148448	0.148098	0.14782	0.148461	0.148539	0.147036	0.147851	0.148147	0.148343	0.147638
94	0.147901	0.148448	0.148098	0.14782	0.148461	0.148539	0.147036	0.147851	0.148147	0.148343	0.147638
95	0.147901	0.148448	0.148098	0.14782	0.148462	0.148539	0.147036	0.147851	0.148147	0.148343	0.147638
96	0.147901	0.148448	0.148098	0.14782	0.148462	0.148539	0.147036	0.147851	0.148147	0.148343	0.147638
97	0.147901	0.148448	0.148098	0.14782	0.148462	0.148539	0.147036	0.147851	0.148147	0.148343	0.147638
98	0.147901	0.148448	0.148098	0.14782	0.148462	0.148539	0.147036	0.147851	0.148147	0.148343	0.147638
99	0.147901	0.148448	0.148098	0.14782	0.148462	0.148539	0.147036	0.147851	0.148147	0.148343	0.147638
100	0.147901	0.148448	0.148098	0.14782	0.148462	0.148539	0.147036	0.147851	0.148147	0.148343	0.147638
101	0.147901	0.148448	0.148098	0.14782	0.148462	0.148539	0.147035	0.147851	0.148147	0.148343	0.147638
102	0.147901	0.148448	0.148098	0.14782	0.148462	0.148539	0.147035	0.147851	0.148147	0.148343	0.147638
103	0.147901	0.148448	0.148098	0.14782	0.148462	0.148539	0.147035	0.147851	0.148147	0.148343	0.147638
104	0.147901	0.148448	0.148098	0.14782	0.148462	0.148539	0.147035	0.147851	0.148147	0.148343	0.147638
105	0.147901	0.148448	0.148098	0.14782	0.148462	0.148539	0.147035	0.147851	0.148147	0.148343	0.147638
106	0.147901	0.148448	0.148098	0.14782	0.148462	0.148539	0.147035	0.147851	0.148147	0.148343	0.147638
107	0.147901	0.148448	0.148098	0.14782	0.148462	0.148539	0.147035	0.147851	0.148147	0.148343	0.147638
108	0.147901	0.148448	0.148098	0.14782	0.148462	0.148539	0.147035	0.147851	0.148147	0.148343	0.147638
109	0.147901	0.148448	0.148098	0.14782	0.148462	0.148539	0.147035	0.147851	0.148147	0.148343	0.147638
110	0.147901	0.148448	0.148098	0.14782	0.148462	0.148539	0.147035	0.147851	0.148147	0.148343	0.147638
111	0.147901	0.148448	0.148098	0.14782	0.148461	0.148539	0.147035	0.147851	0.148147	0.148343	0.147638
112	0.147901	0.148448	0.148098	0.14782	0.148461	0.148539	0.147035	0.147851	0.148147	0.148343	0.147638
113	0.147901	0.148448	0.148098	0.14782	0.14846	0.148539	0.147035	0.147851	0.148147	0.148343	0.147638
114	0.147901	0.148448	0.148098	0.14782	0.14846	0.148539	0.147035	0.147851	0.148147	0.148343	0.147638
115	0.147901	0.148448	0.148098	0.14782	0.14846	0.148539	0.147035	0.147851	0.148147	0.148343	0.147638
116	0.147901	0.148448	0.148098	0.14782	0.14846	0.148539	0.147035	0.147851	0.148147	0.148343	0.147638
117	0.147901	0.148448	0.148098	0.14782	0.148461	0.148539	0.147035	0.147851	0.148147	0.148343	0.147638
118	0.147901	0.148448	0.148098	0.14782	0.148461	0.148539	0.147035	0.147851	0.148147	0.148343	0.147638
119	0.147901	0.148448	0.148098	0.14782	0.148462	0.148539	0.147035	0.147851	0.148147	0.148343	0.147638
120	0.147901	0.148448	0.148098	0.14782	0.148462	0.148539	0.147035	0.147851	0.148147	0.148343	0.147638
121	0.147901	0.148448	0.148098	0.14782	0.148462	0.148539	0.147034	0.147851	0.148147	0.148343	0.147638
122	0.147901	0.148448	0.148098	0.14782	0.148462	0.148539	0.147034	0.147851	0.148147	0.148343	0.147638
123	0.147901	0.148448	0.148098	0.14782	0.148462	0.148539	0.147034	0.147851	0.148147	0.148343	0.147638
124	0.147901	0.148448	0.148098	0.14782	0.148462	0.148539	0.147034	0.147851	0.148147	0.148343	0.147638
125	0.147901	0.148448	0.148098	0.14782	0.148462	0.148539	0.147034	0.147851	0.148147	0.148343	0.147638
126	0.147901	0.148448	0.148098	0.14782	0.148462	0.148539	0.147034	0.147851	0.148147	0.148343	0.147638
127	0.147901	0.148448	0.148098	0.14782	0.148462	0.148539	0.147034	0.147851	0.148147	0.148343	0.147638
128	0.147901	0.148448	0.148098	0.14782	0.148462	0.148539	0.147034	0.147851	0.148147	0.148343	0.147638
129	0.147901	0.148448	0.148098	0.14782	0.148462	0.148539	0.147034	0.147851	0.148147	0.148343	0.147638
130	0.147901	0.148448	0.148098	0.14782	0.148462	0.148539	0.147034	0.147851	0.148147	0.148343	0.147638
131	0.147901	0.148448	0.148098	0.14782	0.148462	0.148539	0.147034	0.147851	0.148147	0.148343	0.147638
132	0.147901	0.148448	0.148098	0.14782	0.148462	0.148539	0.147034	0.147851	0.148147	0.148343	0.147638
133	0.147901	0.148448	0.148098	0.14782	0.148462	0.148539	0.147034	0.147851	0.148147	0.148343	0.147638
134	0.147901	0.148448	0.148098	0.14782	0.148462	0.148539	0.147034	0.147851	0.148147	0.148343	0.147638
135	0.147901	0.148448	0.148098	0.14782	0.148461	0.148539	0.147034	0.147851	0.148147	0.148343	0.147638
136	0.147901	0.148448	0.148098	0.14782	0.148461	0.148539	0.147034	0.147851	0.148147	0.148343	0.147638
137	0.147901	0.148448	0.148098	0.14782	0.14846	0.148539	0.147034	0.147851	0.148147	0.148343	0.147638
138	0.147901	0.148448	0.148098	0.14782	0.14846	0.148539	0.147034	0.147851	0.148147	0.148343	0.147638
139	0.147901	0.148448	0.148098	0.14782	0.14846	0.148539	0.147035	0.147851	0.148147	0.148343	0.147638
140	0.147901	0.148448	0.148098	0.14782	0.14846	0.148539	0.147035	0.147851	0.148147	0.148343	0.147638
141	0.147901	0.148448	0.148098	0.14782	0.148461	0.148539	0.147035	0.147851	0.148147	0.148343	0.147638
142	0.147901	0.148448	0.148098	0.14782	0.148461	0.148539	0.147035	0.147851	0.148147	0.148343	0.147638
143	0.147901	0.148448	0.148098	0.14782	0.148462	0.148539	0.147035	0.147851	0.148147	0.148343	0.147638
144	0.147901	0.148448	0.148098	0.14782	0.148462	0.148539	0.147035	0.147851	0.148147	0.148343	0.147638
145	0.147901	0.148448	0.148098	0.14782	0.148462	0.148539	0.147036	0.147851	0.148147	0.148343	0.147638
146	0.147901	0.148448	0.148098	0.14782	0.148462	0.148539	0.147036	0.147851	0.148147	0.148343	0.147638
147	0.147901	0.148448	0.148098	0.14782	0.148462	0.148539	0.147036	0.147851	0.148147	0.148343	0.147638
148	0.147901	0.148448	0.148098	0.14782	0.148462	0.148539	0.147036	0.147851	0.148147	0.148343	0.147638
149	0.147901	0.148448	0.148098	0.14782	0.148462	0.148539	0.147036	0.147851	0.148147	0.148343	0.147638
150	0.147901	0.148448	0.148098	0.14782	0.148462	0.148539	0.147036	0.147851	0.148147	0.148343	0.147638
151	0.147901	0.148448	0.148098	0.14782	0.148462	0.148539	0.147036	0.147851	0.148147	0.148343	0.147638
152	0.147901	0.148448	0.148098	0.14782	0.148462	0.148539	0.147037	0.147851	0.148147	0.148343	0.147638
153	0.147901	0.148448	0.148098	0.14782	0.148462	0.148539	0.147037	0.147851	0.148147	0.148343	0.147638
154	0.147901	0.148448	0.148098	0.14782	0.148462	0.148539	0.147037	0.147851	0.148147	0.148343	0.147638
155	0.147901	0.148448	0.148098	0.14782	0.148462	0.148539	0.147037	0.147851	0.148147	0.148343	0.147638
156	0.147901	0.148448	0.148098	0.14782	0.148462	0.148539	0.147037	0.147851	0.148147	0.148343	0.147638
157	0.147901	0.148448	0.148098	0.14782	0.148462	0.148539	0.147037	0.147851	0.148147	0.148343	0.147638
158	0.147901	0.148448	0.148098	0.14782	0.148462	0.148539	0.147037	0.147851	0.148147	0.148343	0.147638
159	0.147901	0.148448	0.148098	0.14782	0.148462	0.148539	0.147037	0.147851	0.148147	0.148343	0.147638
160	0.147901	0.148448	0.148098	0.14782	0.148461	0.148539	0.147037	0.147851	0.148147	0.148343	0.147638
161	0.147901	0.148448	0.148098	0.14782	0.148461	0.148539	0.147037	0.147851	0.148147	0.148343	0.147638
162	0.147901	0.148448	0.148098	0.14782	0.14846	0.148539	0.147037	0.147851	0.148147	0.148343	0.147638
163	0.147901	0.148448	0.148098	0.14782	0.14846	0.148539	0.147037	0.147851	0.148147	0.148343	0.147638
164	0.147901	0.148448	0.148098	0.14782	0.14846	0.148539	0.147038	0.147851	0.148147	0.148343	0.147638
165	0.147901	0.148448	0.148098	0.14782	0.148461	0.148539	0.147038	0.147851	0.148147	0.148343	0.147638
166	0.147901	0.148448	0.148098	0.14782	0.148461	0.148539	0.147038	0.147851	0.148147	0.148343	0.147638
167	0.147901	0.148448	0.148098	0.14782	0.148462	0.148539	0.147038	0.147851	0.148147	0.148343	0.147638
168	0.147901	0.148448	0.148098	0.14782	0.148462	0.148539	0.147038	0.147851	0.148147	0.148343	0.147638
169	0.147901	0.148448	0.148098	0.14782	0.148462	0.148539	0.147039	0.147851	0.148147	0.148343	0.147638
170	0.147901	0.148448	0.148098	0.14782	0.148462	0.148539	0.147039	0.147851	0.148147	0.148343	0.147638
171	0.147901	0.148448	0.148098	0.14782	0.148462	0.148539	0.147039	0.147851	0.148147	0.148343	0.147638
172	0.147901	0.148448	0.148098	0.14782	0.148462	0.148539	0.147039	0.147851	0.148147	0.148343	0.147638
173	0.147901	0.148448	0.148098	0.14782	0.148462	0.148539	0.147039	0.147851	0.148147	0.148343	0.147638
174	0.147901	0.148448	0.148098	0.14782	0.148462	0.148539	0.147039	0.147851	0.148147	0.148343	0.147638
175	0.147901	0.148448	0.148098	0.14782	0.148462	0.148539	0.147039	0.147851	0.148147	0.148343	0.147638
176	0.147901	0.148448	0.148098	0.14782	0.148462	0.148539	0.147039	0.147851	0.148147	0.148343	0.147638
177	0.147901	0.148448	0.148098	0.14782	0.148462	0.148539	0.147039	0.147851	0.148147	0.148343	0.147638
178	0.147901	0.148448	0.148098	0.14782	0.148462	0.148539	0.147039	0.147851	0.148147	0.148343	0.147638
179	0.147901	0.148448	0.148098	0.14782	0.148462	0.148539	0.147039	0.147851	0.148147	0.148343	0.147638
180	0.147901	0.148448	0.148098	0.14782	0.148462	0.148539	0.147039	0.147851	0.148147	0.148343	0.147638
181	0.147901	0.148448	0.148098	0.14782	0.148462	0.148539	0.147039	0.147851	0.148147	0.148343	0.147638
182	0.147901	0.148448	0.148098	0.14782	0.148462	0.148539	0.147039	0.147851	0.148147	0.148343	0.147638
183	0.147901	0.148448	0.148098	0.14782	0.148462	0.148539	0.147039	0.147851	0.148147	0.148343	0.147638
184	0.147901	0.148448	0.148098	0.14782	0.148461	0.148539	0.147039	0.147851	0.148147	0.148343	0.147638
185	0.147901	0.148448	0.148098	0.14782	0.148461	0.148539	0.147039	0.147851	0.148147	0.148343	0.147638
186	0.147901	0.148448	0.148098	0.14782	0.14846	0.148539	0.14704	0.147851	0.148147	0.148343	0.147638
187	0.147901	0.148448	0.148098	0.14782	0.14846	0.148539	0.14704	0.147851	0.148147	0.148343	0.147638
188	0.147901	0.148448	0.148098	0.14782	0.14846	0.148539	0.14704	0.147851	0.148147	0.148343	0.147638
189	0.147901	0.148448	0.148098	0.14782	0.148461	0.148539	0.14704	0.147851	0.148147	0.148343	0.147638
190	0.147901	0.148448	0.148098	0.14782	0.148461	0.148539	0.14704	0.147851	0.148147	0.148343	0.147638
191	0.147901	0.148448	0.148098	0.14782	0.148462	0.148539	0.14704	0.147851	0.148147	0.148343	0.147638
192	0.147901	0.148448	0.148098	0.14782	0.148462	0.148539	0.14704	0.147851	0.148147	0.148343	0.147638
193	0.147901	0.148448	0.148098	0.14782	0.148462	0.148539	0.14704	0.147851	0.148147	0.148343	0.147638
194	0.147901	0.148448	0.148098	0.14782	0.148462	0.148539	0.14704	0.147851	0.148147	0.148343	0.147638
195	0.147901	0.148448	0.148098	0.14782	0.148462	0.148539	0.14704	0.147851	0.148147	0.148343	0.147638
196	0.147901	0.148448	0.148098	0.14782	0.148462	0.148539	0.14704	0.147851	0.148147	0.148343	0.147638
197	0.147901	0.148448	0.148098	0.14782	0.148462	0.148539	0.14704	0.147851	0.148147	0.148343	0.147638
198	0.147901	0.148448	0.148098	0.14782	0.148462	0.148539	0.14704	0.147851	0.148147	0.148343	0.147638
199	0.147901	0.148448	0.148098	0.14782	0.148462	0.148539	0.14704	0.147851	0.148147	0.148343	0.147638
200	0.147901	0.148448	0.148098	0.14782	0.148462	0.148539	0.14704	0.147851	0.148147	0.148343	0.147638
201	0.147901	0.148448	0.148098	0.14782	0.148462	0.148539	0.14704	0.147851	0.148147	0.148343	0.147638
202	0.147901	0.148448	0.148098	0.14782	0.148462	0.148539	0.14704	0.147851	0.148147	0.148343	0.147638
203	0.147901	0.148448	0.148098	0.14782	0.148462	0.148539	0.14704	0.147851	0.148147	0.148343	0.147638
204	0.147901	0.148448	0.148098	0.14782	0.148462	0.148539	0.14704	0.147851	0.148147	0.148343	0.147638
205	0.147901	0.148448	0.148098	0.14782	0.148462	0.148539	0.14704	0.147851	0.148147	0.148343	0.147638
206	0.147901	0.148448	0.148098	0.14782	0.148462	0.148539	0.14704	0.147851	0.148147	0.148343	0.147638
207	0.147901	0.148448	0.148098	0.14782	0.148462	0.148539	0.147039	0.147851	0.148147	0.148343	0.147638
208	0.147901	0.148448	0.148098	0.14782	0.148461	0.148539	0.14704	0.147851	0.148147	0.148343	0.147638
209	0.147901	0.148448	0.148098	0.14782	0.148461	0.148539	0.14704	0.147851	0.148147	0.148343	0.147638
210	0.147901	0.148448	0.148098	0.14782	0.14846	0.148539	0.14704	0.147851	0.148147	0.148343	0.147638
211	0.147901	0.148448	0.148098	0.14782	0.14846	0.148539	0.14704	0.147851	0.148147	0.148343	0.147638
212	0.147901	0.148448	0.148098	0.14782	0.14846	0.148539	0.147041	0.147851	0.148147	0.148343	0.147638
213	0.147901	0.148448	0.148098	0.14782	0.148461	0.148539	0.147041	0.147851	0.148147	0.148343	0.147638
214	0.147901	0.148448	0.148098	0.14782	0.148461	0.148539	0.147041	0.147851	0.148147	0.148343	0.147638
215	0.147901	0.148448	0.148098	0.14782	0.148462	0.148539	0.147041	0.147851	0.148147	0.148343	0.147638
216	0.147901	0.148448	0.148098	0.14782	0.148462	0.148539	0.14704	0.147851	0.148147	0.148343	0.147638
217	0.147901	0.148448	0.148098	0.14782	0.148462	0.148539	0.14704	0.147851	0.148147	0.148343	0.147638
218	0.147901	0.148448	0.148098	0.14782	0.148462	0.148539	0.147041	0.147851	0.148147	0.148343	0.147638
219	0.147901	0.148448	0.148098	0.14782	0.148462	0.148539	0.147041	0.147851	0.148147	0.148343	0.147638
220	0.147901	0.148448	0.148098	0.14782	0.148462	0.148539	0.147041	0.147851	0.148147	0.148343	0.147638
221	0.147901	0.148448	0.148098	0.14782	0.148462	0.148539	0.147041	0.147851	0.148147	0.148343	0.147638
222	0.147901	0.148448	0.148098	0.14782	0.148462	0.148539	0.147041	0.147851	0.148147	0.148343	0.147638
223	0.147901	0.148448	0.148098	0.14782	0.148462	0.148539	0.147041	0.147851	0.148147	0.148343	0.147638
224	0.147901	0.148448	0.148098	0.14782	0.148462	0.148539	0.147041	0.147851	0.148147	0.148343	0.147638
225	0.147901	0.148448	0.148098	0.14782	0.148462	0.148539	0.147041	0.147851	0.148147	0.148343	0.147638
226	0.147901	0.148448	0.148098	0.14782	0.148462	0.148539	0.147041	0.147851	0.148147	0.148343	0.147638
227	0.147901	0.148448	0.148098	0.14782	0.148462	0.148539	0.147041	0.147851	0.148147	0.148343	0.147638
228	0.147901	0.148448	0.148098	0.14782	0.148462	0.148539	0.147041	0.147851	0.148147	0.148343	0.147638
229	0.147901	0.148448	0.148098	0.14782	0.148462	0.148539	0.147041	0.147851	0.148147	0.148343	0.147638
230	0.147901	0.148448	0.148098	0.14782	0.148462	0.148539	0.147041	0.147851	0.148147	0.148343	0.147638
231	0.147901	0.148448	0.148098	0.14782	0.148461	0.148539	0.147041	0.147851	0.148147	0.148343	0.147638
232	0.147901	0.148448	0.148098	0.14782	0.148461	0.148539	0.147041	0.147851	0.148147	0.148343	0.147638
233	0.147901	0.148448	0.148098	0.14782	0.14846	0.148539	0.147041	0.147851	0.148147	0.148343	0.147638
234	0.147901	0.148448	0.148098	0.14782	0.14846	0.148539	0.147041	0.147851	0.148147	0.148343	0.147638
235	0.147901	0.148448	0.148098	0.14782	0.14846	0.148539	0.147041	0.147851	0.148147	0.148343	0.147638
236	0.147901	0.148448	0.148098	0.14782	0.14846	0.148539	0.147041	0.147851	0.148147	0.148343	0.147638
237	0.147901	0.148448	0.148098	0.14782	0.148461	0.148539	0.147042	0.147851	0.148147	0.148343	0.147638
238	0.147901	0.148448	0.148098	0.14782	0.148461	0.148539	0.147041	0.147851	0.148147	0.148343	0.147638
239	0.147901	0.148448	0.148098	0.14782	0.148462	0.148539	0.147041	0.147851	0.148147	0.148343	0.147638
240	0.147901	0.148448	0.148098	0.14782	0.148462	0.148539	0.147041	0.147851	0.148147	0.148343	0.147638
241	0.147901	0.148448	0.148098	0.14782	0.148462	0.148539	0.147041	0.147851	0.148147	0.148343	0.147638
242	0.147901	0.148448	0.148098	0.14782	0.148462	0.148539	0.14704	0.147851	0.148147	0.148343	0.147638
243	0.147901	0.148448	0.148098	0.14782	0.148462	0.148539	0.14704	0.147851	0.148147	0.148343	0.147638
244	0.147901	0.148448	0.148098	0.14782	0.148462	0.148539	0.14704	0.147851	0.148147	0.148343	0.147638
245	0.147901	0.148448	0.148098	0.14782	0.148462	0.148539	0.14704	0.147851	0.148147	0.148343	0.147638
246	0.147901	0.148448	0.148098	0.14782	0.148462	0.148539	0.14704	0.147851	0.148147	0.148343	0.147638
247	0.147901	0.148448	0.148098	0.14782	0.148462	0.148539	0.14704	0.147851	0.148147	0.148343	0.147638
248	0.147901	0.148448	0.148098	0.14782	0.148462	0.148539	0.14704	0.147851	0.148147	0.148343	0.147638
249	0.147901	0.148448	0.148098	0.14782	0.148462	0.148539	0.147039	0.147851	0.148147	0.148343	0.147638
250	0.147901	0.148448	0.148098	0.14782	0.148462	0.148539	0.147039	0.147851	0.148147	0.148343	0.147638
251	0.147901	0.148448	0.148098	0.14782	0.148462	0.148539	0.147039	0.147851	0.148147	0.148343	0.147638
252	0.147901	0.148448	0.148098	0.14782	0.148462	0.148539	0.147039	0.147851	0.148147	0.148343	0.147638
253	0.147901	0.148448	0.148098	0.14782	0.148462	0.148539	0.147038	0.147851	0.148147	0.148343	0.147638
254	0.147901	0.148448	0.148098	0.14782	0.148462	0.148539	0.147038	0.147851	0.148147	0.148343	0.147638
255	0.147901	0.148448	0.148098	0.14782	0.148462	0.148539	0.147038	0.147851	0.148147	0.148343	0.147638
256	0.147901	0.148448	0.148098	0.14782	0.148461	0.148539	0.147038	0.147851	0.148147	0.148343	0.147638
257	0.147901	0.148448	0.148098	0.14782	0.148461	0.148539	0.147037	0.147851	0.148147	0.148343	0.147638
258	0.147901	0.148448	0.148098	0.14782	0.14846	0.148539	0.147037	0.147851	0.148147	0.148343	0.147638
259	0.147901	0.148448	0.148098	0.14782	0.14846	0.148539	0.147037	0.147851	0.148147	0.148343	0.147638
260	0.147901	0.148448	0.148098	0.14782	0.148461	0.148539	0.147038	0.147851	0.148147	0.148343	0.147638
261	0.147901	0.148448	0.148098	0.14782	0.148461	0.148539	0.147038	0.147851	0.148147	0.148343	0.147638
262	0.147901	0.148448	0.148098	0.14782	0.148461	0.148539	0.147038	0.147851	0.148147	0.148343	0.147638
263	0.147901	0.148448	0.148098	0.14782	0.148462	0.148539	0.147038	0.147851	0.148147	0.148343	0.147638
264	0.147901	0.148448	0.148098	0.14782	0.148462	0.148539	0.147038	0.147851	0.148147	0.148343	0.147638
265	0.147901	0.148448	0.148098	0.14782	0.148462	0.148539	0.147038	0.147851	0.148147	0.148343	0.147638
266	0.147901	0.148448	0.148098	0.14782	0.148462	0.148539	0.147038	0.147851	0.148147	0.148343	0.147638
267	0.147901	0.148448	0.148098	0.14782	0.148462	0.148539	0.147037	0.147851	0.148147	0.148343	0.147638
268	0.147901	0.148448	0.148098	0.14782	0.148462	0.148539	0.147037	0.147851	0.148147	0.148343	0.147638
269	0.147901	0.148448	0.148098	0.14782	0.148462	0.148539	0.147037	0.147851	0.148147	0.148343	0.147638
270	0.147901	0.148448	0.148098	0.14782	0.148462	0.148539	0.147037	0.147851	0.148147	0.148343	0.147638
271	0.147901	0.148448	0.148098	0.14782	0.148462	0.148539	0.147037	0.147851	0.148147	0.148343	0.147638
272	0.147901	0.148448	0.148098	0.14782	0.148462	0.148539	0.147037	0.147851	0.148147	0.148343	0.147638
273	0.147901	0.148448	0.148098	0.14782	0.148462	0.148539	0.147037	0.147851	0.148147	0.148343	0.147638
274	0.147901	0.148448	0.148098	0.14782	0.148462	0.148539	0.147037	0.147851	0.148147	0.148343	0.147638
275	0.147901	0.148448	0.148098	0.14782	0.148462	0.148539	0.147037	0.147851	0.148147	0.148343	0.147638
276	0.147901	0.148448	0.148098	0.14782	0.148462	0.148539	0.147037	0.147851	0.148147	0.148343	0.147638
277	0.147901	0.148448	0.148098	0.14782	0.148462	0.148539	0.147036	0.147851	0.148147	0.148343	0.147638
278	0.147901	0.148448	0.148098	0.14782	0.148462	0.148539	0.147036	0.147851	0.148147	0.148343	0.147638
279	0.147901	0.148448	0.148098	0.14782	0.148462	0.148539	0.147036	0.147851	0.148147	0.148343	0.147638
280	0.147901	0.148448	0.148098	0.14782	0.148461	0.148539	0.147035	0.147851	0.148147	0.148343	0.147638
281	0.147901	0.148448	0.148098	0.14782	0.148461	0.148539	0.147035	0.147851	0.148147	0.148343	0.147638
282	0.147901	0.148448	0.148098	0.14782	0.14846	0.148539	0.147035	0.147851	0.148147	0.148343	0.147638
283	0.147901	0.148448	0.148098	0.14782	0.14846	0.148539	0.147035	0.147851	0.148147	0.148343	0.147638
284	0.147901	0.148448	0.148098	0.14782	0.14846	0.148539	0.147035	0.147851	0.148147	0.148343	0.147638
285	0.147901	0.148448	0.148098	0.14782	0.148461	0.148539	0.147035	0.147851	0.148147	0.148343	0.147638
286	0.147901	0.148448	0.148098	0.14782	0.148461	0.148539	0.147035	0.147851	0.148147	0.148343	0.147638
287	0.147901	0.148448	0.148098	0.14782	0.148462	0.148539	0.147034	0.147851	0.148147	0.148343	0.147638
288	0.147901	0.148448	0.148098	0.14782	0.148462	0.148539	0.147034	0.147851	0.148147	0.148343	0.147638
289	0.147901	0.148448	0.148098	0.14782	0.148462	0.148539	0.147034	0.147851	0.148147	0.148343	0.147638
290	0.147901	0.148448	0.148098	0.14782	0.148462	0.148539	0.147033	0.147851	0.148147	0.148343	0.147638
291	0.147901	0.148448	0.148098	0.14782	0.148462	0.148539	0.147033	0.147851	0.148147	0.148343	0.147638
292	0.147901	0.148448	0.148098	0.14782	0.148462	0.148539	0.147033	0.147851	0.148147	0.148343	0.147638
293	0.147901	0.148448	0.148098	0.14782	0.148462	0.148539	0.147033	0.147851	0.148147	0.148343	0.147638
294	0.147901	0.148448	0.148098	0.14782	0.148462	0.148539	0.147033	0.147851	0.148147	0.148343	0.147638
295	0.147901	0.148448	0.148098	0.14782	0.148462	0.148539	0.147033	0.147851	0.148147	0.148343	0.147638
296	0.147901	0.148448	0.148098	0.14782	0.148462	0.148539	0.147033	0.147851	0.148147	0.148343	0.147638
297	0.147901	0.148448	0.148098	0.14782	0.148462	0.148539	0.147033	0.147851	0.148147	0.148343	0.147638
298	0.147901	0.148448	0.148098	0.14782	0.148462	0.148539	0.147032	0.147851	0.148147	0.148343	0.147638
299	0.147901	0.148448	0.148098	0.14782	0.148462	0.148539	0.147032	0.147851	0.148147	0.148343	0.147638
300	0.147901	0.148448	0.148098	0.14782	0.148462	0.148539	0.147032	0.147851	0.148147	0.148343	0.147638
301	0.147901	0.148448	0.148098	0.14782	0.148462	0.148539	0.147031	0.147851	0.148147	0.148343	0.147638
302	0.147901	0.148448	0.148098	0.14782	0.148462	0.148539	0.147031	0.147851	0.148147	0.148343	0.147638
303	0.147901	0.148448	0.148098	0.14782	0.148461	0.148539	0.147031	0.147851	0.148147	0.148343	0.147638
304	0.147901	0.148448	0.148098	0.14782	0.148461	0.148539	0.147031	0.147851	0.148147	0.148343	0.147638
305	0.147901	0.148448	0.148098	0.14782	0.14846	0.148539	0.147031	0.147851	0.148147	0.148343	0.147638
306	0.147901	0.148448	0.148098	0.14782	0.14846	0.148539	0.14703	0.147851	0.148147	0.148343	0.147638
307	0.147901	0.148448	0.148098	0.14782	0.14846	0.148539	0.14703	0.147851	0.148147	0.148343	0.147638
308	0.147901	0.148448	0.148098	0.14782	0.14846	0.148539	0.147031	0.147851	0.148147	0.148343	0.147638
309	0.147901	0.148448	0.148098	0.14782	0.148461	0.148539	0.147031	0.147851	0.148147	0.148343	0.147638
310	0.147901	0.148448	0.148098	0.14782	0.148461	0.148539	0.147031	0.147851	0.148147	0.148343	0.147638
311	0.147901	0.148448	0.148098	0.14782	0.148462	0.148539	0.14703	0.147851	0.148147	0.148343	0.147638
312	0.147901	0.148448	0.148098	0.14782	0.148462	0.148539	0.14703	0.147851	0.148147	0.148343	0.147638
313	0.147901	0.148448	0.148098	0.14782	0.148462	0.148539	0.14703	0.147851	0.148147	0.148343	0.147638
314	0.147901	0.148448	0.148098	0.14782	0.148462	0.148539	0.14703	0.147851	0.148147	0.148343	0.147638
315	0.147901	0.148448	0.148098	0.14782	0.148462	0.148539	0.14703	0.147851	0.148147	0.148343	0.147638
316	0.147901	0.148448	0.148098	0.14782	0.148462	0.148539	0.14703	0.147851	0.148147	0.148343	0.147638
317	0.147901	0.148448	0.148098	0.14782	0.148462	0.148539	0.14703	0.147851	0.148147	0.148343	0.147638
318	0.147901	0.148448	0.148098	0.14782	0.148462	0.148539	0.14703	0.147851	0.148147	0.148343	0.147638
319	0.147901	0.148448	0.148098	0.14782	0.148462	0.148539	0.14703	0.147851	0.148147	0.148343	0.147638
320	0.147901	0.148448	0.148098	0.14782	0.148462	0.148539	0.14703	0.147851	0.148147	0.148343	0.147638
321	0.147901	0.148448	0.148098	0.14782	0.148462	0.148539	0.14703	0.147851	0.148147	0.148343	0.147638
322	0.147901	0.148448	0.148098	0.14782	0.148462	0.148539	0.14703	0.147851	0.148147	0.148343	0.147638
323	0.147901	0.148448	0.148098	0.14782	0.148462	0.148539	0.14703	0.147851	0.148147	0.148343	0.147638
324	0.147901	0.148448	0.148098	0.14782	0.148462	0.148539	0.14703	0.147851	0.148147	0.148343	0.147638
325	0.147901	0.148448	0.148098	0.14782	0.148462	0.148539	0.14703	0.147851	0.148147	0.148343	0.147638
326	0.147901	0.148448	0.148098	0.14782	0.148462	0.148539	0.14703	0.147851	0.148147	0.148343	0.147638
327	0.147901	0.148448	0.148098	0.14782	0.148461	0.148539	0.14703	0.147851	0.148147	0.148343	0.147638
328	0.147901	0.148448	0.148098	0.14782	0.148461	0.148539	0.14703	0.147851	0.148147	0.148343	0.147638
329	0.147901	0.148448	0.148098	0.14782	0.14846	0.148539	0.14703	0.147851	0.148147	0.148343	0.147638
330	0.147901	0.148448	0.148098	0.14782	0.14846	0.148539	0.14703	0.147851	0.148147	0.148343	0.147638
331	0.147901	0.148448	0.148098	0.14782	0.14846	0.148539	0.14703	0.147851	0.148147	0.148343	0.147638
332	0.147901	0.148448	0.148098	0.14782	0.14846	0.148539	0.14703	0.147851	0.148147	0.148343	0.147638
333	0.147901	0.148448	0.148098	0.14782	0.148461	0.148539	0.14703	0.147851	0.148147	0.148343	0.147638
334	0.147901	0.148448	0.148098	0.14782	0.148461	0.148539	0.14703	0.147851	0.148147	0.148343	0.147638
335	0.147901	0.148448	0.148098	0.14782	0.148462	0.148539	0.14703	0.147851	0.148147	0.148343	0.147638
336	0.147901	0.148448	0.148098	0.14782	0.148462	0.148539	0.14703	0.147851	0.148147	0.148343	0.147638
337	0.147901	0.148448	0.148098	0.14782	0.148462	0.148539	0.14703	0.147851	0.148147	0.148343	0.147638
338	0.147901	0.148448	0.148098	0.14782	0.148462	0.148539	0.14703	0.147851	0.148147	0.148343	0.147638
339	0.147901	0.148448	0.148098	0.14782	0.148462	0.148539	0.14703	0.147851	0.148147	0.148343	0.147638
340	0.147901	0.148448	0.148098	0.14782	0.148462	0.148539	0.14703	0.147851	0.148147	0.148343	0.147638
341	0.147901	0.148448	0.148098	0.14782	0.148462	0.148539	0.14703	0.147851	0.148147	0.148343	0.147638
342	0.147901	0.148448	0.148098	0.14782	0.148462	0.148539	0.14703	0.147851	0.148147	0.148343	0.147638
343	0.147901	0.148448	0.148098	0.14782	0.148462	0.148539	0.14703	0.147851	0.148147	0.148343	0.147638
344	0.147901	0.148448	0.148098	0.14782	0.148462	0.148539	0.14703	0.147851	0.148147	0.148343	0.147638
345	0.147901	0.148448	0.148098	0.14782	0.148462	0.148539	0.14703	0.147851	0.148147	0.148343	0.147638
346	0.147901	0.148448	0.148098	0.14782	0.148462	0.148539	0.14703	0.147851	0.148147	0.148343	0.147638
347	0.147901	0.148448	0.148098	0.14782	0.148462	0.148539	0.14703	0.147851	0.148147	0.148343	0.147638
348	0.147901	0.148448	0.148098	0.14782	0.148462	0.148539	0.14703	0.147851	0.148147	0.148343	0.147638
349	0.147901	0.148448	0.148098	0.14782	0.148462	0.148539	0.147029	0.147851	0.148147	0.148343	0.147638
350	0.147901	0.148448	0.148098	0.14782	0.148462	0.148539	0.147029	0.147851	0.148147	0.148343	0.147638
351	0.147901	0.148448	0.148098	0.14782	0.148461	0.148539	0.147029	0.147851	0.148147	0.148343	0.147638
352	0.147901	0.148448	0.148098	0.14782	0.148461	0.148539	0.147029	0.147851	0.148147	0.148343	0.147638
353	0.147901	0.148448	0.148098	0.14782	0.14846	0.148539	0.147029	0.147851	0.148147	0.148343	0.147638
354	0.147901	0.148448	0.148098	0.14782	0.14846	0.148539	0.147029	0.147851	0.148147	0.148343	0.147638
355	0.147901	0.148448	0.148098	0.14782	0.14846	0.148539	0.147029	0.147851	0.148147	0.148343	0.147638
356	0.147901	0.148448	0.148098	0.14782	0.14846	0.148539	0.14703	0.147851	0.148147	0.148343	0.147638
357	0.147901	0.148448	0.148098	0.14782	0.148461	0.148539	0.14703	0.147851	0.148147	0.148343	0.147638
358	0.147901	0.148448	0.148098	0.14782	0.148461	0.148539	0.14703	0.147851	0.148147	0.148343	0.147638
359	0.147901	0.148448	0.148098	0.14782	0.148462	0.148539	0.14703	0.147851	0.148147	0.148343	0.147638
360	0.147901	0.148448	0.148098	0.14782	0.148462	0.148539	0.14703	0.147851	0.148147	0.148343	0.147638
361	0.147901	0.148448	0.148098	0.14782	0.148462	0.148539	0.14703	0.147851	0.148147	0.148343	0.147638
362	0.147901	0.148448	0.148098	0.14782	0.148462	0.148539	0.14703	0.147851	0.148147	0.148343	0.147638
363	0.147901	0.148448	0.148098	0.14782	0.148462	0.148539	0.147029	0.147851	0.148147	0.148343	0.147638
364	0.147901	0.148448	0.148098	0.14782	0.148462	0.148539	0.147029	0.147851	0.148147	0.148343	0.147638
365	0.147901	0.148448	0.148098	0.14782	0.148462	0.148539	0.147029	0.147851	0.148147	0.148343	0.147638
366	0.147901	0.148448	0.148098	0.14782	0.148462	0.148539	0.147029	0.147851	0.148147	0.148343	0.147638
367	0.147901	0.148448	0.148098	0.14782	0.148462	0.148539	0.147029	0.147851	0.148147	0.148343	0.147638
368	0.147901	0.148448	0.148098	0.14782	0.148462	0.148539	0.14703	0.147851	0.148147	0.148343	0.147638
369	0.147901	0.148448	0.148098	0.14782	0.148462	0.148539	0.14703	0.147851	0.148147	0.148343	0.147638
370	0.147901	0.148448	0.148098	0.14782	0.148462	0.148539	0.14703	0.147851	0.148147	0.148343	0.147638
371	0.147901	0.148448	0.148098	0.14782	0.148462	0.148539	0.14703	0.147851	0.148147	0.148343	0.147638
372	0.147901	0.148448	0.148098	0.14782	0.148462	0.148539	0.14703	0.147851	0.148147	0.148343	0.147638
373	0.147901	0.148448	0.148098	0.14782	0.148462	0.148539	0.147029	0.147851	0.148147	0.148343	0.147638
374	0.147901	0.148448	0.148098	0.14782	0.148462	0.148539	0.147029	0.147851	0.148147	0.148343	0.147638
375	0.147901	0.148448	0.148098	0.14782	0.148462	0.148539	0.147029	0.147851	0.148147	0.148343	0.147638
376	0.147901	0.148448	0.148098	0.14782	0.148461	0.148539	0.147029	0.147851	0.148147	0.148343	0.147638
377	0.147901	0.148448	0.148098	0.14782	0.148461	0.148539	0.14703	0.147851	0.148147	0.148343	0.147638
378	0.147901	0.148448	0.148098	0.14782	0.14846	0.148539	0.14703	0.147851	0.148147	0.148343	0.147638
379	0.147901	0.148448	0.148098	0.14782	0.14846	0.148539	0.14703	0.147851	0.148147	0.148343	0.147638
380	0.147901	0.148448	0.148098	0.14782	0.14846	0.148539	0.14703	0.147851	0.148147	0.148343	0.147638
381	0.147901	0.148448	0.148098	0.14782	0.148461	0.148539	0.147031	0.147851	0.148147	0.148343	0.147638
382	0.147901	0.148448	0.148098	0.14782	0.148461	0.148539	0.147031	0.147851	0.148147	0.148343	0.147638
383	0.147901	0.148448	0.148098	0.14782	0.148462	0.148539	0.147031	0.147851	0.148147	0.148343	0.147638
384	0.147901	0.148448	0.148098	0.14782	0.148462	0.148539	0.147031	0.147851	0.148147	0.148343	0.147638
385	0.147901	0.148448	0.148098	0.14782	0.148462	0.148539	0.147031	0.147851	0.148147	0.148343	0.147638
386	0.147901	0.148448	0.148098	0.14782	0.148462	0.148539	0.147031	0.147851	0.148147	0.148343	0.147638
387	0.147901	0.148448	0.148098	0.14782	0.148462	0.148539	0.147031	0.147851	0.148147	0.148343	0.147638
388	0.147901	0.148448	0.148098	0.14782	0.148462	0.148539	0.147032	0.147851	0.148147	0.148343	0.147638
389	0.147901	0.148448	0.148098	0.14782	0.148462	0.148539	0.147032	0.147851	0.148147	0.148343	0.147638
390	0.147901	0.148448	0.148098	0.14782	0.148462	0.148539	0.147032	0.147851	0.148147	0.148343	0.147638
391	0.147901	0.148448	0.148098	0.14782	0.148462	0.148539	0.147032	0.147851	0.148147	0.148343	0.147638
392	0.147901	0.148448	0.148098	0.14782	0.148462	0.148539	0.147032	0.147851	0.148147	0.148343	0.147638
393	0.147901	0.148448	0.148098	0.14782	0.148462	0.148539	0.147033	0.147851	0.148147	0.148343	0.147638
394	0.147901	0.148448	0.148098	0.14782	0.148462	0.148539	0.147033	0.147851	0.148147	0.148343	0.147638
395	0.147901	0.148448	0.148098	0.14782	0.148462	0.148539	0.147033	0.147851	0.148147	0.148343	0.147638
396	0.147901	0.148448	0.148098	0.14782	0.148462	0.148539	0.147033	0.147851	0.148147	0.148343	0.147638
397	0.147901	0.148448	0.148098	0.14782	0.148462	0.148539	0.147033	0.147851	0.148147	0.148343	0.147638
398	0.147901	0.148448	0.148098	0.14782	0.148462	0.148539	0.147033	0.147851	0.148147	0.148343	0.147638
399	0.147901	0.148448	0.148098	0.14782	0.148461	0.148539	0.147033	0.147851	0.148147	0.148343	0.147638
400	0.147901	0.148448	0.148098	0.14782	0.148461	0.148539	0.147033	0.147851	0.148147	0.148343	0.147638
401	0.147901	0.148448	0.148098	0.14782	0.14846	0.148539	0.147033	0.147851	0.148147	0.148343	0.147638
402	0.147901	0.148448	0.148098	0.14782	0.14846	0.148539	0.147033	0.147851	0.148147	0.148343	0.147638
403	0.147901	0.148448	0.148098	0.14782	0.14846	0.148539	0.147034	0.147851	0.148147	0.148343	0.147638
404	0.147901	0.148448	0.148098	0.14782	0.14846	0.148539	0.147034	0.147851	0.148147	0.148343	0.147638
405	0.147901	0.148448	0.148098	0.14782	0.148461	0.148539	0.147034	0.147851	0.148147	0.148343	0.147638
406	0.147901	0.148448	0.148098	0.14782	0.148461	0.148539	0.147035	0.147851	0.148147	0.148343	0.147638
407	0.147901	0.148448	0.148098	0.14782	0.148462	0.148539	0.147035	0.147851	0.148147	0.148343	0.147638
408	0.147901	0.148448	0.148098	0.14782	0.148462	0.148539	0.147035	0.147851	0.148147	0.148343	0.147638
409	0.147901	0.148448	0.148098	0.14782	0.148462	0.148539	0.147035	0.147851	0.148147	0.148343	0.147638
410	0.147901	0.148448	0.148098	0.14782	0.148462	0.148539	0.147036	0.147851	0.148147	0.148343	0.147638
411	0.147901	0.148448	0.148098	0.14782	0.148462	0.148539	0.147036	0.147851	0.148147	0.148343	0.147638
412	0.147901	0.148448	0.148098	0.14782	0.148462	0.148539	0.147036	0.147851	0.148147	0.148343	0.147638
413	0.147901	0.148448	0.148098	0.14782	0.148462	0.148539	0.147036	0.147851	0.148147	0.148343	0.147638
414	0.147901	0.148448	0.148098	0.14782	0.148462	0.148539	0.147037	0.147851	0.148147	0.148343	0.147638
415	0.147901	0.148448	0.148098	0.14782	0.148462	0.148539	0.147037	0.147851	0.148147	0.148343	0.147638
416	0.147901	0.148448	0.148098	0.14782	0.148462	0.148539	0.147037	0.147851	0.148147	0.148343	0.147638
417	0.147901	0.148448	0.148098	0.14782	0.148462	0.148539	0.147037	0.147851	0.148147	0.148343	0.147638
418	0.147901	0.148448	0.148098	0.14782	0.148462	0.148539	0.147037	0.147851	0.148147	0.148343	0.147638
419	0.147901	0.148448	0.148098	0.14782	0.148462	0.148539	0.147037	0.147851	0.148147	0.148343	0.147638
420	0.147901	0.148448	0.148098	0.14782	0.148462	0.148539	0.147038	0.147851	0.148147	0.148343	0.147638
421	0.147901	0.148448	0.148098	0.14782	0.148462	0.148539	0.147038	0.147851	0.148147	0.148343	0.147638
422	0.147901	0.148448	0.148098	0.14782	0.148462	0.148539	0.147038	0.147851	0.148147	0.148343	0.147638
423	0.147901	0.148448	0.148098	0.14782	0.148461	0.148539	0.147038	0.147851	0.148147	0.148343	0.147638
424	0.147901	0.148448	0.148098	0.14782	0.148461	0.148539	0.147038	0.147851	0.148147	0.148343	0.147638
425	0.147901	0.148448	0.148098	0.14782	0.14846	0.148539	0.147038	0.147851	0.148147	0.148343	0.147638
426	0.147901	0.148448	0.148098	0.14782	0.14846	0.148539	0.147038	0.147851	0.148147	0.148343	0.147638
427	0.147901	0.148448	0.148098	0.14782	0.14846	0.148539	0.147038	0.147851	0.148147	0.148343	0.147638
428	0.147901	0.148448	0.148098	0.14782	0.14846	0.148539	0.147039	0.147851	0.148147	0.148343	0.147638
429	0.147901	0.148448	0.148098	0.14782	0.148461	0.148539	0.147039	0.147851	0.148147	0.148343	0.147638
430	0.147901	0.148448	0.148098	0.14782	0.148461	0.148539	0.147039	0.147851	0.148147	0.148343	0.147638
431	0.147901	0.148448	0.148098	0.14782	0.148462	0.148539	0.147039	0.147851	0.148147	0.148343	0.147638
432	0.147901	0.148448	0.148098	0.14782	0.148462	0.148539	0.14704	0.147851	0.148147	0.148343	0.147638
433	0.147901	0.148448	0.148098	0.14782	0.148462	0.148539	0.14704	0.147851	0.148147	0.148343	0.147638
434	0.147901	0.148448	0.148098	0.14782	0.148462	0.148539	0.14704	0.147851	0.148147	0.148343	0.147638
435	0.147901	0.148448	0.148098	0.14782	0.148462	0.148539	0.14704	0.147851	0.148147	0.148343	0.147638
436	0.147901	0.148448	0.148098	0.14782	0.148462	0.148539	0.14704	0.147851	0.148147	0.148343	0.147638
437	0.147901	0.148448	0.148098	0.14782	0.148462	0.148539	0.14704	0.147851	0.148147	0.148343	0.147638
438	0.147901	0.148448	0.148098	0.14782	0.148462	0.148539	0.147041	0.147851	0.148147	0.148343	0.147638
439	0.147901	0.148448	0.148098	0.14782	0.148462	0.148539	0.147041	0.147851	0.148147	0.148343	0.147638
440	0.147901	0.148448	0.148098	0.14782	0.148462	0.148539	0.147041	0.147851	0.148147	0.148343	0.147638
441	0.147901	0.148448	0.148098	0.14782	0.148462	0.148539	0.147041	0.147851	0.148147	0.148343	0.147638
442	0.147901	0.148448	0.148098	0.14782	0.148462	0.148539	0.147041	0.147851	0.148147	0.148343	0.147638
443	0.147901	0.148448	0.148098	0.14782	0.148462	0.148539	0.147041	0.147851	0.148147	0.148343	0.147638
444	0.147901	0.148448	0.148098	0.14782	0.148462	0.148539	0.147041	0.147851	0.148147	0.148343	0.147638
445	0.147901	0.148448	0.148098	0.14782	0.148462	0.148539	0.147041	0.147851	0.148147	0.148343	0.147638
446	0.147901	0.148448	0.148098	0.14782	0.148462	0.148539	0.147041	0.147851	0.148147	0.148343	0.147638
447	0.147901	0.148448	0.148098	0.14782	0.148461	0.148539	0.147041	0.147851	0.148147	0.148343	0.147638
448	0.147901	0.148448	0.148098	0.14782	0.148461	0.148539	0.147042	0.147851	0.148147	0.148343	0.147638
449	0.147901	0.148448	0.148098	0.14782	0.14846	0.148539	0.147042	0.147851	0.148147	0.148343	0.147638
450	0.147901	0.148448	0.148098	0.14782	0.14846	0.148539	0.147042	0.147851	0.148147	0.148343	0.147638
451	0.147901	0.148448	0.148098	0.14782	0.14846	0.148539	0.147042	0.147851	0.148147	0.148343	0.147638
452	0.147901	0.148448	0.148098	0.14782	0.14846	0.148539	0.147042	0.147851	0.148147	0.148343	0.147638
453	0.147901	0.148448	0.148098	0.14782	0.14846	0.148539	0.147043	0.147851	0.148147	0.148343	0.147638
454	0.147901	0.148448	0.148098	0.14782	0.148461	0.148539	0.147043	0.147851	0.148147	0.148343	0.147638
455	0.147901	0.148448	0.148098	0.14782	0.148462	0.148539	0.147043	0.147851	0.148147	0.148343	0.147638
456	0.147901	0.148448	0.148098	0.14782	0.148462	0.148539	0.147043	0.147851	0.148147	0.148343	0.147638
457	0.147901	0.148448	0.148098	0.14782	0.148462	0.148539	0.147043	0.147851	0.148147	0.148343	0.147638
458	0.147901	0.148448	0.148098	0.14782	0.148462	0.148539	0.147042	0.147851	0.148147	0.148343	0.147638
459	0.147901	0.148448	0.148098	0.14782	0.148462	0.148539	0.147042	0.147851	0.148147	0.148343	0.147638
460	0.147901	0.148448	0.148098	0.14782	0.148462	0.148539	0.147042	0.147851	0.148147	0.148343	0.147638
461	0.147901	0.148448	0.148098	0.14782	0.148462	0.148539	0.147042	0.147851	0.148147	0.148343	0.147638
462	0.147901	0.148448	0.148098	0.14782	0.148462	0.148539	0.147042	0.147851	0.148147	0.148343	0.147638
463	0.147901	0.148448	0.148098	0.14782	0.148462	0.148539	0.147042	0.147851	0.148147	0.148343	0.147638
464	0.147901	0.148448	0.148098	0.14782	0.148462	0.148539	0.147042	0.147851	0.148147	0.148343	0.147638
465	0.147901	0.148448	0.148098	0.14782	0.148462	0.148539	0.147042	0.147851	0.148147	0.148343	0.147638
466	0.147901	0.148448	0.148098	0.14782	0.148462	0.148539	0.147042	0.147851	0.148147	0.148343	0.147638
467	0.147901	0.148448	0.148098	0.14782	0.148462	0.148539	0.147042	0.147851	0.148147	0.148343	0.147638
468	0.147901	0.148448	0.148098	0.14782	0.148462	0.148539	0.147042	0.147851	0.148147	0.148343	0.147638
469	0.147901	0.148448	0.148098	0.14782	0.148462	0.148539	0.147042	0.147851	0.148147	0.148343	0.147638
470	0.147901	0.148448	0.148098	0.14782	0.148462	0.148539	0.147041	0.147851	0.148147	0.148343	0.147638
471	0.147901	0.148448	0.148098	0.14782	0.148461	0.148539	0.147041	0.147851	0.148147	0.148343	0.147638
472	0.147901	0.148448	0.148098	0.14782	0.148461	0.148539	0.147041	0.147851	0.148147	0.148343	0.147638
473	0.147901	0.148448	0.148098	0.14782	0.14846	0.148539	0.147041	0.147851	0.148147	0.148343	0.147638
474	0.147901	0.148448	0.148098	0.14782	0.14846	0.148539	0.147041	0.147851	0.148147	0.148343	0.147638
475	0.147901	0.148448	0.148098	0.14782	0.14846	0.148539	0.147041	0.147851	0.148147	0.148343	0.147638
476	0.147901	0.148448	0.148098	0.14782	0.14846	0.148539	0.147041	0.147851	0.148147	0.148343	0.147638
477	0.147901	0.148448	0.148098	0.14782	0.148461	0.148539	0.14704	0.147851	0.148147	0.148343	0.147638
478	0.147901	0.148448	0.148098	0.14782	0.148461	0.148539	0.14704	0.147851	0.148147	0.148343	0.147638
479	0.147901	0.148448	0.148098	0.14782	0.148462	0.148539	0.14704	0.147851	0.148147	0.148343	0.147638
480	0.147901	0.148448	0.148098	0.14782	0.148462	0.148539	0.14704	0.147851	0.148147	0.148343	0.147638
481	0.147901	0.148448	0.148098	0.14782	0.148462	0.148539	0.14704	0.147851	0.148147	0.148343	0.147638
482	0.147901	0.148448	0.148098	0.14782	0.148462	0.148539	0.14704	0.147851	0.148147	0.148343	0.147638
483	0.147901	0.148448	0.148098	0.14782	0.148462	0.148539	0.147039	0.147851	0.148147	0.148343	0.147638
484	0.147901	0.148448	0.148098	0.14782	0.148462	0.148539	0.147039	0.147851	0.148147	0.148343	0.147638
485	0.147901	0.148448	0.148098	0.14782	0.148462	0.148539	0.147039	0.147851	0.148147	0.148343	0.147638
486	0.147901	0.148448	0.148098	0.14782	0.148462	0.148539	0.147039	0.147851	0.148147	0.148343	0.147638
487	0.147901	0.148448	0.148098	0.14782	0.148462	0.148539	0.147039	0.147851	0.148147	0.148343	0.147638
488	0.147901	0.148448	0.148098	0.14782	0.148462	0.148539	0.147039	0.147851	0.148147	0.148343	0.147638
489	0.147901	0.148448	0.148098	0.14782	0.148462	0.148539	0.147039	0.147851	0.148147	0.148343	0.147638
490	0.147901	0.148448	0.148098	0.14782	0.148462	0.148539	0.147039	0.147851	0.148147	0.148343	0.147638
491	0.147901	0.148448	0.148098	0.14782	0.148462	0.148539	0.147039	0.147851	0.148147	0.148343	0.147638
492	0.147901	0.148448	0.148098	0.14782	0.148462	0.148539	0.147039	0.147851	0.148147	0.148343	0.147638
493	0.147901	0.148448	0.148098	0.14782	0.148462	0.148539	0.147038	0.147851	0.148147	0.148343	0.147638
494	0.147901	0.148448	0.148098	0.14782	0.148462	0.148539	0.147038	0.147851	0.148147	0.148343	0.147638
495	0.147901	0.148448	0.148098	0.14782	0.148461	0.148539	0.147038	0.147851	0.148147	0.148343	0.147638
496	0.147901	0.148448	0.148098	0.14782	0.148461	0.148539	0.147038	0.147851	0.148147	0.148343	0.147638
497	0.147901	0.148448	0.148098	0.14782	0.14846	0.148539	0.147038	0.147851	0.148147	0.148343	0.147638
498	0.147901	0.148448	0.148098	0.14782	0.14846	0.148539	0.147038	0.147851	0.148147	0.148343	0.147638
499	0.147901	0.148448	0.148098	0.14782	0.14846	0.148539	0.147038	0.147851	0.148147	0.148343	0.147638
500	0.147901	0.148448	0.148098	0.14782	0.14846	0.148539	0.147038	0.147851	0.148147	0.148343	0.147638
501	0.147901	0.148448	0.148098	0.14782	0.148461	0.148539	0.147038	0.147851	0.148147	0.148343	0.147638
502	0.147901	0.148448	0.148098	0.14782	0.148461	0.148539	0.147038	0.147851	0.148147	0.148343	0.147638
503	0.147901	0.148448	0.148098	0.14782	0.148462	0.148539	0.147038	0.147851	0.148147	0.148343	0.147638
504	0.147901	0.148448	0.148098	0.14782	0.148462	0.148539	0.147038	0.147851	0.148147	0.148343	0.147638
505	0.147901	0.148448	0.148098	0.14782	0.148462	0.148539	0.147038	0.147851	0.148147	0.148343	0.147638
506	0.147901	0.148448	0.148098	0.14782	0.148462	0.148539	0.147038	0.147851	0.148147	0.148343	0.147638
507	0.147901	0.148448	0.148098	0.14782	0.148462	0.148539	0.147038	0.147851	0.148147	0.148343	0.147638
508	0.147901	0.148448	0.148098	0.14782	0.148462	0.148539	0.147038	0.147851	0.148147	0.148343	0.147638
509	0.147901	0.148448	0.148098	0.14782	0.148462	0.148539	0.147038	0.147851	0.148147	0.148343	0.147638
510	0.147901	0.148448	0.148098	0.14782	0.148462	0.148539	0.147037	0.147851	0.148147	0.148343	0.147638
511	0.147901	0.148448	0.148098	0.14782	0.148462	0.148539	0.147038	0.147851	0.148147	0.148343	0.147638
512	0.147901	0.148448	0.148098	0.14782	0.148462	0.148539	0.147038	0.147851	0.148147	0.148343	0.147638
513	0.147901	0.148448	0.148098	0.14782	0.148462	0.148539	0.147038	0.147851	0.148147	0.148343	0.147638
514	0.147901	0.148448	0.148098	0.14782	0.148462	0.148539	0.147038	0.147851	0.148147	0.148343	0.147638
515	0.147901	0.148448	0.148098	0.14782	0.148462	0.148539	0.147038	0.147851	0.148147	0.148343	0.147638
516	0.147901	0.148448	0.148098	0.14782	0.148462	0.148539	0.147038	0.147851	0.148147	0.148343	0.147638
517	0.147901	0.148448	0.148098	0.14782	0.148462	0.148539	0.147037	0.147851	0.148147	0.148343	0.147638
518	0.147901	0.148448	0.148098	0.14782	0.148462	0.148539	0.147037	0.147851	0.148147	0.148343	0.147638
519	0.147901	0.148448	0.148098	0.14782	0.148461	0.148539	0.147037	0.147851	0.148147	0.148343	0.147638
520	0.147901	0.148448	0.148098	0.14782	0.148461	0.148539	0.147037	0.147851	0.148147	0.148343	0.147638
521	0.147901	0.148448	0.148098	0.14782	0.14846	0.148539	0.147037	0.147851	0.148147	0.148343	0.147638
522	0.147901	0.148448	0.148098	0.14782	0.14846	0.148539	0.147037	0.147851	0.148147	0.148343	0.147638
523	0.147901	0.148448	0.148098	0.14782	0.14846	0.148539	0.147037	0.147851	0.148147	0.148343	0.147638
524	0.147901	0.148448	0.148098	0.14782	0.14846	0.148539	0.147038	0.147851	0.148147	0.148343	0.147638
525	0.147901	0.148448	0.148098	0.14782	0.148461	0.148539	0.147038	0.147851	0.148147	0.148343	0.147638
526	0.147901	0.148448	0.148098	0.14782	0.148461	0.148539	0.147038	0.147851	0.148147	0.148343	0.147638
527	0.147901	0.148448	0.148098	0.14782	0.148462	0.148539	0.147038	0.147851	0.148147	0.148343	0.147638
528	0.147901	0.148448	0.148098	0.14782	0.148462	0.148539	0.147038	0.147851	0.148147	0.148343	0.147638
529	0.147901	0.148448	0.148098	0.14782	0.148462	0.148539	0.147038	0.147851	0.148147	0.148343	0.147638
530	0.147901	0.148448	0.148098	0.14782	0.148462	0.148539	0.147038	0.147851	0.148147	0.148343	0.147638
531	0.147901	0.148448	0.148098	0.14782	0.148462	0.148539	0.147038	0.147851	0.148147	0.148343	0.147638
532	0.147901	0.148448	0.148098	0.14782	0.148462	0.148539	0.147038	0.147851	0.148147	0.148343	0.147638
533	0.147901	0.148448	0.148098	0.14782	0.148462	0.148539	0.147038	0.147851	0.148147	0.148343	0.147638
534	0.147901	0.148448	0.148098	0.14782	0.148462	0.148539	0.147038	0.147851	0.148147	0.148343	0.147638
535	0.147901	0.148448	0.148098	0.14782	0.148462	0.148539	0.147038	0.147851	0.148147	0.148343	0.147638
536	0.147901	0.148448	0.148098	0.14782	0.148462	0.148539	0.147038	0.147851	0.148147	0.148343	0.147638
537	0.147901	0.148448	0.148098	0.14782	0.148462	0.148539	0.147038	0.147851	0.148147	0.148343	0.147638
538	0.147901	0.148448	0.148098	0.14782	0.148462	0.148539	0.147038	0.147851	0.148147	0.148343	0.147638
539	0.147901	0.148448	0.148098	0.14782	0.148462	0.148539	0.147038	0.147851	0.148147	0.148343	0.147638
540	0.147901	0.148448	0.148098	0.14782	0.148462	0.148539	0.147038	0.147851	0.148147	0.148343	0.147638
541	0.147901	0.148448	0.148098	0.14782	0.148462	0.148539	0.147038	0.147851	0.148147	0.148343	0.147638
542	0.147901	0.148448	0.148098	0.14782	0.148462	0.148539	0.147038	0.147851	0.148147	0.148343	0.147638
543	0.147901	0.148448	0.148098	0.14782	0.148461	0.148539	0.147038	0.147851	0.148147	0.148343	0.147638
544	0.147901	0.148448	0.148098	0.14782	0.148461	0.148539	0.147038	0.147851	0.148147	0.148343	0.147638
545	0.147901	0.148448	0.148098	0.14782	0.14846	0.148539	0.147038	0.147851	0.148147	0.148343	0.147638
546	0.147901	0.148448	0.148098	0.14782	0.14846	0.148539	0.147038	0.147851	0.148147	0.148343	0.147638
547	0.147901	0.148448	0.148098	0.14782	0.14846	0.148539	0.147038	0.147851	0.148147	0.148343	0.147638
548	0.147901	0.148448	0.148098	0.14782	0.14846	0.148539	0.147038	0.147851	0.148147	0.148343	0.147638
549	0.147901	0.148448	0.148098	0.14782	0.14846	0.148539	0.147038	0.147851	0.148147	0.148343	0.147638
550	0.147901	0.148448	0.148098	0.14782	0.148461	0.148539	0.147038	0.147851	0.148147	0.148343	0.147638
551	0.147901	0.148448	0.148098	0.14782	0.148462	0.148539	0.147038	0.147851	0.148147	0.148343	0.147638
552	0.147901	0.148448	0.148098	0.14782	0.148462	0.148539	0.147038	0.147851	0.148147	0.148343	0.147638
553	0.147901	0.148448	0.148098	0.14782	0.148462	0.148539	0.147037	0.147851	0.148147	0.148343	0.147638
554	0.147901	0.148448	0.148098	0.14782	0.148462	0.148539	0.147037	0.147851	0.148147	0.148343	0.147638
555	0.147901	0.148448	0.148098	0.14782	0.148462	0.148539	0.147037	0.147851	0.148147	0.148343	0.147638
556	0.147901	0.148448	0.148098	0.14782	0.148462	0.148539	0.147037	0.147851	0.148147	0.148343	0.147638
557	0.147901	0.148448	0.148098	0.14782	0.148462	0.148539	0.147037	0.147851	0.148147	0.148343	0.147638
558	0.147901	0.148448	0.148098	0.14782	0.148462	0.148539	0.147037	0.147851	0.148147	0.148343	0.147638
559	0.147901	0.148448	0.148098	0.14782	0.148462	0.148539	0.147037	0.147851	0.148147	0.148343	0.147638
560	0.147901	0.148448	0.148098	0.14782	0.148462	0.148539	0.147037	0.147851	0.148147	0.148343	0.147638
561	0.147901	0.148448	0.148098	0.14782	0.148462	0.148539	0.147037	0.147851	0.148147	0.148343	0.147638
562	0.147901	0.148448	0.148098	0.14782	0.148462	0.148539	0.147037	0.147851	0.148147	0.148343	0.147638
563	0.147901	0.148448	0.148098	0.14782	0.148462	0.148539	0.147037	0.147851	0.148147	0.148343	0.147638
564	0.147901	0.148448	0.148098	0.14782	0.148462	0.148539	0.147036	0.147851	0.148147	0.148343	0.147638
565	0.147901	0.148448	0.148098	0.14782	0.148462	0.148539	0.147036	0.147851	0.148147	0.148343	0.147638
566	0.147901	0.148448	0.148098	0.14782	0.148462	0.148539	0.147036	0.147851	0.148147	0.148343	0.147638
567	0.147901	0.148448	0.148098	0.14782	0.148461	0.148539	0.147036	0.147851	0.148147	0.148343	0.147638
568	0.147901	0.148448	0.148098	0.14782	0.148461	0.148539	0.147036	0.147851	0.148147	0.148343	0.147638
569	0.147901	0.148448	0.148098	0.14782	0.14846	0.148539	0.147036	0.147851	0.148147	0.148343	0.147638
570	0.147901	0.148448	0.148098	0.14782	0.14846	0.148539	0.147036	0.147851	0.148147	0.148343	0.147638
571	0.147901	0.148448	0.148098	0.14782	0.14846	0.148539	0.147036	0.147851	0.148147	0.148343	0.147638
572	0.147901	0.148448	0.148098	0.14782	0.14846	0.148539	0.147036	0.147851	0.148147	0.148343	0.147638
573	0.147901	0.148448	0.148098	0.14782	0.14846	0.148539	0.147036	0.147851	0.148147	0.148343	0.147638
574	0.147901	0.148448	0.148098	0.14782	0.148461	0.148539	0.147036	0.147851	0.148147	0.148343	0.147638
575	0.147901	0.148448	0.148098	0.14782	0.148462	0.148539	0.147036	0.147851	0.148147	0.148343	0.147638
576	0.147901	0.148448	0.148098	0.14782	0.148462	0.148539	0.147036	0.147851	0.148147	0.148343	0.147638
577	0.147901	0.148448	0.148098	0.14782	0.148462	0.148539	0.147036	0.147851	0.148147	0.148343	0.147638
578	0.147901	0.148448	0.148098	0.14782	0.148462	0.148539	0.147036	0.147851	0.148147	0.148343	0.147638
579	0.147901	0.148448	0.148098	0.14782	0.148462	0.148539	0.147036	0.147851	0.148147	0.148343	0.147638
580	0.147901	0.148448	0.148098	0.14782	0.148462	0.148539	0.147036	0.147851	0.148147	0.148343	0.147638
581	0.147901	0.148448	0.148098	0.14782	0.148462	0.148539	0.147036	0.147851	0.148147	0.148343	0.147638
582	0.147901	0.148448	0.148098	0.14782	0.148462	0.148539	0.147036	0.147851	0.148147	0.148343	0.147638
583	0.147901	0.148448	0.148098	0.14782	0.148462	0.148539	0.147036	0.147851	0.148147	0.148343	0.147638
584	0.147901	0.148448	0.148098	0.14782	0.148462	0.148539	0.147036	0.147851	0.148147	0.148343	0.147638
585	0.147901	0.148448	0.148098	0.14782	0.148462	0.148539	0.147036	0.147851	0.148147	0.148343	0.147638
586	0.147901	0.148448	0.148098	0.14782	0.148462	0.148539	0.147036	0.147851	0.148147	0.148343	0.147638
587	0.147901	0.148448	0.148098	0.14782	0.148462	0.148539	0.147036	0.147851	0.148147	0.148343	0.147638
588	0.147901	0.148448	0.148098	0.14782	0.148462	0.148539	0.147036	0.147851	0.148147	0.148343	0.147638
589	0.147901	0.148448	0.148098	0.14782	0.148462	0.148539	0.147036	0.147851	0.148147	0.148343	0.147638
590	0.147901	0.148448	0.148098	0.14782	0.148462	0.148539	0.147036	0.147851	0.148147	0.148343	0.147638
591	0.147901	0.148448	0.148098	0.14782	0.148461	0.148539	0.147036	0.147851	0.148147	0.148343	0.147638
592	0.147901	0.148448	0.148098	0.14782	0.148461	0.148539	0.147036	0.147851	0.148147	0.148343	0.147638
593	0.147901	0.148448	0.148098	0.14782	0.14846	0.148539	0.147036	0.147851	0.148147	0.148343	0.147638
594	0.147901	0.148448	0.148098	0.14782	0.14846	0.148539	0.147036	0.147851	0.148147	0.148343	0.147638
595	0.147901	0.148448	0.148098	0.14782	0.14846	0.148539	0.147036	0.147851	0.148147	0.148343	0.147638
596	0.147901	0.148448	0.148098	0.14782	0.14846	0.148539	0.147036	0.147851	0.148147	0.148343	0.147638
597	0.147901	0.148448	0.148098	0.14782	0.14846	0.148539	0.147037	0.147851	0.148147	0.148343	0.147638
598	0.147901	0.148448	0.148098	0.14782	0.148461	0.148539	0.147037	0.147851	0.148147	0.148343	0.147638
599	0.147901	0.148448	0.148098	0.14782	0.148462	0.148539	0.147037	0.147851	0.148147	0.148343	0.147638
600	0.147901	0.148448	0.148098	0.14782	0.148462	0.148539	0.147037	0.147851	0.148147	0.148343	0.147638
601	0.147901	0.148448	0.148098	0.14782	0.148462	0.148539	0.147037	0.147851	0.148147	0.148343	0.147638
602	0.147901	0.148448	0.148098	0.14782	0.148462	0.148539	0.147036	0.147851	0.148147	0.148343	0.147638
603	0.147901	0.148448	0.148098	0.14782	0.148462	0.148539	0.147036	0.147851	0.148147	0.148343	0.147638
604	0.147901	0.148448	0.148098	0.14782	0.148462	0.148539	0.147036	0.147851	0.148147	0.148343	0.147638
605	0.147901	0.148448	0.148098	0.14782	0.148462	0.148539	0.147036	0.147851	0.148147	0.148343	0.147638
606	0.147901	0.148448	0.148098	0.14782	0.148462	0.148539	0.147036	0.147851	0.148147	0.148343	0.147638
607	0.147901	0.148448	0.148098	0.14782	0.148462	0.148539	0.147036	0.147851	0.148147	0.148343	0.147638
608	0.147901	0.148448	0.148098	0.14782	0.148462	0.148539	0.147036	0.147851	0.148147	0.148343	0.147638
609	0.147901	0.148448	0.148098	0.14782	0.148462	0.148539	0.147036	0.147851	0.148147	0.148343	0.147638
610	0.147901	0.148448	0.148098	0.14782	0.148462	0.148539	0.147036	0.147851	0.148147	0.148343	0.147638
611	0.147901	0.148448	0.148098	0.14782	0.148462	0.148539	0.147036	0.147851	0.148147	0.148343	0.147638
612	0.147901	0.148448	0.148098	0.14782	0.148462	0.148539	0.147036	0.147851	0.148147	0.148343	0.147638
613	0.147901	0.148448	0.148098	0.14782	0.148462	0.148539	0.147036	0.147851	0.148147	0.148343	0.147638
614	0.147901	0.148448	0.148098	0.14782	0.148462	0.148539	0.147036	0.147851	0.148147	0.148343	0.147638
615	0.147901	0.148448	0.148098	0.14782	0.148461	0.148539	0.147036	0.147851	0.148147	0.148343	0.147638
616	0.147901	0.148448	0.148098	0.14782	0.148461	0.148539	0.147036	0.147851	0.148147	0.148343	0.147638
617	0.147901	0.148448	0.148098	0.14782	0.14846	0.148539	0.147036	0.147851	0.148147	0.148343	0.147638
618	0.147901	0.148448	0.148098	0.14782	0.14846	0.148539	0.147035	0.147851	0.148147	0.148343	0.147638
619	0.147901	0.148448	0.148098	0.14782	0.14846	0.148539	0.147036	0.147851	0.148147	0.148343	0.147638
620	0.147901	0.148448	0.148098	0.14782	0.14846	0.148539	0.147036	0.147851	0.148147	0.148343	0.147638
621	0.147901	0.148448	0.148098	0.14782	0.14846	0.148539	0.147036	0.147851	0.148147	0.148343	0.147638
622	0.147901	0.148448	0.148098	0.14782	0.148461	0.148539	0.147036	0.147851	0.148147	0.148343	0.147638
623	0.147901	0.148448	0.148098	0.14782	0.148462	0.148539	0.147036	0.147851	0.148147	0.148343	0.147638
624	0.147901	0.148448	0.148098	0.14782	0.148462	0.148539	0.147036	0.147851	0.148147	0.148343	0.147638
625	0.147901	0.148448	0.148098	0.14782	0.148462	0.148539	0.147036	0.147851	0.148147	0.148343	0.147638
626	0.147901	0.148448	0.148098	0.14782	0.148462	0.148539	0.147036	0.147851	0.148147	0.148343	0.147638
627	0.147901	0.148448	0.148098	0.14782	0.148462	0.148539	0.147036	0.147851	0.148147	0.148343	0.147638
628	0.147901	0.148448	0.148098	0.14782	0.148462	0.148539	0.147036	0.147851	0.148147	0.148343	0.147638
629	0.147901	0.148448	0.148098	0.14782	0.148462	0.148539	0.147036	0.147851	0.148147	0.148343	0.147638
630	0.147901	0.148448	0.148098	0.14782	0.148462	0.148539	0.147036	0.147851	0.148147	0.148343	0.147638
631	0.147901	0.148448	0.148098	0.14782	0.148462	0.148539	0.147036	0.147851	0.148147	0.148343	0.147638
632	0.147901	0.148448	0.148098	0.14782	0.148462	0.148539	0.147036	0.147851	0.148147	0.148343	0.147638
633	0.147901	0.148448	0.148098	0.14782	0.148462	0.148539	0.147036	0.147851	0.148147	0.148343	0.147638
634	0.147901	0.148448	0.148098	0.14782	0.148462	0.148539	0.147036	0.147851	0.148147	0.148343	0.147638
635	0.147901	0.148448	0.148098	0.14782	0.148462	0.148539	0.147036	0.147851	0.148147	0.148343	0.147638
636	0.147901	0.148448	0.148098	0.14782	0.148462	0.148539	0.147036	0.147851	0.148147	0.148343	0.147638
637	0.147901	0.148448	0.148098	0.14782	0.148462	0.148539	0.147036	0.147851	0.148147	0.148343	0.147638
638	0.147901	0.148448	0.148098	0.14782	0.148462	0.148539	0.147035	0.147851	0.148147	0.148343	0.147638
639	0.147901	0.148448	0.148098	0.14782	0.148461	0.148539	0.147035	0.147851	0.148147	0.148343	0.147638
640	0.147901	0.148448	0.148098	0.14782	0.148461	0.148539	0.147035	0.147851	0.148147	0.148343	0.147638
641	0.147901	0.148448	0.148098	0.14782	0.14846	0.148539	0.147035	0.147851	0.148147	0.148343	0.147638
642	0.147901	0.148448	0.148098	0.14782	0.14846	0.148539	0.147035	0.147851	0.148147	0.148343	0.147638
643	0.147901	0.148448	0.148098	0.14782	0.14846	0.148539	0.147035	0.147851	0.148147	0.148343	0.147638
644	0.147901	0.148448	0.148098	0.14782	0.14846	0.148539	0.147035	0.147851	0.148147	0.148343	0.147638
645	0.147901	0.148448	0.148098	0.14782	0.148461	0.148539	0.147035	0.147851	0.148147	0.148343	0.147638
646	0.147901	0.148448	0.148098	0.14782	0.148461	0.148539	0.147035	0.147851	0.148147	0.148343	0.147638
647	0.147901	0.148448	0.148098	0.14782	0.148462	0.148539	0.147035	0.147851	0.148147	0.148343	0.147638
648	0.147901	0.148448	0.148098	0.14782	0.148462	0.148539	0.147035	0.147851	0.148147	0.148343	0.147638
649	0.147901	0.148448	0.148098	0.14782	0.148462	0.148539	0.147035	0.147851	0.148147	0.148343	0.147638
650	0.147901	0.148448	0.148098	0.14782	0.148462	0.148539	0.147035	0.147851	0.148147	0.148343	0.147638
651	0.147901	0.148448	0.148098	0.14782	0.148462	0.148539	0.147034	0.147851	0.148147	0.148343	0.147638
652	0.147901	0.148448	0.148098	0.14782	0.148462	0.148539	0.147034	0.147851	0.148147	0.148343	0.147638
653	0.147901	0.148448	0.148098	0.14782	0.148462	0.148539	0.147034	0.147851	0.148147	0.148343	0.147638
654	0.147901	0.148448	0.148098	0.14782	0.148462	0.148539	0.147033	0.147851	0.148147	0.148343	0.147638
655	0.147901	0.148448	0.148098	0.14782	0.148462	0.148539	0.147033	0.147851	0.148147	0.148343	0.147638
656	0.147901	0.148448	0.148098	0.14782	0.148462	0.148539	0.147033	0.147851	0.148147	0.148343	0.147638
657	0.147901	0.148448	0.148098	0.14782	0.148462	0.148539	0.147033	0.147851	0.148147	0.148343	0.147638
658	0.147901	0.148448	0.148098	0.14782	0.148462	0.148539	0.147033	0.147851	0.148147	0.148343	0.147638
659	0.147901	0.148448	0.148098	0.14782	0.148462	0.148539	0.147032	0.147851	0.148147	0.148343	0.147638
660	0.147901	0.148448	0.148098	0.14782	0.148462	0.148539	0.147032	0.147851	0.148147	0.148343	0.147638
661	0.147901	0.148448	0.148098	0.14782	0.148462	0.148539	0.147032	0.147851	0.148147	0.148343	0.147638
662	0.147901	0.148448	0.148098	0.14782	0.148462	0.148539	0.147031	0.147851	0.148147	0.148343	0.147638
663	0.147901	0.148448	0.148098	0.14782	0.148461	0.148539	0.147031	0.147851	0.148147	0.148343	0.147638
664	0.147901	0.148448	0.148098	0.14782	0.148461	0.148539	0.147031	0.147851	0.148147	0.148343	0.147638
665	0.147901	0.148448	0.148098	0.14782	0.14846	0.148539	0.147031	0.147851	0.148147	0.148343	0.147638
666	0.147901	0.148448	0.148098	0.14782	0.14846	0.148539	0.14703	0.147851	0.148147	0.148343	0.147638
667	0.147901	0.148448	0.148098	0.14782	0.14846	0.148539	0.147031	0.147851	0.148147	0.148343	0.147638
668	0.147901	0.148448	0.148098	0.14782	0.14846	0.148539	0.147031	0.147851	0.148147	0.148343	0.147638
669	0.147901	0.148448	0.148098	0.14782	0.14846	0.148539	0.147031	0.147851	0.148147	0.148343	0.147638
670	0.147901	0.148448	0.148098	0.14782	0.148461	0.148539	0.147031	0.147851	0.148147	0.148343	0.147638
671	0.147901	0.148448	0.148098	0.14782	0.148462	0.148539	0.14703	0.147851	0.148147	0.148343	0.147638
672	0.147901	0.148448	0.148098	0.14782	0.148462	0.148539	0.14703	0.147851	0.148147	0.148343	0.147638
673	0.147901	0.148448	0.148098	0.14782	0.148462	0.148539	0.14703	0.147851	0.148147	0.148343	0.147638
674	0.147901	0.148448	0.148098	0.14782	0.148462	0.148539	0.14703	0.147851	0.148147	0.148343	0.147638
675	0.147901	0.148448	0.148098	0.14782	0.148462	0.148539	0.14703	0.147851	0.148147	0.148343	0.147638
676	0.147901	0.148448	0.148098	0.14782	0.148462	0.148539	0.14703	0.147851	0.148147	0.148343	0.147638
677	0.147901	0.148448	0.148098	0.14782	0.148462	0.148539	0.14703	0.147851	0.148147	0.148343	0.147638
678	0.147901	0.148448	0.148098	0.14782	0.148462	0.148539	0.14703	0.147851	0.148147	0.148343	0.147638
679	0.147901	0.148448	0.148098	0.14782	0.148462	0.148539	0.14703	0.147851	0.148147	0.148343	0.147638
680	0.147901	0.148448	0.148098	0.14782	0.148462	0.148539	0.14703	0.147851	0.148147	0.148343	0.147638
681	0.147901	0.148448	0.148098	0.14782	0.148462	0.148539	0.14703	0.147851	0.148147	0.148343	0.147638
682	0.147901	0.148448	0.148098	0.14782	0.148462	0.148539	0.14703	0.147851	0.148147	0.148343	0.147638
683	0.147901	0.148448	0.148098	0.14782	0.148462	0.148539	0.14703	0.147851	0.148147	0.148343	0.147638
684	0.147901	0.148448	0.148098	0.14782	0.148462	0.148539	0.14703	0.147851	0.148147	0.148343	0.147638
685	0.147901	0.148448	0.148098	0.14782	0.148462	0.148539	0.14703	0.147851	0.148147	0.148343	0.147638
686	0.147901	0.148448	0.148098	0.14782	0.148462	0.148539	0.14703	0.147851	0.148147	0.148343	0.147638
687	0.147901	0.148448	0.148098	0.14782	0.148461	0.148539	0.14703	0.147851	0.148147	0.148343	0.147638
688	0.147901	0.148448	0.148098	0.14782	0.148461	0.148539	0.147031	0.147851	0.148147	0.148343	0.147638
689	0.147901	0.148448	0.148098	0.14782	0.14846	0.148539	0.147031	0.147851	0.148147	0.148343	0.147638
690	0.147901	0.148448	0.148098	0.14782	0.14846	0.148539	0.147031	0.147851	0.148147	0.148343	0.147638
691	0.147901	0.148448	0.148098	0.14782	0.14846	0.148539	0.147031	0.147851	0.148147	0.148343	0.147638
692	0.147901	0.148448	0.148098	0.14782	0.14846	0.148539	0.147031	0.147851	0.148147	0.148343	0.147638
693	0.147901	0.148448	0.148098	0.14782	0.14846	0.148539	0.147032	0.147851	0.148147	0.148343	0.147638
694	0.147901	0.148448	0.148098	0.14782	0.148461	0.148539	0.147032	0.147851	0.148147	0.148343	0.147638
695	0.147901	0.148448	0.148098	0.14782	0.148462	0.148539	0.147032	0.147851	0.148147	0.148343	0.147638
696	0.147901	0.148448	0.148098	0.14782	0.148462	0.148539	0.147032	0.147851	0.148147	0.148343	0.147638
697	0.147901	0.148448	0.148098	0.14782	0.148462	0.148539	0.147033	0.147851	0.148147	0.148343	0.147638
698	0.147901	0.148448	0.148098	0.14782	0.148462	0.148539	0.147033	0.147851	0.148147	0.148343	0.147638
699	0.147901	0.148448	0.148098	0.14782	0.148462	0.148539	0.147033	0.147851	0.148147	0.148343	0.147638
700	0.147901	0.148448	0.148098	0.14782	0.148462	0.148539	0.147033	0.147851	0.148147	0.148343	0.147638
701	0.147901	0.148448	0.148098	0.14782	0.148462	0.148539	0.147033	0.147851	0.148147	0.148343	0.147638
702	0.147901	0.148448	0.148098	0.14782	0.148462	0.148539	0.147033	0.147851	0.148147	0.148343	0.147638
703	0.147901	0.148448	0.148098	0.14782	0.148462	0.148539	0.147034	0.147851	0.148147	0.148343	0.147638
704	0.147901	0.148448	0.148098	0.14782	0.148462	0.148539	0.147034	0.147851	0.148147	0.148343	0.147638
705	0.147901	0.148448	0.148098	0.14782	0.148462	0.148539	0.147034	0.147851	0.148147	0.148343	0.147638
706	0.147901	0.148448	0.148098	0.14782	0.148462	0.148539	0.147035	0.147851	0.148147	0.148343	0.147638
707	0.147901	0.148448	0.148098	0.14782	0.148462	0.148539	0.147035	0.147851	0.148147	0.148343	0.147638
708	0.147901	0.148448	0.148098	0.14782	0.148462	0.148539	0.147035	0.147851	0.148147	0.148343	0.147638
709	0.147901	0.148448	0.148098	0.14782	0.148462	0.148539	0.147035	0.147851	0.148147	0.148343	0.147638
710	0.147901	0.148448	0.148098	0.14782	0.148462	0.148539	0.147035	0.147851	0.148147	0.148343	0.147638
711	0.147901	0.148448	0.148098	0.14782	0.148461	0.148539	0.147035	0.147851	0.148147	0.148343	0.147638
712	0.147901	0.148448	0.148098	0.14782	0.148461	0.148539	0.147035	0.147851	0.148147	0.148343	0.147638
713	0.147901	0.148448	0.148098	0.14782	0.14846	0.148539	0.147035	0.147851	0.148147	0.148343	0.147638
714	0.147901	0.148448	0.148098	0.14782	0.14846	0.148539	0.147036	0.147851	0.148147	0.148343	0.147638
715	0.147901	0.148448	0.148098	0.14782	0.14846	0.148539	0.147036	0.147851	0.148147	0.148343	0.147638
716	0.147901	0.148448	0.148098	0.14782	0.14846	0.148539	0.147037	0.147851	0.148147	0.148343	0.147638
717	0.147901	0.148448	0.148098	0.14782	0.14846	0.148539	0.147037	0.147851	0.148147	0.148343	0.147638
718	0.147901	0.148448	0.148098	0.14782	0.148461	0.148539	0.147037	0.147851	0.148147	0.148343	0.147638
719	0.147901	0.148448	0.148098	0.14782	0.148462	0.148539	0.147037	0.147851	0.148147	0.148343	0.147638
720	0.147901	0.148448	0.148098	0.14782	0.148462	0.148539	0.147038	0.147851	0.148147	0.148343	0.147638
721	0.147901	0.148448	0.148098	0.14782	0.148462	0.148539	0.147038	0.147851	0.148147	0.148343	0.147638
722	0.147901	0.148448	0.148098	0.14782	0.148462	0.148539	0.147038	0.147851	0.148147	0.148343	0.147638
723	0.147901	0.148448	0.148098	0.14782	0.148462	0.148539	0.147039	0.147851	0.148147	0.148343	0.147638
724	0.147901	0.148448	0.148098	0.14782	0.148462	0.148539	0.147039	0.147851	0.148147	0.148343	0.147638
725	0.147901	0.148448	0.148098	0.14782	0.148462	0.148539	0.147039	0.147851	0.148147	0.148343	0.147638
726	0.147901	0.148448	0.148098	0.14782	0.148462	0.148539	0.147039	0.147851	0.148147	0.148343	0.147638
727	0.147901	0.148448	0.148098	0.14782	0.148462	0.148539	0.147039	0.147851	0.148147	0.148343	0.147638
728	0.147901	0.148448	0.148098	0.14782	0.148462	0.148539	0.147039	0.147851	0.148147	0.148343	0.147638
729	0.147901	0.148448	0.148098	0.14782	0.148462	0.148539	0.147039	0.147851	0.148147	0.148343	0.147638
730	0.147901	0.148448	0.148098	0.14782	0.148462	0.148539	0.147039	0.147851	0.148147	0.148343	0.147638
731	0.147901	0.148448	0.148098	0.14782	0.148462	0.148539	0.147039	0.147851	0.148147	0.148343	0.147638
732	0.147901	0.148448	0.148098	0.14782	0.148462	0.148539	0.147039	0.147851	0.148147	0.148343	0.147638
733	0.147901	0.148448	0.148098	0.14782	0.148462	0.148539	0.147039	0.147851	0.148147	0.148343	0.147638
734	0.147901	0.148448	0.148098	0.14782	0.148462	0.148539	0.147039	0.147851	0.148147	0.148343	0.147638
735	0.147901	0.148448	0.148098	0.14782	0.148461	0.148539	0.147039	0.147851	0.148147	0.148343	0.147638
736	0.147901	0.148448	0.148098	0.14782	0.148461	0.148539	0.147039	0.147851	0.148147	0.148343	0.147638
737	0.147901	0.148448	0.148098	0.14782	0.14846	0.148539	0.147039	0.147851	0.148147	0.148343	0.147638
738	0.147901	0.148448	0.148098	0.14782	0.14846	0.148539	0.147039	0.147851	0.148147	0.148343	0.147638
739	0.147901	0.148448	0.148098	0.14782	0.14846	0.148539	0.14704	0.147851	0.148147	0.148343	0.147638
740	0.147901	0.148448	0.148098	0.14782	0.14846	0.148539	0.14704	0.147851	0.148147	0.148343	0.147638
741	0.147901	0.148448	0.148098	0.14782	0.14846	0.148539	0.14704	0.147851	0.148147	0.148343	0.147638
742	0.147901	0.148448	0.148098	0.14782	0.148461	0.148539	0.14704	0.147851	0.148147	0.148343	0.147638
743	0.147901	0.148448	0.148098	0.14782	0.148462	0.148539	0.14704	0.147851	0.148147	0.148343	0.147638
