serie original trend season resid org-trend [KB]
APCP 241797.0245361328 227700.69702148438 6006.66015625 227264.4464111328 227322.67822265625
CAPE 401420.7685546875 397514.197265625 1558.0107421875 343318.1220703125 343318.1220703125
CONVfrac 169054.4091796875 166333.1748046875 0.650390625 171229.3154296875 171331.4267578125
DLWRF 391930.2685546875 391929.943359375 63023.8271484375 338989.1220703125 338988.796875
DSWRF 444692.232421875 444691.9072265625 207403.716796875 388371.9814453125 388382.3876953125
PEVAP 168566.455078125 168415.1824951172 0.0 131354.05029296875 131353.39965820312
PRES 496587.55078125 495983.98828125 43850.3115234375 385835.783203125 385835.783203125
SPFH 0.650390625 0.0 0.0 0.0 0.0
TMP 322517.3760986328 321686.5155029297 0.0 209992.04528808594 209992.04528808594
UGRD 295256.2060546875 293759.982421875 0.0 204550.7783203125 204551.103515625
VGRD 297952.7255859375 296173.2568359375 0.0 205115.642578125 205115.642578125
