serie original trend season resid org-trend [KB]
APCP 57223.4267578125 53274.10546875 3122.220703125 52685.2265625 52768.0546875
CAPE 93676.8837890625 92312.490234375 166.6552734375 79623.984375 79625.619140625
CONV 31834.880859375 30211.2861328125 21.43359375 30435.6123046875 30503.1826171875
DLWRF 107482.93359375 107472.3076171875 27497.2119140625 93232.9541015625 93225.9609375
DSWRF 117170.009765625 116763.2255859375 69537.298828125 101483.162109375 101693.9560546875
PEVAP 37895.68359375 37893.322265625 0.0 26713.4326171875 26720.6982421875
PRES 137700.0322265625 137524.2041015625 27295.5908203125 106066.86328125 106066.86328125
SPFH 0.0 0.0 0.0 0.0 0.0
TMP 86171.947265625 85999.6611328125 0.0 57078.38671875 57078.38671875
UGRD 79863.1142578125 79530.8935546875 0.0 52794.1201171875 52794.1201171875
VGRD 80859.140625 80420.478515625 0.0 53654.3701171875 53654.4609375
