0	312032
7	2
8	2
9	6
10	4
12	4
13	4
14	6
15	12
16	10
17	10
18	12
19	18
20	18
21	28
22	26
23	32
24	42
25	26
26	48
27	34
28	54
29	50
30	40
31	60
32	70
33	72
34	98
35	100
36	68
37	90
38	100
39	100
40	128
41	134
42	88
43	126
44	118
45	138
46	148
47	180
48	170
49	190
50	160
51	210
52	206
53	202
54	218
55	252
56	268
57	248
58	274
59	242
60	280
61	290
62	322
63	304
64	322
65	334
66	350
67	346
68	352
69	374
70	414
71	382
72	394
73	412
74	454
75	446
76	442
77	470
78	524
79	562
80	532
81	524
82	532
83	536
84	568
85	538
86	664
87	604
88	600
89	652
90	686
91	644
92	698
93	708
94	630
95	724
96	740
97	722
98	714
99	774
100	762
101	812
102	808
103	802
104	746
105	820
106	824
107	888
108	860
109	862
110	898
111	842
112	936
113	970
114	962
115	972
116	996
117	994
118	1064
119	1032
120	1102
121	1054
122	1180
123	1096
124	1022
125	1168
126	1136
127	1146
128	1124
129	1220
130	1102
131	1144
132	1176
133	1100
134	1158
135	1282
136	1228
137	1250
138	1314
139	1338
140	1298
141	1402
142	1380
143	1320
144	1340
145	1176
146	1240
147	1384
148	1316
149	1368
150	1344
151	1334
152	1450
153	1400
154	1436
155	1338
156	1426
157	1498
158	1438
159	1450
160	1468
161	1468
162	1550
163	1616
164	1564
165	1640
166	1578
167	1600
168	1584
169	1534
170	1530
171	1604
172	1630
173	1684
174	1556
175	1700
176	1688
177	1634
178	1764
179	1610
180	1688
181	1682
182	1596
183	1720
184	1706
185	1762
186	1690
187	1848
188	1778
189	1838
190	1658
191	1786
192	1852
193	1858
194	1846
195	1864
196	1824
197	1762
198	1898
199	1892
200	1816
201	1920
202	1860
203	1900
204	1906
205	1910
206	1768
207	1834
208	1890
209	1876
210	1910
211	1944
212	1912
213	2010
214	1948
215	1982
216	1938
217	1894
218	2072
219	1950
220	1930
221	2006
222	1952
223	1984
224	1988
225	1890
226	2024
227	1958
228	2028
229	2060
230	2072
231	2014
232	2072
233	2094
234	1958
235	2206
236	2092
237	2114
238	2016
239	2014
240	2108
241	2036
242	2022
243	2036
244	2106
245	2104
246	2184
247	2108
248	2090
249	2116
250	2140
251	2090
252	2052
253	2032
254	2136
255	2050
256	2152
257	2036
258	2092
259	2054
260	2098
261	2038
262	2080
263	2078
264	2110
265	2068
266	2144
267	2062
268	2146
269	2178
270	2108
271	2190
272	2292
273	2162
274	2056
275	2178
276	2144
277	2204
278	2112
279	2124
280	2088
281	2076
282	2220
283	2126
284	2244
285	2234
286	2162
287	2148
288	2218
289	2238
290	2186
291	2286
292	2266
293	2294
294	2240
295	2068
296	2252
297	2122
298	2242
299	2190
300	2236
301	2270
302	2142
303	2230
304	2170
305	2268
306	2234
307	2232
308	2288
309	2150
310	2190
311	2144
312	2126
313	2120
314	2294
315	2184
316	2330
317	2218
318	2140
319	2210
320	2164
321	2156
322	2300
323	2160
324	2246
325	2164
326	2108
327	2140
328	2182
329	2090
330	2152
331	2218
332	2306
333	2052
334	2200
335	2200
336	2348
337	2188
338	2066
339	2206
340	2312
341	2210
342	2082
343	2272
344	2088
345	2202
346	2220
347	2144
348	2144
349	2296
350	2192
351	2138
352	2200
353	2240
354	2242
355	2276
356	2218
357	2274
358	2186
359	2158
360	2122
361	2214
362	2198
363	2224
364	2142
365	2272
366	2146
367	2182
368	2326
369	2318
370	2212
371	2168
372	2252
373	2268
374	2180
375	2136
376	2106
377	2298
378	2206
379	2238
380	2222
381	2184
382	2122
383	2176
384	2172
385	2188
386	2208
387	2204
388	2152
389	2286
390	2238
391	2154
392	2242
393	2336
394	2236
395	2216
396	2186
397	2080
398	2150
399	2230
400	2216
401	2044
402	2146
403	2264
404	2278
405	2178
406	2228
407	2154
408	2288
409	2142
410	2252
411	2078
412	2066
413	2266
414	2198
415	2134
416	2186
417	2160
418	2236
419	2172
420	2178
421	2112
422	2096
423	2202
424	2240
425	2204
426	2168
427	2298
428	2168
429	2210
430	2102
431	2044
432	2180
433	2234
434	2116
435	2198
436	2172
437	2120
438	2154
439	2226
440	2254
441	2196
442	2198
443	2154
444	2150
445	2166
446	2156
447	2264
448	2234
449	2178
450	1966
451	2166
452	2142
453	2184
454	2088
455	2006
456	2230
457	2166
458	2054
459	2060
460	2108
461	2234
462	2034
463	2186
464	2192
465	2208
466	2102
467	2108
468	2098
469	2096
470	2178
471	2172
472	1986
473	2070
474	2138
475	2156
476	2106
477	2002
478	1956
479	2192
480	2162
481	2144
482	1952
483	2198
484	2066
485	2192
486	2066
487	2104
488	1982
489	2102
490	2164
491	2058
492	1996
493	2192
494	2066
495	2100
496	2140
497	2152
498	2102
499	2064
500	2050
501	2058
502	2106
503	2104
504	2002
505	2038
506	2064
507	2042
508	2080
509	1994
510	2008
511	2080
512	2038
513	2100
514	2186
515	2084
516	1932
517	2050
518	2020
519	2072
520	2018
521	2136
522	1974
523	2052
524	2044
525	2120
526	1890
527	2132
528	2042
529	2016
530	2000
531	2050
532	2026
533	2010
534	2030
535	2012
536	2094
537	1988
538	1896
539	2046
540	2014
541	1936
542	2014
543	1966
544	1978
545	2044
546	1852
547	1920
548	2002
549	1940
550	2028
551	1930
552	2012
553	2022
554	2028
555	1982
556	1956
557	1900
558	1994
559	2082
560	1944
561	1996
562	2004
563	1982
564	1858
565	2022
566	1928
567	1994
568	1924
569	2022
570	1972
571	1988
572	1926
573	1886
574	1994
575	1924
576	1960
577	1914
578	1926
579	1980
580	2052
581	1948
582	1910
583	1976
584	1924
585	2032
586	1932
587	1944
588	2052
589	1966
590	1888
591	1862
592	1926
593	1932
594	1922
595	1876
596	1970
597	1848
598	2018
599	1956
600	1906
601	1906
602	1902
603	1952
604	1926
605	1952
606	1940
607	1938
608	1812
609	1726
610	1710
611	1976
612	1932
613	1846
614	2022
615	1940
616	1764
617	1878
618	1858
619	1864
620	1866
621	1862
622	1892
623	1886
624	1818
625	2024
626	1868
627	1936
628	1848
629	1948
630	1882
631	1808
632	1868
633	1834
634	1734
635	1836
636	1818
637	1920
638	1852
639	1866
640	1796
641	1796
642	1896
643	1878
644	1774
645	1884
646	1914
647	1842
648	1756
649	1810
650	2040
651	1880
652	1882
653	1934
654	1782
655	1952
656	1836
657	1954
658	1796
659	1876
660	1764
661	1822
662	1852
663	1912
664	1942
665	1678
666	1884
667	1828
668	1988
669	1850
670	1848
671	1870
672	1818
673	2012
674	1860
675	1822
676	1714
677	1838
678	1720
679	1880
680	1886
681	1806
682	1840
683	1822
684	1796
685	1742
686	1862
687	1842
688	1838
689	1798
690	1748
691	1748
692	1850
693	1864
694	1800
695	1844
696	1794
697	1664
698	1836
699	1764
700	1860
701	1816
702	1846
703	1772
704	1764
705	1750
706	1780
707	1720
708	1790
709	1802
710	1760
711	1820
712	1894
713	1714
714	1898
715	1730
716	1846
717	1752
718	1710
719	1716
720	1702
721	1838
722	1852
723	1846
724	1808
725	1772
726	1608
727	1770
728	1834
729	1816
730	1792
731	1698
732	1796
733	1812
734	1810
735	1752
736	1716
737	1708
738	1818
739	1768
740	1788
741	1662
742	1690
743	1658
744	1724
745	1716
746	1626
747	1698
748	1674
749	1780
750	1874
751	1710
752	1740
753	1776
754	1702
755	1716
756	1826
757	1786
758	1622
759	1696
760	1744
761	1744
762	1720
763	1812
764	1788
765	1708
766	1722
767	1676
768	1742
769	1618
770	1780
771	1804
772	1648
773	1708
774	1724
775	1708
776	1612
777	1692
778	1734
779	1696
780	1686
781	1722
782	1682
783	1718
784	1634
785	1638
786	1678
787	1778
788	1772
789	1732
790	1722
791	1702
792	1730
793	1706
794	1650
795	1688
796	1740
797	1706
798	1710
799	1658
800	1742
801	1740
802	1726
803	1656
804	1642
805	1684
806	1656
807	1684
808	1622
809	1718
810	1632
811	1670
812	1634
813	1730
814	1696
815	1706
816	1652
817	1630
818	1628
819	1700
820	1694
821	1638
822	1620
823	1672
824	1612
825	1700
826	1642
827	1640
828	1670
829	1568
830	1694
831	1606
832	1724
833	1690
834	1714
835	1580
836	1750
837	1616
838	1662
839	1718
840	1578
841	1604
842	1794
843	1668
844	1592
845	1606
846	1626
847	1652
848	1570
849	1586
850	1624
851	1558
852	1682
853	1560
854	1712
855	1602
856	1602
857	1632
858	1568
859	1590
860	1544
861	1546
862	1604
863	1576
864	1656
865	1634
866	1638
867	1620
868	1688
869	1472
870	1670
871	1636
872	1618
873	1558
874	1798
875	1552
876	1604
877	1580
878	1652
879	1596
880	1594
881	1556
882	1552
883	1586
884	1618
885	1614
886	1702
887	1600
888	1564
889	1514
890	1716
891	1608
892	1546
893	1470
894	1516
895	1550
896	1618
897	1684
898	1606
899	1650
900	1614
901	1552
902	1580
903	1556
904	1630
905	1522
906	1572
907	1574
908	1624
909	1612
910	1584
911	1636
912	1514
913	1632
914	1594
915	1542
916	1556
917	1562
918	1540
919	1558
920	1582
921	1578
922	1618
923	1550
924	1590
925	1502
926	1540
927	1504
928	1582
929	1620
930	1594
931	1664
932	1520
933	1476
934	1572
935	1506
936	1554
937	1420
938	1592
939	1552
940	1642
941	1554
942	1608
943	1520
944	1482
945	1514
946	1562
947	1574
948	1584
949	1604
950	1496
951	1542
952	1512
953	1612
954	1456
955	1582
956	1466
957	1518
958	1614
959	1486
960	1518
961	1488
962	1446
963	1452
964	1640
965	1554
966	1730
967	1502
968	1576
969	1502
970	1482
971	1588
972	1450
973	1426
974	1512
975	1542
976	1488
977	1580
978	1424
979	1544
980	1340
981	1534
982	1544
983	1488
984	1510
985	1578
986	1524
987	1500
988	1492
989	1466
990	1560
991	1464
992	1454
993	1482
994	1528
995	1480
996	1578
997	1512
998	1514
999	1608
1000	1566
1001	1462
1002	1532
1003	1470
1004	1494
1005	1528
1006	1504
1007	1494
1008	1482
1009	1570
1010	1506
1011	1406
1012	1428
1013	1488
1014	1474
1015	1466
1016	1520
1017	1474
1018	1544
1019	1382
1020	1454
1021	1388
1022	1388
1023	1464
1024	1494
1025	1438
1026	1616
1027	1500
1028	1480
1029	1534
1030	1534
1031	1494
1032	1502
1033	1556
1034	1472
1035	1498
1036	1522
1037	1492
1038	1470
1039	1422
1040	1486
1041	1506
1042	1508
1043	1448
1044	1568
1045	1568
1046	1514
1047	1474
1048	1468
1049	1396
1050	1464
1051	1486
1052	1510
1053	1434
1054	1402
1055	1246
1056	1480
1057	1438
1058	1520
1059	1354
1060	1440
1061	1486
1062	1304
1063	1350
1064	1458
1065	1476
1066	1406
1067	1366
1068	1440
1069	1398
1070	1508
1071	1330
1072	1470
1073	1428
1074	1446
1075	1454
1076	1420
1077	1310
1078	1556
1079	1540
1080	1362
1081	1390
1082	1274
1083	1412
1084	1362
1085	1436
1086	1460
1087	1428
1088	1334
1089	1462
1090	1374
1091	1396
1092	1432
1093	1468
1094	1418
1095	1396
1096	1460
1097	1332
1098	1366
1099	1480
1100	1350
1101	1360
1102	1468
1103	1502
1104	1458
1105	1416
1106	1392
1107	1464
1108	1478
1109	1358
1110	1416
1111	1306
1112	1416
1113	1350
1114	1348
1115	1434
1116	1430
1117	1368
1118	1356
1119	1370
1120	1342
1121	1446
1122	1470
1123	1408
1124	1440
1125	1382
1126	1388
1127	1340
1128	1398
1129	1398
1130	1328
1131	1438
1132	1316
1133	1396
1134	1384
1135	1370
1136	1340
1137	1310
1138	1422
1139	1350
1140	1466
1141	1468
1142	1334
1143	1378
1144	1450
1145	1442
1146	1300
1147	1418
1148	1332
1149	1374
1150	1420
1151	1370
1152	1388
1153	1350
1154	1344
1155	1296
1156	1334
1157	1328
1158	1404
1159	1344
1160	1462
1161	1416
1162	1362
1163	1268
1164	1374
1165	1448
1166	1334
1167	1380
1168	1370
1169	1352
1170	1338
1171	1346
1172	1302
1173	1308
1174	1408
1175	1364
1176	1428
1177	1360
1178	1378
1179	1340
1180	1354
1181	1324
1182	1294
1183	1194
1184	1360
1185	1372
1186	1372
1187	1358
1188	1426
1189	1352
1190	1396
1191	1328
1192	1316
1193	1362
1194	1296
1195	1322
1196	1426
1197	1330
1198	1352
1199	1302
1200	1380
1201	1308
1202	1310
1203	1322
1204	1322
1205	1366
1206	1316
1207	1290
1208	1256
1209	1416
1210	1336
1211	1266
1212	1398
1213	1276
1214	1366
1215	1260
1216	1394
1217	1426
1218	1306
1219	1340
1220	1274
1221	1304
1222	1308
1223	1224
1224	1350
1225	1282
1226	1312
1227	1234
1228	1292
1229	1270
1230	1242
1231	1276
1232	1244
1233	1294
1234	1244
1235	1276
1236	1330
1237	1292
1238	1282
1239	1230
1240	1314
1241	1244
1242	1278
1243	1256
1244	1176
1245	1338
1246	1274
1247	1258
1248	1316
1249	1212
1250	1320
1251	1284
1252	1252
1253	1200
1254	1272
1255	1288
1256	1288
1257	1264
1258	1278
1259	1272
1260	1222
1261	1288
1262	1220
1263	1220
1264	1256
1265	1296
1266	1306
1267	1278
1268	1232
1269	1236
1270	1310
1271	1296
1272	1308
1273	1250
1274	1280
1275	1294
1276	1278
1277	1282
1278	1204
1279	1270
1280	1230
1281	1240
1282	1246
1283	1186
1284	1332
1285	1276
1286	1252
1287	1276
1288	1314
1289	1300
1290	1184
1291	1278
1292	1208
1293	1190
1294	1370
1295	1228
1296	1314
1297	1286
1298	1232
1299	1248
1300	1272
1301	1208
1302	1244
1303	1294
1304	1126
1305	1226
1306	1164
1307	1296
1308	1194
1309	1184
1310	1282
1311	1128
1312	1178
1313	1142
1314	1254
1315	1180
1316	1208
1317	1192
1318	1174
1319	1308
1320	1252
1321	1170
1322	1360
1323	1214
1324	1168
1325	1272
1326	1142
1327	1264
1328	1294
1329	1220
1330	1162
1331	1154
1332	1226
1333	1296
1334	1194
1335	1284
1336	1186
1337	1188
1338	1180
1339	1206
1340	1172
1341	1172
1342	1256
1343	1208
1344	1238
1345	1294
1346	1242
1347	1160
1348	1268
1349	1126
1350	1230
1351	1182
1352	1198
1353	1214
1354	1126
1355	1272
1356	1186
1357	1286
1358	1286
1359	1170
1360	1262
1361	1220
1362	1202
1363	1254
1364	1246
1365	1196
1366	1216
1367	1214
1368	1262
1369	1224
1370	1244
1371	1118
1372	1198
1373	1208
1374	1248
1375	1194
1376	1158
1377	1154
1378	1142
1379	1208
1380	1220
1381	1174
1382	1254
1383	1202
1384	1166
1385	1078
1386	1240
1387	1156
1388	1204
1389	1212
1390	1120
1391	1154
1392	1152
1393	1080
1394	1174
1395	1212
1396	1104
1397	1190
1398	1152
1399	1106
1400	1186
1401	1162
1402	1164
1403	1214
1404	1096
1405	1144
1406	1088
1407	1104
1408	1214
1409	1214
1410	1094
1411	1268
1412	1206
1413	1122
1414	1118
1415	1094
1416	1206
1417	1182
1418	1160
1419	1160
1420	1226
1421	1188
1422	1148
1423	1218
1424	1164
1425	1180
1426	1078
1427	1116
1428	1160
1429	1070
1430	1150
1431	1136
1432	1156
1433	1122
1434	1134
1435	1106
1436	1148
1437	1146
1438	1118
1439	1202
1440	1150
1441	1142
1442	1156
1443	1216
1444	1170
1445	1112
1446	1142
1447	1196
1448	1156
1449	1122
1450	1140
1451	1098
1452	1196
1453	1164
1454	1090
1455	1136
1456	1112
1457	1142
1458	1058
1459	1156
1460	1142
1461	1034
1462	1146
1463	1108
1464	1140
1465	1098
1466	1218
1467	1140
1468	1108
1469	1116
1470	1102
1471	1030
1472	1032
1473	1150
1474	1124
1475	1084
1476	1136
1477	1188
1478	1198
1479	1150
1480	1100
1481	1104
1482	1126
1483	1022
1484	1118
1485	1184
1486	1074
1487	1014
1488	1142
1489	1156
1490	1132
1491	1082
1492	1136
1493	1054
1494	1048
1495	1114
1496	1124
1497	1136
1498	1146
1499	1164
1500	998
1501	1038
1502	1118
1503	1038
1504	1020
1505	1110
1506	1134
1507	1152
1508	1062
1509	1084
1510	1108
1511	1176
1512	1142
1513	1086
1514	1152
1515	1102
1516	1064
1517	1060
1518	1118
1519	1080
1520	1064
1521	1122
1522	1158
1523	932
1524	1096
1525	1144
1526	1104
1527	1132
1528	970
1529	1112
1530	1030
1531	1070
1532	1126
1533	1016
1534	988
1535	1034
1536	1078
1537	1052
1538	1046
1539	1150
1540	956
1541	982
1542	1064
1543	1148
1544	980
1545	1040
1546	1104
1547	1054
1548	1038
1549	1142
1550	1018
1551	1102
1552	1046
1553	1036
1554	1032
1555	1070
1556	1028
1557	1148
1558	1110
1559	1028
1560	1068
1561	1000
1562	1040
1563	1064
1564	1052
1565	1038
1566	974
1567	984
1568	1048
1569	1068
1570	1140
1571	962
1572	1128
1573	1038
1574	1038
1575	1016
1576	1028
1577	1102
1578	1086
1579	1034
1580	1024
1581	1030
1582	1112
1583	1004
1584	1102
1585	1132
1586	1020
1587	1068
1588	960
1589	1042
1590	1032
1591	1042
1592	910
1593	996
1594	1080
1595	1062
1596	1008
1597	970
1598	1020
1599	1042
1600	1160
1601	996
1602	1048
1603	950
1604	992
1605	998
1606	930
1607	1010
1608	1058
1609	1008
1610	1008
1611	1022
1612	1020
1613	1058
1614	984
1615	1048
1616	952
1617	1012
1618	944
1619	964
1620	1018
1621	938
1622	1116
1623	986
1624	912
1625	1068
1626	1046
1627	994
1628	942
1629	994
1630	972
1631	1008
1632	960
1633	996
1634	1014
1635	946
1636	978
1637	1046
1638	1026
1639	1020
1640	990
1641	940
1642	940
1643	960
1644	984
1645	944
1646	1066
1647	1042
1648	1048
1649	914
1650	1004
1651	976
1652	982
1653	1060
1654	1028
1655	968
1656	982
1657	936
1658	922
1659	936
1660	990
1661	980
1662	994
1663	932
1664	974
1665	976
1666	1010
1667	1008
1668	994
1669	1010
1670	950
1671	966
1672	972
1673	966
1674	944
1675	1014
1676	952
1677	990
1678	990
1679	988
1680	942
1681	982
1682	1084
1683	884
1684	994
1685	972
1686	952
1687	928
1688	980
1689	978
1690	978
1691	988
1692	1030
1693	914
1694	956
1695	910
1696	1006
1697	986
1698	926
1699	936
1700	908
1701	964
1702	936
1703	872
1704	940
1705	972
1706	934
1707	972
1708	966
1709	918
1710	898
1711	888
1712	936
1713	912
1714	902
1715	938
1716	1016
1717	998
1718	922
1719	904
1720	946
1721	950
1722	842
1723	890
1724	944
1725	872
1726	900
1727	848
1728	986
1729	926
1730	926
1731	990
1732	940
1733	884
1734	946
1735	922
1736	938
1737	926
1738	892
1739	870
1740	866
1741	778
1742	1012
1743	810
1744	920
1745	1028
1746	880
1747	948
1748	928
1749	948
1750	912
1751	856
1752	924
1753	816
1754	910
1755	830
1756	936
1757	930
1758	894
1759	916
1760	928
1761	914
1762	896
1763	868
1764	934
1765	870
1766	882
1767	894
1768	932
1769	922
1770	902
1771	864
1772	920
1773	904
1774	826
1775	890
1776	896
1777	856
1778	940
1779	858
1780	872
1781	854
1782	834
1783	952
1784	772
1785	854
1786	924
1787	854
1788	904
1789	946
1790	854
1791	906
1792	880
1793	860
1794	840
1795	906
1796	916
1797	900
1798	866
1799	880
1800	790
1801	920
1802	880
1803	818
1804	932
1805	846
1806	884
1807	858
1808	798
1809	850
1810	840
1811	872
1812	944
1813	774
1814	816
1815	864
1816	856
1817	858
1818	878
1819	804
1820	826
1821	878
1822	858
1823	856
1824	878
1825	864
1826	812
1827	826
1828	788
1829	742
1830	838
1831	824
1832	866
1833	906
1834	830
1835	786
1836	774
1837	838
1838	824
1839	868
1840	796
1841	846
1842	790
1843	862
1844	848
1845	880
1846	790
1847	826
1848	852
1849	858
1850	836
1851	800
1852	770
1853	820
1854	892
1855	782
1856	814
1857	806
1858	824
1859	846
1860	864
1861	766
1862	842
1863	812
1864	834
1865	878
1866	846
1867	814
1868	780
1869	846
1870	760
1871	902
1872	770
1873	866
1874	780
1875	822
1876	758
1877	754
1878	770
1879	772
1880	832
1881	750
1882	766
1883	772
1884	866
1885	770
1886	786
1887	776
1888	844
1889	812
1890	706
1891	764
1892	768
1893	862
1894	800
1895	812
1896	832
1897	788
1898	710
1899	772
1900	722
1901	834
1902	778
1903	730
1904	788
1905	704
1906	742
1907	736
1908	792
1909	698
1910	696
1911	794
1912	814
1913	736
1914	752
1915	770
1916	792
1917	752
1918	708
1919	724
1920	804
1921	746
1922	748
1923	810
1924	758
1925	700
1926	734
1927	728
1928	748
1929	738
1930	814
1931	706
1932	770
1933	800
1934	726
1935	690
1936	746
1937	742
1938	708
1939	758
1940	764
1941	750
1942	730
1943	684
1944	716
1945	748
1946	700
1947	676
1948	676
1949	694
1950	686
1951	758
1952	688
1953	748
1954	744
1955	750
1956	700
1957	722
1958	662
1959	746
1960	620
1961	692
1962	694
1963	694
1964	672
1965	660
1966	780
1967	750
1968	740
1969	734
1970	710
1971	632
1972	648
1973	702
1974	636
1975	710
1976	674
1977	672
1978	680
1979	720
1980	696
1981	642
1982	714
1983	712
1984	714
1985	702
1986	692
1987	754
1988	670
1989	654
1990	622
1991	650
1992	650
1993	728
1994	714
1995	674
1996	724
1997	682
1998	662
1999	652
2000	660
2001	698
2002	694
2003	634
2004	644
2005	692
2006	662
2007	658
2008	678
2009	660
2010	662
2011	576
2012	640
2013	678
2014	648
2015	652
2016	582
2017	692
2018	672
2019	644
2020	640
2021	708
2022	630
2023	600
2024	628
2025	644
2026	606
2027	600
2028	660
2029	600
2030	550
2031	630
2032	630
2033	602
2034	666
2035	626
2036	592
2037	562
2038	636
2039	620
2040	642
2041	608
2042	694
2043	716
2044	634
2045	598
2046	596
2047	562
2048	610
2049	584
2050	616
2051	644
2052	612
2053	646
2054	578
2055	690
2056	598
2057	636
2058	602
2059	642
2060	656
2061	556
2062	618
2063	610
2064	664
2065	610
2066	620
2067	644
2068	632
2069	578
2070	580
2071	586
2072	640
2073	644
2074	632
2075	580
2076	596
2077	592
2078	622
2079	562
2080	602
2081	590
2082	600
2083	550
2084	668
2085	626
2086	592
2087	648
2088	592
2089	612
2090	586
2091	600
2092	604
2093	522
2094	582
2095	558
2096	576
2097	590
2098	560
2099	608
2100	552
2101	626
2102	592
2103	594
2104	576
2105	580
2106	568
2107	536
2108	556
2109	538
2110	580
2111	546
2112	622
2113	526
2114	598
2115	552
2116	572
2117	526
2118	572
2119	522
2120	542
2121	576
2122	542
2123	638
2124	586
2125	578
2126	586
2127	504
2128	566
2129	564
2130	536
2131	524
2132	596
2133	530
2134	562
2135	566
2136	566
2137	516
2138	558
2139	554
2140	534
2141	622
2142	514
2143	554
2144	548
2145	580
2146	518
2147	514
2148	544
2149	518
2150	522
2151	532
2152	576
2153	576
2154	462
2155	622
2156	540
2157	492
2158	594
2159	540
2160	514
2161	580
2162	464
2163	510
2164	588
2165	576
2166	518
2167	548
2168	592
2169	544
2170	518
2171	498
2172	574
2173	518
2174	494
2175	526
2176	548
2177	528
2178	498
2179	494
2180	550
2181	472
2182	488
2183	470
2184	494
2185	508
2186	502
2187	466
2188	464
2189	500
2190	596
2191	496
2192	564
2193	464
2194	488
2195	528
2196	470
2197	450
2198	502
2199	516
2200	480
2201	492
2202	490
2203	454
2204	524
2205	492
2206	458
2207	526
2208	494
2209	492
2210	540
2211	528
2212	504
2213	478
2214	448
2215	524
2216	412
2217	458
2218	466
2219	450
2220	470
2221	516
2222	484
2223	530
2224	480
2225	498
2226	484
2227	498
2228	544
2229	452
2230	470
2231	490
2232	450
2233	444
2234	516
2235	492
2236	450
2237	502
2238	512
2239	426
2240	456
2241	464
2242	464
2243	430
2244	492
2245	496
2246	418
2247	522
2248	454
2249	460
2250	454
2251	484
2252	440
2253	486
2254	458
2255	480
2256	458
2257	466
2258	422
2259	460
2260	444
2261	502
2262	452
2263	502
2264	432
2265	450
2266	440
2267	436
2268	428
2269	438
2270	474
2271	484
2272	428
2273	444
2274	506
2275	458
2276	414
2277	434
2278	482
2279	448
2280	506
2281	424
2282	454
2283	432
2284	454
2285	488
2286	422
2287	482
2288	512
2289	430
2290	428
2291	466
2292	442
2293	526
2294	378
2295	412
2296	450
2297	416
2298	472
2299	438
2300	464
2301	456
2302	468
2303	410
2304	472
2305	426
2306	444
2307	438
2308	388
2309	436
2310	400
2311	438
2312	444
2313	436
2314	434
2315	404
2316	412
2317	404
2318	406
2319	448
2320	378
2321	440
2322	444
2323	428
2324	390
2325	404
2326	458
2327	376
2328	388
2329	434
2330	390
2331	412
2332	406
2333	454
2334	362
2335	404
2336	400
2337	432
2338	396
2339	428
2340	414
2341	444
2342	456
2343	380
2344	346
2345	388
2346	410
2347	418
2348	426
2349	408
2350	416
2351	414
2352	398
2353	416
2354	360
2355	374
2356	418
2357	404
2358	388
2359	374
2360	398
2361	400
2362	394
2363	400
2364	434
2365	472
2366	366
2367	364
2368	430
2369	398
2370	400
2371	376
2372	360
2373	460
2374	392
2375	410
2376	370
2377	438
2378	376
2379	382
2380	350
2381	400
2382	398
2383	372
2384	356
2385	380
2386	436
2387	370
2388	400
2389	382
2390	442
2391	358
2392	364
2393	380
2394	374
2395	368
2396	320
2397	356
2398	348
2399	368
2400	390
2401	344
2402	338
2403	422
2404	418
2405	322
2406	372
2407	348
2408	336
2409	350
2410	352
2411	382
2412	362
2413	348
2414	342
2415	366
2416	388
2417	362
2418	336
2419	328
2420	390
2421	336
2422	266
2423	342
2424	354
2425	380
2426	336
2427	388
2428	386
2429	362
2430	372
2431	362
2432	340
2433	364
2434	330
2435	312
2436	402
2437	338
2438	396
2439	324
2440	346
2441	370
2442	374
2443	328
2444	336
2445	364
2446	336
2447	358
2448	336
2449	392
2450	310
2451	326
2452	352
2453	352
2454	382
2455	334
2456	318
2457	340
2458	352
2459	340
2460	360
2461	340
2462	300
2463	326
2464	346
2465	324
2466	380
2467	346
2468	344
2469	308
2470	356
2471	340
2472	368
2473	330
2474	368
2475	338
2476	334
2477	360
2478	350
2479	328
2480	358
2481	326
2482	258
2483	338
2484	280
2485	316
2486	350
2487	326
2488	366
2489	370
2490	336
2491	332
2492	364
2493	328
2494	316
2495	328
2496	316
2497	320
2498	296
2499	342
2500	300
2501	334
2502	338
2503	316
2504	354
2505	308
2506	340
2507	326
2508	306
2509	320
2510	280
2511	280
2512	336
2513	360
2514	348
2515	314
2516	282
2517	340
2518	284
2519	326
2520	330
2521	308
2522	310
2523	312
2524	286
2525	334
2526	336
2527	320
2528	314
2529	314
2530	300
2531	252
2532	276
2533	336
2534	320
2535	282
2536	302
2537	314
2538	356
2539	314
2540	336
2541	326
2542	304
2543	294
2544	254
2545	332
2546	274
2547	318
2548	296
2549	292
2550	310
2551	348
2552	326
2553	312
2554	338
2555	260
2556	340
2557	294
2558	308
2559	314
2560	264
2561	318
2562	310
2563	272
2564	294
2565	294
2566	286
2567	290
2568	346
2569	288
2570	322
2571	342
2572	296
2573	322
2574	330
2575	296
2576	274
2577	244
2578	288
2579	290
2580	254
2581	290
2582	274
2583	278
2584	332
2585	298
2586	298
2587	272
2588	272
2589	280
2590	280
2591	278
2592	326
2593	236
2594	266
2595	252
2596	224
2597	270
2598	290
2599	324
2600	264
2601	272
2602	296
2603	304
2604	318
2605	272
2606	302
2607	286
2608	310
2609	250
2610	280
2611	274
2612	264
2613	256
2614	264
2615	282
2616	226
2617	246
2618	270
2619	264
2620	272
2621	274
2622	270
2623	258
2624	256
2625	300
2626	294
2627	246
2628	296
2629	242
2630	248
2631	248
2632	268
2633	262
2634	238
2635	232
2636	260
2637	262
2638	240
2639	236
2640	194
2641	288
2642	262
2643	254
2644	222
2645	256
2646	276
2647	268
2648	254
2649	224
2650	260
2651	238
2652	260
2653	310
2654	220
2655	240
2656	274
2657	220
2658	264
2659	222
2660	232
2661	268
2662	248
2663	230
2664	238
2665	230
2666	220
2667	242
2668	242
2669	238
2670	220
2671	260
2672	278
2673	240
2674	244
2675	272
2676	264
2677	288
2678	218
2679	252
2680	232
2681	220
2682	248
2683	270
2684	242
2685	216
2686	276
2687	264
2688	224
2689	224
2690	250
2691	274
2692	218
2693	216
2694	270
2695	276
2696	252
2697	262
2698	250
2699	238
2700	210
2701	276
2702	294
2703	198
2704	236
2705	250
2706	248
2707	248
2708	226
2709	254
2710	222
2711	246
2712	238
2713	214
2714	204
2715	216
2716	246
2717	244
2718	236
2719	244
2720	240
2721	236
2722	198
2723	246
2724	220
2725	214
2726	216
2727	220
2728	206
2729	226
2730	220
2731	222
2732	220
2733	212
2734	228
2735	236
2736	218
2737	228
2738	218
2739	204
2740	212
2741	216
2742	214
2743	218
2744	250
2745	212
2746	210
2747	178
2748	246
2749	236
2750	214
2751	198
2752	236
2753	224
2754	198
2755	204
2756	212
2757	230
2758	216
2759	172
2760	200
2761	202
2762	208
2763	236
2764	246
2765	210
2766	194
2767	218
2768	236
2769	228
2770	212
2771	198
2772	196
2773	196
2774	210
2775	196
2776	246
2777	178
2778	214
2779	192
2780	212
2781	204
2782	166
2783	238
2784	206
2785	214
2786	196
2787	202
2788	222
2789	174
2790	226
2791	218
2792	198
2793	198
2794	226
2795	248
2796	218
2797	190
2798	212
2799	178
2800	188
2801	174
2802	178
2803	216
2804	196
2805	200
2806	212
2807	224
2808	192
2809	196
2810	214
2811	188
2812	164
2813	192
2814	198
2815	186
2816	192
2817	160
2818	194
2819	178
2820	196
2821	178
2822	186
2823	226
2824	180
2825	186
2826	176
2827	162
2828	200
2829	192
2830	180
2831	192
2832	188
2833	202
2834	182
2835	196
2836	168
2837	142
2838	172
2839	182
2840	160
2841	150
2842	172
2843	208
2844	176
2845	190
2846	214
2847	166
2848	172
2849	192
2850	234
2851	158
2852	212
2853	184
2854	168
2855	194
2856	148
2857	172
2858	200
2859	196
2860	158
2861	188
2862	150
2863	164
2864	182
2865	194
2866	186
2867	192
2868	202
2869	160
2870	166
2871	144
2872	144
2873	176
2874	152
2875	164
2876	162
2877	146
2878	136
2879	178
2880	164
2881	170
2882	156
2883	194
2884	180
2885	226
2886	154
2887	172
2888	148
2889	182
2890	172
2891	144
2892	162
2893	132
2894	174
2895	162
2896	162
2897	174
2898	154
2899	140
2900	174
2901	150
2902	158
2903	160
2904	170
2905	184
2906	160
2907	174
2908	140
2909	168
2910	198
2911	162
2912	184
2913	154
2914	170
2915	164
2916	198
2917	184
2918	180
2919	166
2920	176
2921	158
2922	164
2923	188
2924	178
2925	162
2926	198
2927	148
2928	140
2929	214
2930	184
2931	178
2932	152
2933	168
2934	136
2935	128
2936	138
2937	150
2938	170
2939	160
2940	128
2941	144
2942	148
2943	166
2944	202
2945	148
2946	126
2947	160
2948	148
2949	144
2950	128
2951	148
2952	142
2953	158
2954	142
2955	114
2956	160
2957	156
2958	152
2959	158
2960	144
2961	166
2962	156
2963	122
2964	160
2965	122
2966	144
2967	138
2968	134
2969	126
2970	144
2971	138
2972	148
2973	148
2974	118
2975	160
2976	146
2977	152
2978	128
2979	152
2980	146
2981	108
2982	130
2983	158
2984	110
2985	158
2986	158
2987	122
2988	130
2989	122
2990	164
2991	156
2992	128
2993	148
2994	106
2995	122
2996	146
2997	160
2998	142
2999	138
3000	108
3001	138
3002	158
3003	130
3004	152
3005	142
3006	130
3007	126
3008	116
3009	114
3010	124
3011	136
3012	138
3013	144
3014	126
3015	132
3016	134
3017	136
3018	138
3019	154
3020	138
3021	120
3022	154
3023	146
3024	112
3025	124
3026	108
3027	114
3028	124
3029	120
3030	112
3031	120
3032	136
3033	120
3034	136
3035	136
3036	118
3037	110
3038	114
3039	148
3040	126
3041	128
3042	122
3043	134
3044	152
3045	120
3046	138
3047	120
3048	120
3049	136
3050	114
3051	138
3052	118
3053	124
3054	152
3055	94
3056	110
3057	102
3058	120
3059	130
3060	104
3061	136
3062	124
3063	132
3064	128
3065	92
3066	114
3067	116
3068	112
3069	106
3070	132
3071	126
3072	120
3073	110
3074	96
3075	118
3076	116
3077	134
3078	118
3079	116
3080	116
3081	104
3082	112
3083	98
3084	102
3085	110
3086	112
3087	146
3088	92
3089	120
3090	120
3091	98
3092	118
3093	102
3094	92
3095	108
3096	126
3097	98
3098	98
3099	100
3100	122
3101	94
3102	100
3103	122
3104	140
3105	84
3106	98
3107	116
3108	108
3109	104
3110	84
3111	94
3112	118
3113	90
3114	118
3115	108
3116	120
3117	114
3118	84
3119	102
3120	128
3121	120
3122	96
3123	106
3124	124
3125	104
3126	106
3127	104
3128	90
3129	98
3130	74
3131	92
3132	128
3133	98
3134	104
3135	98
3136	124
3137	102
3138	90
3139	114
3140	114
3141	98
3142	88
3143	96
3144	92
3145	108
3146	118
3147	122
3148	98
3149	82
3150	102
3151	118
3152	72
3153	88
3154	82
3155	82
3156	98
3157	96
3158	102
3159	94
3160	92
3161	94
3162	98
3163	98
3164	92
3165	86
3166	82
3167	112
3168	86
3169	80
3170	86
3171	80
3172	94
3173	112
3174	94
3175	86
3176	94
3177	84
3178	108
3179	88
3180	100
3181	100
3182	74
3183	78
3184	112
3185	92
3186	78
3187	78
3188	84
3189	110
3190	92
3191	82
3192	84
3193	92
3194	102
3195	82
3196	84
3197	68
3198	76
3199	96
3200	68
3201	86
3202	102
3203	90
3204	100
3205	86
3206	88
3207	64
3208	96
3209	68
3210	94
3211	100
3212	86
3213	62
3214	88
3215	92
3216	82
3217	70
3218	106
3219	84
3220	70
3221	74
3222	84
3223	84
3224	92
3225	56
3226	86
3227	62
3228	108
3229	72
3230	82
3231	78
3232	100
3233	82
3234	94
3235	104
3236	86
3237	80
3238	70
3239	82
3240	84
3241	74
3242	76
3243	66
3244	98
3245	52
3246	72
3247	90
3248	86
3249	66
3250	74
3251	88
3252	74
3253	78
3254	88
3255	52
3256	64
3257	60
3258	90
3259	68
3260	90
3261	86
3262	70
3263	78
3264	68
3265	80
3266	64
3267	84
3268	90
3269	78
3270	86
3271	76
3272	68
3273	68
3274	72
3275	66
3276	66
3277	98
3278	66
3279	104
3280	102
3281	58
3282	70
3283	52
3284	72
3285	44
3286	94
3287	74
3288	78
3289	50
3290	64
3291	56
3292	88
3293	62
3294	80
3295	70
3296	74
3297	70
3298	68
3299	72
3300	96
3301	66
3302	70
3303	76
3304	54
3305	68
3306	54
3307	62
3308	48
3309	74
3310	58
3311	76
3312	70
3313	78
3314	68
3315	78
3316	64
3317	70
3318	62
3319	70
3320	74
3321	74
3322	72
3323	64
3324	62
3325	52
3326	58
3327	66
3328	54
3329	74
3330	72
3331	38
3332	82
3333	52
3334	68
3335	68
3336	92
3337	70
3338	66
3339	76
3340	76
3341	60
3342	64
3343	50
3344	70
3345	64
3346	80
3347	44
3348	62
3349	62
3350	62
3351	42
3352	56
3353	56
3354	58
3355	52
3356	48
3357	74
3358	66
3359	68
3360	56
3361	62
3362	68
3363	56
3364	78
3365	54
3366	60
3367	66
3368	54
3369	60
3370	66
3371	60
3372	72
3373	68
3374	70
3375	54
3376	46
3377	52
3378	54
3379	64
3380	58
3381	64
3382	40
3383	64
3384	82
3385	40
3386	50
3387	56
3388	50
3389	50
3390	50
3391	44
3392	62
3393	64
3394	44
3395	36
3396	58
3397	36
3398	56
3399	46
3400	46
3401	86
3402	54
3403	46
3404	78
3405	58
3406	66
3407	50
3408	52
3409	54
3410	48
3411	46
3412	42
3413	56
3414	62
3415	60
3416	50
3417	52
3418	52
3419	64
3420	40
3421	66
3422	66
3423	46
3424	58
3425	62
3426	46
3427	38
3428	52
3429	48
3430	48
3431	56
3432	64
3433	34
3434	48
3435	34
3436	52
3437	36
3438	52
3439	48
3440	40
3441	40
3442	36
3443	44
3444	42
3445	54
3446	40
3447	52
3448	32
3449	48
3450	62
3451	60
3452	56
3453	44
3454	60
3455	44
3456	38
3457	50
3458	40
3459	48
3460	40
3461	50
3462	56
3463	38
3464	48
3465	40
3466	34
3467	42
3468	52
3469	54
3470	48
3471	48
3472	40
3473	60
3474	34
3475	52
3476	48
3477	40
3478	52
3479	48
3480	48
3481	48
3482	64
3483	36
3484	42
3485	42
3486	38
3487	54
3488	36
3489	32
3490	46
3491	48
3492	40
3493	42
3494	36
3495	38
3496	42
3497	46
3498	64
3499	54
3500	28
3501	40
3502	30
3503	62
3504	42
3505	68
3506	26
3507	42
3508	40
3509	50
3510	56
3511	16
3512	42
3513	26
3514	50
3515	48
3516	38
3517	52
3518	40
3519	40
3520	46
3521	46
3522	54
3523	32
3524	38
3525	34
3526	38
3527	38
3528	36
3529	42
3530	36
3531	34
3532	44
3533	32
3534	36
3535	24
3536	46
3537	40
3538	50
3539	40
3540	42
3541	48
3542	30
3543	32
3544	42
3545	48
3546	28
3547	28
3548	48
3549	34
3550	42
3551	40
3552	28
3553	42
3554	38
3555	34
3556	36
3557	28
3558	36
3559	36
3560	36
3561	40
3562	44
3563	56
3564	28
3565	48
3566	38
3567	30
3568	36
3569	34
3570	20
3571	32
3572	32
3573	24
3574	32
3575	40
3576	48
3577	34
3578	26
3579	56
3580	34
3581	44
3582	40
3583	26
3584	48
3585	20
3586	30
3587	38
3588	34
3589	28
3590	42
3591	38
3592	24
3593	44
3594	34
3595	30
3596	34
3597	34
3598	34
3599	28
3600	30
3601	20
3602	30
3603	30
3604	34
3605	28
3606	22
3607	30
3608	20
3609	30
3610	30
3611	38
3612	34
3613	20
3614	30
3615	34
3616	32
3617	42
3618	28
3619	30
3620	18
3621	30
3622	28
3623	26
3624	30
3625	20
3626	26
3627	28
3628	22
3629	30
3630	16
3631	26
3632	24
3633	28
3634	34
3635	34
3636	28
3637	50
3638	26
3639	28
3640	42
3641	28
3642	14
3643	30
3644	20
3645	28
3646	24
3647	18
3648	18
3649	12
3650	26
3651	22
3652	16
3653	34
3654	10
3655	28
3656	20
3657	22
3658	24
3659	26
3660	20
3661	22
3662	28
3663	22
3664	18
3665	28
3666	30
3667	30
3668	28
3669	32
3670	44
3671	24
3672	14
3673	26
3674	30
3675	22
3676	26
3677	30
3678	24
3679	22
3680	24
3681	36
3682	12
3683	24
3684	18
3685	24
3686	44
3687	40
3688	28
3689	16
3690	16
3691	20
3692	30
3693	22
3694	36
3695	32
3696	18
3697	28
3698	12
3699	16
3700	20
3701	20
3702	32
3703	30
3704	38
3705	24
3706	30
3707	34
3708	28
3709	24
3710	18
3711	30
3712	22
3713	30
3714	24
3715	24
3716	28
3717	20
3718	26
3719	34
3720	22
3721	20
3722	24
3723	24
3724	26
3725	26
3726	8
3727	24
3728	24
3729	20
3730	24
3731	16
3732	28
3733	28
3734	32
3735	16
3736	26
3737	22
3738	30
3739	16
3740	16
3741	18
3742	16
3743	16
3744	12
3745	12
3746	14
3747	26
3748	6
3749	26
3750	22
3751	22
3752	20
3753	18
3754	18
3755	28
3756	24
3757	16
3758	28
3759	14
3760	18
3761	18
3762	18
3763	20
3764	6
3765	20
3766	16
3767	18
3768	12
3769	6
3770	16
3771	24
3772	6
3773	18
3774	18
3775	28
3776	18
3777	8
3778	28
3779	18
3780	24
3781	8
3782	6
3783	14
3784	24
3785	8
3786	14
3787	18
3788	16
3789	28
3790	22
3791	12
3792	18
3793	14
3794	16
3795	14
3796	10
3797	20
3798	12
3799	16
3800	28
3801	14
3802	22
3803	10
3804	20
3805	22
3806	24
3807	12
3808	20
3809	16
3810	18
3811	14
3812	2
3813	18
3814	26
3815	12
3816	10
3817	18
3818	22
3819	14
3820	16
3821	10
3822	16
3823	22
3824	16
3825	18
3826	24
3827	16
3828	20
3829	14
3830	22
3831	6
3832	20
3833	12
3834	14
3835	16
3836	14
3837	8
3838	16
3839	10
3840	20
3841	16
3842	4
3843	18
3844	8
3845	14
3846	14
3847	14
3848	18
3849	18
3850	18
3851	18
3852	20
3853	14
3854	10
3855	16
3857	12
3858	22
3859	14
3860	8
3861	8
3862	10
3863	12
3864	14
3865	10
3866	18
3867	12
3868	12
3869	6
3870	12
3871	18
3872	14
3873	12
3874	12
3875	8
3876	6
3877	8
3878	12
3879	4
3880	8
3881	12
3882	16
3883	4
3884	8
3885	14
3886	18
3887	8
3888	20
3889	12
3890	12
3891	14
3892	22
3893	12
3894	14
3895	6
3896	20
3897	8
3898	10
3899	6
3900	10
3901	8
3902	24
3903	14
3904	4
3905	6
3906	6
3907	6
3908	12
3909	12
3910	10
3911	16
3912	20
3913	16
3914	16
3915	12
3916	8
3917	12
3918	18
3919	10
3920	10
3921	20
3922	8
3923	16
3924	12
3925	18
3926	10
3927	16
3928	8
3929	12
3930	12
3931	12
3932	16
3933	8
3934	12
3935	8
3936	8
3937	24
3938	16
3939	2
3940	12
3941	26
3942	6
3943	16
3944	12
3945	12
3946	20
3947	12
3948	16
3949	12
3950	14
3951	6
3952	4
3953	16
3954	10
3955	8
3956	6
3957	2
3958	16
3959	14
3960	2
3961	16
3962	6
3963	8
3964	8
3965	4
3966	18
3967	12
3969	8
3970	2
3971	2
3972	14
3973	8
3974	10
3975	14
3976	8
3977	6
3978	8
3979	10
3980	8
3981	10
3982	10
3983	12
3984	14
3985	6
3986	12
3987	12
3989	18
3990	8
3991	2
3992	8
3993	4
3994	10
3995	6
3996	6
3997	6
3998	4
3999	6
4000	4
4001	14
4002	14
4003	6
4004	12
4005	8
4006	6
4007	12
4008	8
4009	4
4010	8
4011	8
4012	12
4014	6
4015	10
4016	10
4017	6
4018	4
4019	10
4020	2
4021	10
4022	12
4023	6
4024	4
4025	6
4026	8
4027	10
4028	14
4029	12
4030	8
4031	14
4032	6
4033	16
4034	6
4035	14
4036	2
4037	8
4038	4
4039	4
4040	2
4041	10
4042	6
4043	8
4044	4
4045	12
4046	4
4047	6
4048	6
4049	6
4050	14
4051	12
4052	10
4053	10
4054	8
4055	12
4056	2
4057	10
4058	10
4059	6
4060	8
4061	4
4062	10
4063	4
4064	10
4065	6
4066	4
4067	12
4068	10
4069	6
4070	6
4071	2
4072	6
4073	10
4074	4
4075	4
4076	10
4077	4
4078	4
4079	2
4081	8
4082	4
4083	6
4084	8
4085	4
4086	4
4087	4
4088	2
4089	2
4091	12
4092	4
4093	8
4094	14
4095	10
4096	10
4097	4
4098	8
4099	6
4100	2
4101	6
4102	2
4103	2
4104	4
4105	2
4106	10
4107	4
4108	6
4109	4
4110	8
4111	6
4112	2
4113	8
4114	10
4115	10
4116	10
4117	4
4118	12
4119	8
4120	10
4121	16
4122	6
4123	4
4124	8
4125	6
4126	8
4127	6
4128	2
4129	4
4130	8
4131	10
4132	8
4134	8
4135	14
4136	10
4137	10
4138	2
4139	2
4140	12
4141	2
4142	10
4143	4
4144	6
4145	4
4146	6
4147	18
4148	4
4149	4
4150	6
4151	10
4152	8
4153	4
4154	12
4155	4
4156	12
4157	10
4158	2
4159	6
4160	12
4161	4
4162	2
4163	2
4164	4
4165	2
4166	2
4167	14
4168	8
4169	2
4170	6
4171	2
4172	6
4173	4
4174	4
4175	4
4177	2
4178	4
4179	4
4180	2
4181	4
4182	4
4184	6
4185	8
4186	4
4187	2
4188	2
4189	8
4190	6
4191	4
4192	6
4193	2
4195	6
4196	10
4197	4
4198	2
4199	2
4200	4
4201	2
4202	6
4203	10
4204	6
4205	2
4206	4
4207	2
4208	6
4209	4
4210	10
4211	2
4212	6
4213	6
4214	8
4215	6
4216	4
4217	2
4220	6
4221	10
4222	2
4223	2
4224	6
4225	4
4226	12
4227	2
4228	4
4229	2
4230	14
4232	14
4233	2
4234	8
4235	8
4236	4
4237	4
4238	6
4239	6
4240	4
4241	2
4242	4
4243	6
4244	4
4245	2
4246	8
4247	6
4248	2
4249	6
4250	4
4252	10
4253	2
4254	4
4255	8
4256	10
4257	8
4258	2
4259	4
4260	2
4261	2
4262	4
4263	6
4264	4
4265	4
4266	6
4267	4
4268	2
4270	6
4271	2
4272	6
4273	10
4274	8
4276	2
4277	2
4281	2
4282	2
4283	8
4286	2
4287	4
4288	2
4289	2
4292	4
4293	4
4294	10
4296	4
4297	6
4298	4
4300	2
4302	2
4303	4
4304	2
4305	4
4306	2
4308	2
4309	6
4310	8
4311	2
4312	6
4313	10
4314	4
4315	2
4316	2
4318	4
4319	6
4320	4
4321	2
4323	4
4324	8
4326	4
4327	10
4328	8
4329	2
4330	6
4331	2
4334	6
4335	4
4336	6
4337	2
4338	2
4340	2
4341	4
4342	8
4343	8
4344	2
4345	4
4346	6
4347	6
4349	4
4350	8
4351	6
4352	4
4353	2
4354	2
4355	2
4356	4
4357	8
4358	4
4359	4
4362	6
4363	2
4364	2
4365	12
4366	2
4368	8
4369	16
4370	2
4371	6
4372	4
4373	2
4374	6
4375	6
4377	2
4379	2
4380	4
4381	2
4382	2
4383	4
4384	2
4388	8
4389	2
4391	2
4392	2
4395	4
4396	2
4400	6
4402	6
4403	2
4406	2
4408	2
4410	4
4412	2
4415	4
4416	2
4417	6
4418	2
4420	4
4421	4
4422	2
4423	4
4424	4
4426	4
4427	6
4428	6
4431	6
4432	4
4433	2
4434	4
4435	2
4436	2
4437	4
4440	2
4441	4
4442	4
4444	4
4445	2
4446	6
4447	6
4448	2
4449	2
4450	2
4451	6
4452	2
4453	4
4456	8
4457	2
4458	2
4459	4
4460	2
4461	2
4462	4
4463	2
4467	2
4468	4
4470	2
4471	4
4472	4
4474	2
4475	4
4478	2
4479	4
4480	2
4482	4
4483	4
4484	2
4485	2
4486	4
4488	2
4489	2
4490	4
4492	4
4494	2
4497	2
4500	2
4501	2
4502	2
4503	2
4504	2
4506	4
4507	6
4508	2
4511	4
4512	2
4515	4
4517	2
4519	2
4520	4
4524	2
4525	4
4526	2
4529	2
4532	4
4533	2
4537	2
4538	6
4544	2
4545	2
4547	2
4548	2
4550	2
4551	2
4553	8
4554	2
4556	2
4557	2
4558	2
4559	2
4560	4
4561	2
4562	2
4565	2
4566	4
4568	2
4569	2
4570	2
4571	8
4575	4
4576	1120
4581	2
4582	4
4583	2
4585	6
4589	2
4591	2
4595	1114
4597	4
4598	4
4601	2
4602	2
4604	4
4607	2
4608	2
4614	2
4616	2
4617	2
4619	2
4620	2
4621	2
4622	2
4623	4
4635	2
4636	2
4637	2
4644	4
4649	2
4657	2
4660	4
4665	2
4667	2
4669	4
4670	2
4674	2
4677	2
4678	2
4680	2
4682	2
4683	2
4685	4
4687	2
4689	6
4692	4
4695	2
4700	2
4702	4
4704	2
4707	2
4712	2
4713	2
4714	2
4731	2
4733	2
4736	2
4739	2
4754	2
4763	2
4766	2
4769	1116
4772	2
4779	2
4782	2
4786	1116
4788	4
4792	2
4793	2
4795	2
4796	2
4802	2
4805	2
4821	2
4836	2
4861	2
4864	2
4876	4
4880	2
4884	2
4890	4
4892	2
4898	2
4899	2
4918	2
4920	2
4925	2
4935	2
4947	2
4948	1114
4968	2
4973	2
4976	1114
4984	2
4985	2
4987	2
4988	2
4999	1114
5000	2
5002	2
5004	1114
5010	1114
5022	1114
5029	1114
5073	2
5083	1114
5088	2
5100	2
5105	1114
5115	2
5117	1114
5125	1114
5129	2
5142	1114
5144	2
5196	1114
5205	1114
5209	1114
5212	1114
5216	1114
5218	1114
5250	1114
5253	1114
5261	1114
5266	1114
5332	2228
5334	1114
5338	1114
5345	1114
5354	1114
5357	1114
5384	1114
5395	1114
5411	1114
5419	1114
5458	1114
5461	1114
5473	1114
5474	1114
5486	1114
5490	1114
5511	1114
5536	1114
5537	1114
5588	1114
5592	1114
5593	1114
5606	1114
5613	1114
5628	1114
5631	1114
5644	1114
5662	1114
5670	1114
5678	1114
5694	1114
5695	1114
5697	1114
5703	1114
5728	1114
5729	1114
5730	1114
5732	1114
5735	1114
5736	1114
5745	1114
5747	1114
5759	1114
5764	1114
5765	1114
5766	1114
5767	1114
5779	1114
5780	1114
5781	3342
5788	1114
5790	1114
5805	1114
5815	1114
5825	3342
5827	1114
5829	1114
5833	1114
5834	1114
5837	1114
5839	1114
5840	1114
5842	1114
5848	2228
5851	1114
5852	1114
5856	1114
5860	1114
5861	1114
5864	1114
5869	1114
5879	1114
5882	1114
5889	1114
5894	1114
5895	1114
5896	1114
5898	1114
5899	1114
5904	1114
5905	1114
5920	2228
5921	1114
5926	1114
5927	1114
5930	1114
5931	1114
5932	1114
5934	1114
5935	1114
5937	1114
5939	1114
5941	1114
5943	1114
5945	1114
5947	1114
5948	1114
5949	1114
5950	1114
5953	1114
5954	2228
5956	1114
5958	1114
5960	1114
5965	1114
5966	1114
5970	1114
5973	2228
5974	1114
5976	1114
5979	2228
5981	1114
5982	2228
5983	2228
5985	1114
5988	1114
5989	1114
5991	1114
5992	1114
5993	1114
5994	1114
5996	2228
5998	2228
5999	2228
6002	1114
6003	2228
6005	1114
6008	2228
6009	1114
6011	2228
6012	1114
6014	1114
6017	1114
6018	1114
6019	2228
6022	3342
6026	1114
6027	2228
6029	1114
6032	1114
6034	1114
6035	1114
6037	1114
6038	1114
6040	2228
6041	1114
6042	1114
6043	3342
6044	1114
6048	1114
6050	1114
6051	1114
6059	1114
6061	1114
6062	1114
6064	2228
6066	1114
6073	1114
6076	1114
6077	1114
6084	1114
6085	2228
6086	1114
6091	4456
6092	3342
6094	1114
6095	1114
6097	1114
6098	1114
6099	2228
6101	1114
6102	1114
6103	2228
6111	1114
6112	2228
6113	1114
6115	1114
6116	1114
6118	1114
6123	2228
6125	1114
6126	1114
6127	1114
6129	1114
6132	3342
6135	2228
6137	1114
6138	2228
6139	1114
6140	1114
6141	2228
6143	3342
6145	1114
6147	2228
6149	1114
6150	1114
6152	2228
6153	1114
6157	1114
6158	1114
6162	2228
6164	1114
6165	2228
6168	2228
6169	1114
6170	1114
6171	2228
6172	1114
6173	1114
6174	1114
6175	2228
6176	1114
6179	2228
6180	3342
6181	3342
6183	3342
6184	1114
6187	1114
6190	1114
6193	1114
6195	2228
6197	1114
6200	1114
6201	1114
6205	2228
6213	1114
6214	2228
6216	1114
6217	1114
6218	1114
6219	2228
6220	1114
6224	2228
6226	1114
6228	3342
6230	1114
6232	1114
6233	1114
6234	1114
6235	1114
6237	1114
6238	3342
6239	2228
6241	1114
6244	1114
6251	3342
6253	3342
6255	1114
6259	1114
6263	3342
6264	1114
6267	1114
6268	2228
6270	2228
6272	1114
6277	1114
6281	2228
6285	1114
6286	2228
6290	2228
6292	2228
6296	1114
6297	2228
6302	1114
6304	1114
6312	1114
6313	1114
6314	1114
6315	1114
6316	1114
6317	1114
6320	1114
6321	2228
6325	1114
6326	1114
6327	1114
6328	1114
6329	1114
6334	1114
6335	1114
6336	1114
6337	1114
6338	3342
6341	1114
6344	1114
6346	1114
6347	2228
6348	1114
6351	2228
6352	1114
6354	2228
6365	1114
6367	2228
6370	2228
6371	1114
6373	1114
6377	2228
6378	1114
6379	1114
6380	1114
6381	1114
6385	1114
6387	1114
6393	2228
6394	1114
6395	1114
6398	3342
6400	1114
6402	1114
6404	1114
6406	2228
6407	2228
6408	1114
6409	1114
6413	1114
6415	1114
6416	1114
6417	1114
6419	2228
6421	1114
6423	1114
6425	1114
6429	1114
6430	2228
6431	1114
6432	4456
6435	1114
6437	1114
6438	1114
6440	2228
6441	1114
6442	2228
6445	1114
6447	2228
6451	2228
6452	2228
6453	2228
6455	2228
6457	1114
6458	1114
6460	1114
6465	1114
6466	2228
6467	2228
6468	2228
6469	1114
6471	1114
6473	1114
6475	3342
6476	2228
6477	2228
6478	1114
6479	1114
6480	1114
6482	2228
6483	2228
6485	1114
6487	2228
6489	2228
6490	1114
6491	1114
6492	2228
6495	1114
6496	1114
6497	1114
6501	1114
6505	1114
6513	1114
6515	1114
6518	2228
6519	1114
6521	1114
6523	1114
6525	1114
6526	1114
6531	1114
6534	2228
6535	1114
6536	1114
6537	1114
6539	1114
6540	4456
6541	1114
6542	2228
6547	1114
6548	2228
6552	1114
6553	2228
6556	2228
6558	1114
6561	4456
6562	1114
6563	1114
6573	2228
6574	2228
6575	2228
6580	1114
6583	1114
6585	1114
6587	1114
6588	1114
6589	2228
6591	1114
6592	2228
6594	1114
6595	1114
6598	1114
6601	1114
6607	2228
6608	1114
6610	2228
6611	2228
6613	1114
6615	3342
6617	1114
6618	2228
6619	1114
6621	3342
6622	1114
6623	1114
6624	2228
6627	2228
6628	1114
6629	2228
6630	3342
6631	1114
6636	1114
6638	1114
6639	2228
6641	1114
6645	1114
6646	3342
6647	3342
6652	1114
6653	1114
6654	2228
6655	1114
6656	2228
6657	2228
6658	1114
6660	1114
6661	1114
6662	2228
6663	1114
6664	2228
6671	1114
6674	1114
6675	1114
6679	1114
6680	2228
6682	1114
6683	1114
6684	2228
6686	1114
6688	2228
6689	2228
6697	2228
6698	1114
6699	1114
6700	1114
6703	3342
6705	1114
6706	1114
6711	1114
6714	1114
6715	2228
6717	1114
6719	1114
6720	1114
6721	1114
6722	1114
6723	1114
6724	1114
6726	1114
6727	1114
6734	1114
6739	2228
6740	1114
6742	1114
6743	1114
6744	1114
6745	1114
6746	1114
6747	1114
6750	1114
6752	1114
6753	2228
6756	1114
6757	1114
6758	3342
6759	1114
6760	1114
6764	1114
6765	1114
6766	2228
6767	2228
6785	1114
6786	1114
6788	1114
6789	1114
6792	3342
6794	1114
6797	1114
6798	1114
6800	3342
6801	3342
6803	1114
6810	1114
6812	1114
6815	4456
6817	1114
6819	1114
6821	3342
6823	2228
6824	2228
6825	1114
6830	1114
6832	1114
6833	1114
6834	1114
6835	2228
6840	1114
6841	1114
6843	1114
6844	1114
6846	1114
6847	1114
6848	1114
6851	1114
6855	1114
6857	1114
6858	1114
6859	1114
6860	2228
6863	3342
6865	1114
6866	4456
6867	1114
6868	1114
6871	2228
6872	1114
6873	1114
6874	1114
6875	2228
6876	1114
6877	2228
6879	1114
6881	2228
6882	1114
6885	1114
6890	1114
6891	1114
6892	2228
6893	1114
6900	2228
6902	1114
6903	1114
6904	1114
6905	1114
6907	1114
6910	3342
6913	1114
6916	1114
6917	1114
6919	1114
6921	1114
6923	1114
6925	1114
6926	1114
6928	2228
6929	1114
6931	1114
6932	1114
6933	1114
6934	1114
6939	1114
6941	1114
6945	1114
6947	1114
6948	1114
6949	2228
6953	2228
6954	2228
6956	1114
6957	2228
6958	2228
6960	1114
6961	3342
6963	1114
6965	1114
6966	1114
6967	1114
6969	2228
6970	1114
6971	1114
6972	3342
6978	1114
6981	1114
6983	1114
6984	1114
6985	1114
6988	1114
6989	1114
6991	2228
6992	1114
6993	1114
6994	2228
6997	1114
6998	1114
7000	1114
7001	2228
7002	1114
7003	2228
7007	1114
7011	1114
7012	1114
7014	1114
7023	1114
7024	1114
7025	2228
7026	1114
7027	1114
7028	1114
7030	1114
7032	2228
7036	1114
7037	1114
7039	1114
7040	1114
7049	1114
7050	2228
7051	1114
7052	1114
7053	1114
7059	1114
7060	1114
7062	2228
7068	1114
7072	2228
7074	1114
7075	1114
7079	2228
7080	1114
7081	3342
7087	1114
7088	1114
7092	1114
7096	1114
7097	1114
7098	1114
7099	1114
7100	3342
7102	1114
7103	2228
7104	3342
7105	1114
7107	1114
7109	2228
7111	1114
7113	3342
7115	2228
7116	2228
7117	1114
7118	1114
7122	1114
7125	3342
7126	1114
7127	1114
7129	1114
7131	2228
7134	3342
7135	1114
7137	1114
7138	1114
7139	1114
7143	1114
7147	2228
7153	2228
7154	1114
7163	1114
7166	1114
7167	1114
7168	1114
7172	1114
7173	1114
7174	1114
7175	1114
7176	1114
7179	1114
7186	1114
7187	1114
7189	2228
7191	1114
7194	2228
7196	1114
7197	1114
7199	1114
7202	1114
7204	2228
7205	1114
7206	1114
7207	1114
7212	2228
7215	1114
7217	1114
7218	1114
7219	1114
7224	1114
7231	1114
7233	2228
7243	1114
7246	1114
7252	1114
7253	2228
7260	1114
7262	1114
7263	2228
7264	1114
7265	1114
7266	1114
7268	2228
7271	1114
7274	1114
7275	2228
7276	2228
7277	1114
7278	2228
7282	1114
7285	1114
7286	2228
7289	1114
7292	1114
7296	2228
7297	1114
7298	2228
7299	1114
7301	1114
7302	2228
7303	1114
7304	1114
7305	2228
7312	1114
7316	1114
7322	2228
7323	2228
7325	1114
7329	1114
7330	1114
7332	1114
7334	2228
7335	1114
7336	1114
7337	1114
7338	1114
7344	1114
7345	2228
7346	4456
7347	1114
7348	1114
7349	1114
7352	1114
7358	1114
7359	1114
7360	1114
7361	1114
7363	1114
7369	1114
7370	1114
7374	1114
7377	1114
7378	1114
7380	1114
7384	1114
7386	1114
7390	1114
7392	1114
7394	1114
7395	1114
7398	1114
7399	2228
7404	2228
7405	1114
7414	1114
7420	1114
7428	1114
7430	1114
7432	1114
7433	1114
7438	2228
7439	1114
7442	1114
7445	1114
7446	1114
7450	1114
7451	1114
7453	1114
7454	1114
7459	2228
7462	1114
7463	1114
7464	1114
7466	1114
7468	1114
7472	1114
7474	1114
7478	2228
7481	1114
7485	4456
7486	1114
7494	1114
7496	1114
7497	1114
7498	1114
7499	1114
7500	3342
7501	1114
7502	2228
7507	1114
7510	1114
7511	1114
7513	1114
7515	2228
7516	1114
7517	1114
7521	1114
7522	1114
7524	2228
7525	1114
7527	1114
7529	2228
7531	2228
7534	1114
7536	1114
7537	2228
7544	1114
7546	1114
7548	3342
7549	2228
7551	1114
7553	1114
7555	1114
7556	3342
7559	1114
7564	2228
7567	2228
7569	1114
7570	1114
7573	1114
7574	1114
7581	1114
7583	3342
7584	2228
7585	1114
7587	1114
7590	2228
7596	1114
7598	1114
7599	1114
7600	2228
7606	1114
7609	1114
7610	2228
7612	1114
7613	1114
7615	2228
7616	2228
7620	2228
7623	2228
7625	1114
7630	1114
7631	1114
7632	2228
7633	1114
7637	1114
7639	1114
7640	2228
7643	2228
7650	1114
7652	1114
7653	2228
7655	1114
7656	2228
7659	1114
7660	1114
7661	1114
7663	1114
7664	1114
7666	2228
7667	2228
7671	4456
7672	2228
7674	1114
7675	1114
7676	1114
7677	1114
7680	1114
7684	1114
7685	3342
7691	1114
7692	1114
7693	2228
7694	1114
7698	1114
7699	1114
7704	1114
7705	1114
7706	1114
7708	1114
7709	1114
7711	1114
7713	1114
7714	4456
7717	1114
7718	2228
7720	1114
7722	2228
7726	1114
7727	1114
7730	2228
7732	1114
7733	2228
7735	3342
7736	1114
7738	2228
7745	1114
7748	1114
7749	1114
7751	1114
7752	1114
7753	1114
7757	1114
7759	1114
7761	1114
7762	1114
7763	1114
7764	2228
7767	1114
7768	1114
7770	1114
7773	1114
7774	1114
7776	2228
7777	1114
7778	1114
7783	1114
7785	2228
7786	1114
7787	2228
7788	1114
7789	1114
7791	1114
7792	1114
7793	1114
7796	1114
7798	1114
7799	1114
7801	2228
7806	2228
7807	3342
7809	1114
7811	1114
7813	1114
7815	1114
7816	2228
7817	1114
7818	1114
7819	1114
7820	2228
7821	2228
7822	1114
7823	4456
7826	1114
7828	1114
7830	1114
7833	1114
7834	1114
7835	1114
7836	1114
7837	1114
7842	2228
7843	1114
7844	1114
7845	1114
7847	1114
7849	2228
7851	1114
7852	1114
7854	1114
7855	2228
7857	1114
7860	1114
7861	1114
7862	2228
7866	1114
7869	1114
7872	1114
7873	1114
7874	1114
7879	1114
7881	1114
7883	2228
7884	1114
7887	1114
7888	2228
7889	1114
7890	1114
7893	1114
7894	4456
7895	2228
7896	1114
7897	1114
7898	1114
7899	1114
7900	2228
7902	3342
7903	3342
7904	2228
7906	1114
7907	1114
7908	1114
7909	2228
7910	1114
7911	1114
7913	1114
7914	1114
7915	1114
7916	1114
7921	1114
7923	1114
7924	2228
7926	1114
7928	1114
7930	2228
7932	1114
7934	2228
7935	1114
7940	1114
7943	3342
7944	1114
7947	3342
7949	1114
7950	1114
7951	1114
7953	1114
7955	1114
7957	1114
7959	1114
7960	2228
7963	1114
7966	1114
7968	3342
7969	1114
7970	1114
7971	2228
7975	1114
7976	2228
7978	2228
7980	1114
7981	1114
7982	2228
7984	1114
7991	2228
7992	1114
7993	1114
7994	1114
7995	2228
7997	1114
8000	1114
8003	2228
8004	1114
8007	1114
8009	1114
8010	2228
8011	1114
8015	2228
8016	1114
8019	1114
8023	1114
8024	2228
8026	1114
8030	1114
8031	1114
8032	1114
8035	1114
8037	2228
8038	1114
8043	2228
8045	2228
8050	1114
8052	1114
8053	1114
8058	1114
8061	1114
8062	1114
8063	1114
8065	1114
8072	1114
8074	2228
8075	1114
8077	1114
8080	2228
8088	1114
8089	1114
8099	2228
8103	1114
8105	2228
8111	2228
8112	1114
8115	1114
8116	1114
8119	1114
8120	1114
8125	3342
8127	1114
8131	1114
8133	2228
8135	1114
8136	1114
8137	1114
8140	1114
8143	1114
8145	1114
8149	1114
8150	1114
8158	2228
8161	1114
8162	1114
8165	1114
8170	1114
8173	1114
8178	1114
8179	1114
8181	1114
8182	1114
8183	1114
8188	1114
8194	1114
8202	1114
8203	1114
8205	1114
8209	1114
8210	1114
8219	1114
8221	1114
8223	2228
8233	2228
8234	1114
8235	1114
8238	1114
8242	1114
8246	1114
8249	1114
8250	2228
8255	1114
8256	1114
8257	1114
8258	1114
8259	2228
8262	1114
8264	2228
8266	1114
8268	1114
8272	1114
8273	2228
8275	1114
8279	1114
8281	1114
8285	1114
8289	1114
8290	1114
8293	1114
8294	1114
8295	2228
8303	2228
8304	1114
8305	2228
8312	1114
8313	1114
8314	1114
8315	1114
8318	1114
8325	1114
8328	2228
8330	1114
8331	1114
8332	1114
8334	1114
8336	1114
8340	1114
8344	1114
8345	1114
8353	1114
8362	1114
8369	1114
8370	2228
8374	1114
8375	1114
8380	1114
8382	1114
8383	1114
8385	1114
8386	1114
8387	1114
8391	1114
8396	2228
8399	1114
8401	2228
8402	1114
8414	1114
8415	1114
8419	1114
8447	1114
8448	1114
8451	1114
8452	1114
8459	1114
8460	1114
8461	1114
8469	2228
8471	1114
8474	1114
8476	1114
8486	1114
8487	1114
8494	1114
8497	1114
8502	1114
8507	1114
8509	1114
8511	1114
8513	1114
8518	1114
8524	1114
8526	1114
8527	1114
8528	1114
8535	1114
8538	1114
8541	3342
8551	1114
8556	1114
8561	1114
8562	1114
8569	1114
8570	1114
8574	2228
8582	1114
8605	1114
8607	1114
8610	1114
8613	1114
8614	2228
8617	2228
8621	1114
8624	1114
8632	1114
8646	1114
8662	1114
8664	1114
8670	1114
8675	1114
8689	1114
8691	2228
8692	1114
8696	1114
8698	1114
8702	1114
8703	1114
8704	1114
8705	1114
8706	1114
8709	2228
8720	1114
8729	1114
8749	1114
8751	1114
8762	1114
8779	1114
8782	1114
8791	1114
8803	1114
8808	1114
8812	1114
8822	1114
8826	1114
8832	2228
8833	1114
8850	1114
8855	1114
8879	1114
8882	2228
8887	1114
8889	1114
8894	1114
8897	1114
8899	1114
8911	1114
8917	1114
8921	2228
8926	2228
8930	1114
8940	1114
8949	1114
8971	1114
8990	1114
8993	1114
8998	1114
9003	1114
9004	1114
9018	1114
9027	2228
9039	1114
9048	1114
9059	1114
9088	1114
9091	1114
9109	1114
9120	1114
9139	1114
9143	1114
9146	1114
9151	1114
9159	1114
9174	1114
9181	1114
9183	1114
9197	1114
9247	1114
9250	1114
9257	1114
9271	1114
9310	1114
9330	1114
9353	1114
9357	1114
9398	1114
9442	1114
9447	1114
9448	1114
9459	1114
9490	1114
9544	1114
9551	1114
9552	1114
9566	1114
9639	1114
9676	1114
9705	1114
