Memoria usada por k2ts para NASA
11
9
Método usado
Memoria [MB]
bitcompress
bitcompress sin fijas
K2tseries 100
K2tseries 50
K2tseries 25
K2tseries 12
K2tseries 8
K2tseries 4
tk2-raster
262.90
255.14
221.28
252.15
256.74
251.20
244.05
234.75
147.98
APCP
376.26
368.53
369.84
391.92
396.28
387.43
374.46
358.79
311.53
CAPE
199.26
190.55
171.04
190.50
196.20
193.57
190.09
186.72
51.94
CONVfrac
376.09
368.36
333.83
361.14
367.78
360.17
350.69
338.61
483.61
DLWRF
429.29
421.55
373.89
405.93
412.62
406.25
396.08
384.29
291.15
DSWRF
178.24
170.50
165.23
165.33
158.01
146.53
136.96
124.75
68.86
PEVAP
418.53
410.80
435.32
460.11
464.62
457.82
447.20
438.00
717.81
PRES
42.42
16.64
41.75
41.89
42.38
42.09
41.30
40.94
16.44
SPFH
257.75
250.02
274.42
283.60
281.19
269.30
258.11
244.38
409.87
TMP
247.55
239.82
262.73
276.55
272.54
258.67
246.69
232.49
379.97
UGRD
249.08
241.34
262.11
273.57
269.32
256.04
245.12
233.10
380.28
VGRD
