EEG	Lag_1	Lag_2	Lag_5	Lag_10	IAET
610	0.9590	0.8670	0.7040	0.6670	0.1020
593	0.9720	0.9190	0.8740	0.8460	0.0070
531	0.9900	0.9680	0.9150	0.8520	0.0050
603	0.9820	0.9450	0.8450	0.6440	0.0120
590	0.9810	0.9430	0.8840	0.8190	0.0050
568	0.9890	0.9620	0.8850	0.7250	0.0390
626	0.9810	0.9420	0.8700	0.7640	0.1420
620	0.9910	0.9710	0.9250	0.8440	0.0300
592	0.9980	0.9950	0.9900	0.9830	0.0140
601	0.9910	0.9710	0.9040	0.7560	0.0090
556	0.9720	0.9130	0.8070	0.6530	0.0150
530	0.9930	0.9780	0.9490	0.8900	0.0450
598	0.9900	0.9670	0.9110	0.8120	0.1250
625	0.9890	0.9670	0.9190	0.8440	0.5300
543	0.9940	0.9800	0.9160	0.7660	0.0370
554	0.9920	0.9730	0.9040	0.7390	-0.0010
618	0.9940	0.9820	0.9580	0.9100	0.0150
609	0.9830	0.9490	0.8720	0.7830	0.1000
611	0.9890	0.9670	0.9130	0.7980	0.0960
597	0.9330	0.8210	0.7960	0.7590	0.0550
616	0.9370	0.8130	0.7150	0.7010	0.0470
617	0.9880	0.9640	0.9050	0.8010	0.2510
615	0.9860	0.9550	0.8730	0.7300	0.1500
607	0.9620	0.8950	0.8570	0.7860	0.0880
622	0.9850	0.9560	0.9250	0.8990	0.0980
621	0.9930	0.9760	0.9350	0.8680	0.0330
612	0.9880	0.9630	0.9260	0.8810	0.0620
576	0.9670	0.9020	0.8230	0.7650	0.0250
624	0.9710	0.9150	0.8340	0.6980	0.0440
582	0.9960	0.9890	0.9760	0.9580	0.0290
557	0.9600	0.8920	0.8300	0.7020	0.0380
627	0.9820	0.9510	0.9350	0.9250	0.0200
583	0.9910	0.9700	0.9140	0.8060	0.0640
605	0.9880	0.9610	0.8970	0.8210	0.0070
579	0.9950	0.9820	0.9320	0.8200	0.0190
585	0.9870	0.9560	0.8820	0.7750	-0.0250
608	0.9910	0.9720	0.9280	0.8590	0.0070
580	0.9890	0.9670	0.9350	0.9010	0.0610
602	0.5450	0.2440	0.0610	0.7470	0.0130
511	-0.0650	-0.1750	-0.1100	0.0730	0.1330
513	-0.0660	-0.1790	-0.1120	0.0710	0.1470
514	-0.0650	-0.1750	-0.1100	0.0740	0.1160
516	-0.0660	-0.1770	-0.1110	0.0730	0.1340
517	-0.0660	-0.1750	-0.1100	0.0740	0.0450
548	-0.0650	-0.1790	-0.1120	0.0710	0.1660
555	-0.0660	-0.1800	-0.1110	0.0730	0.0850
559	-0.0660	-0.1790	-0.1100	0.0750	0.0460
562	-0.0660	-0.1790	-0.1100	0.0730	0.0340
564	-0.0660	-0.1790	-0.1110	0.0750	0.2130
567	-0.0650	-0.1790	-0.1110	0.0740	0.0190
587	-0.0660	-0.1790	-0.1110	0.0730	0.0580
591	-0.0650	-0.1800	-0.1110	0.0740	0.2260
594	-0.0670	-0.1790	-0.1110	0.0740	0.0600
596	-0.0660	-0.1810	-0.1120	0.0720	0.3300
599	-0.0660	-0.1790	-0.1100	0.0740	0.0240
604	-0.0650	-0.1810	-0.1110	0.0720	0.2060
613	-0.0650	-0.1830	-0.1140	0.0750	0.1720
521	0.1350	-0.0390	-0.0550	0.2910	0.1780
553	-0.0660	-0.1830	-0.1130	0.0690	0.1500
515	-0.0660	-0.1770	-0.1110	0.0720	0.1150
623	-0.0650	-0.1810	-0.1120	0.0720	0.0530
614	0.5440	0.2440	0.0610	0.7480	0.1140
520	0.0710	0.0150	0.0080	0.4120	0.0640
529	0.0690	0.0140	0.0080	0.4140	0.0600
534	0.0690	0.0140	0.0080	0.4140	0.0390
550	0.0740	0.0150	0.0080	0.4140	0.1580
595	0.0700	0.0140	0.0070	0.4140	0.0740
619	0.0700	0.0140	0.0080	0.4160	0.0370
560	0.1880	0.0700	0.0210	0.4940	0.0980
508	-0.0660	-0.1820	-0.1130	0.0680	0.2240
586	0.2600	0.1050	0.0290	0.5450	0.0210
589	-0.0660	-0.1810	-0.1120	0.0720	0.0790
565	-0.0660	-0.1790	-0.1110	0.0740	0.0530
570	0.1150	-0.0240	-0.0350	0.3350	0.0240
507	-0.0660	-0.1830	-0.1140	0.0660	0.0190
526	-0.0650	-0.1750	-0.1100	0.0740	0.0680
541	0.0710	0.0170	0.0080	0.4130	0.0860
533	0.0110	0.0350	-0.0040	0.4150	0.0770
509	0.0110	0.0300	-0.0040	0.4080	0.1570
510	0.0120	0.0310	-0.0040	0.4100	0.1140
512	0.0090	0.0300	-0.0050	0.4010	0.1270
518	0.2570	0.1280	0.0250	0.5600	0.0680
519	0.0110	0.0300	-0.0050	0.4020	0.1130
522	0.0100	0.0300	-0.0060	0.4030	0.0710
523	0.0100	0.0300	-0.0050	0.4010	0.1600
524	0.0080	0.0300	-0.0050	0.4000	0.2250
525	0.0110	0.0300	-0.0050	0.4030	0.1370
528	0.0100	0.0300	-0.0050	0.4010	0.2670
532	0.0100	0.0300	-0.0050	0.4030	0.0690
536	0.0090	0.0310	-0.0050	0.4030	0.1720
537	0.0080	0.0300	-0.0050	0.4010	0.1730
538	0.3470	0.1640	0.0350	0.6170	0.0070
542	0.0080	0.0300	-0.0050	0.4000	0.2750
545	0.0080	0.0300	-0.0050	0.4010	0.2260
547	0.2560	0.1290	0.0250	0.5600	0.0140
551	0.0100	0.0300	-0.0050	0.4060	0.0730
552	0.0090	0.0300	-0.0050	0.4020	0.0740
558	0.0120	0.0320	-0.0040	0.4040	0.0750
561	-0.0390	-0.1030	-0.0730	0.1920	0.1330
563	0.0440	0.0200	0.0020	0.4070	0.1530
566	0.2590	0.1290	0.0260	0.5620	0.0150
569	0.2580	0.1290	0.0250	0.5620	0.0230
573	0.4000	0.1860	0.0420	0.6560	0.1380
574	0.1770	0.0960	0.0140	0.5110	0.0350
575	0.0100	0.0300	-0.0050	0.4050	0.0450
577	0.0930	-0.0130	-0.0290	0.3490	0.0360
578	0.2560	0.1290	0.0250	0.5600	0.1070
581	-0.0380	-0.1060	-0.0740	0.1890	0.0430
584	0.0100	0.0300	-0.0050	0.4010	0.0230
588	0.2580	0.1300	0.0250	0.5630	0.1510
600	0.1700	0.0940	0.0150	0.5050	0.0530
606	0.0110	0.0300	-0.0060	0.4030	0.1350
527	0.0100	0.0310	-0.0060	0.4020	0.1560
539	0.0490	0.0200	0.0020	0.4150	0.0140
546	-0.0660	-0.1750	-0.1100	0.0750	0.1240
549	-0.0660	-0.1770	-0.1110	0.0720	0.3170
535	0.2590	0.1050	0.0290	0.5440	0.1700
540	0.2680	0.1080	0.0300	0.5520	0.0100
