id	len	min	max	mean	sd
507	250734	-318407.96875	318329.96875	-9.517579078674316	6911.00146484375
508	244934	-318407.96875	318301.09375	-6.688995838165283	7012.724609375
509	253454	-318407.96875	318400.71875	-18.163692474365234	5137.33837890625
510	263834	-318407.96875	318400.71875	-9.175734519958496	5032.1123046875
511	245274	-318407.96875	317805.84375	-21.189123153686523	7080.9140625
512	262994	-318407.96875	318400.71875	-10.518362045288086	5122.75
513	249234	-318407.96875	317805.84375	-6.502455711364746	6980.6396484375
514	247574	-318407.96875	317805.84375	-6.508307456970215	7050.1982421875
515	249934	-318407.96875	318045.125	-14.888181686401367	6992.2275390625
516	249874	-318407.96875	317805.84375	-2.8091635704040527	6991.1298828125
517	262934	-318407.96875	317805.84375	-25.225345611572266	6839.90283203125
518	262810	-318407.96875	318400.71875	94.96541595458984	6994.7744140625
519	268274	-318407.96875	318400.71875	-30.945819854736328	5072.13916015625
520	251934	-318407.96875	318108.46875	-60.67609405517578	5960.28662109375
521	255390	-318407.96875	317834.65625	94.89105987548828	8421.1171875
522	215744	-318407.96875	318400.71875	-9.871809005737305	5632.61865234375
523	251194	-318407.96875	318400.71875	-10.819783210754395	5247.38330078125
524	252014	-318407.96875	318400.71875	-2.4403867721557617	5233.23828125
525	246934	-318407.96875	318400.71875	-1.908844232559204	5285.13427734375
526	251274	-318407.96875	318339.0625	-14.39423942565918	6994.73681640625
527	245144	-318407.96875	318405.375	-7.69896125793457	7497.263671875
528	246874	-318407.96875	318400.71875	0.5222147107124329	5282.6220703125
529	256814	-318407.96875	318108.46875	-50.751949310302734	5912.26171875
530	232420	-997.5804443359375	832.12890625	-24.873193740844727	30.329816818237305
531	256320	-950.8424072265625	509.5817565917969	-20.841630935668945	22.454702377319336
532	248154	-318407.96875	318400.71875	-17.7568359375	5274.263671875
533	245854	-318407.9375	318400.6875	-20.89060401916504	5188.27978515625
534	246634	-318407.96875	318108.46875	-60.120140075683594	6032.349609375
535	248706	-64000000.0	63939800.0	13644.0341796875	1554226.875
536	226750	-318407.96875	318400.71875	-12.684656143188477	5509.81884765625
537	248014	-318407.96875	318400.71875	-16.673181533813477	5271.2236328125
538	252597	-318407.96875	318400.71875	432.0928039550781	12175.4677734375
539	169001	-318407.96875	318407.625	-67.02149200439453	9585.9013671875
540	228941	-64000000.0	63955080.0	15123.466796875	1605167.25
541	250634	-318407.96875	318398.28125	-58.815250396728516	5981.84912109375
542	251734	-318407.96875	318400.71875	-26.350914001464844	5231.98876953125
543	247260	-937.5438842773438	1047.5657958984375	-10.107810974121094	52.105018615722656
545	248414	-318407.96875	318400.71875	-13.760822296142578	5267.1650390625
546	243214	-318407.96875	318407.9375	-22.760574340820312	7110.95068359375
547	248631	-318407.96875	318400.71875	94.36882019042969	7182.81591796875
548	253414	-318407.96875	317805.84375	-16.589462280273438	6914.06103515625
549	244014	-318407.96875	318407.9375	-19.069530487060547	7077.9296875
550	229092	-318407.96875	318108.46875	-68.54948425292969	6255.7255859375
551	244434	-318407.96875	318400.71875	1.7230019569396973	5289.2744140625
552	259974	-318407.96875	318400.71875	0.7199281454086304	5148.76611328125
553	262354	-318407.96875	317946.90625	0.9984176158905029	6789.01123046875
554	267360	-617.1571655273438	1128.11474609375	-35.736976623535156	69.83931732177734
555	252795	-318407.96875	317805.84375	4.129540920257568	6937.41552734375
556	242820	-1139.9925537109375	831.260009765625	-6.187846660614014	30.692842483520508
557	241720	-997.4576416015625	1302.1982421875	-18.6706600189209	34.52205276489258
558	225470	-318407.96875	318400.71875	-1.5300930738449097	5497.63427734375
559	246315	-318407.96875	317805.84375	-16.379806518554688	7052.25732421875
560	241898	-318407.96875	318262.21875	22.282320022583008	9935.34375
561	250391	-318407.96875	318400.71875	3.46400785446167	8751.6435546875
562	240972	-318407.96875	317805.84375	-0.11190850287675858	7125.11376953125
563	239545	-318407.96875	318400.71875	-34.45622253417969	8137.45166015625
564	250415	-318407.96875	317805.84375	-6.15307092666626	6993.31787109375
565	249375	-318407.96875	318313.125	-12.29994010925293	7008.4228515625
566	250730	-318407.96875	318400.71875	110.42854309082031	7136.44775390625
567	243175	-318407.96875	317805.84375	-16.90202522277832	7096.70361328125
568	242780	-963.8952026367188	612.3994750976562	0.5873278975486755	32.447784423828125
569	250611	-318407.96875	318400.71875	100.38386535644531	7143.54833984375
570	249806	-318407.96875	318318.71875	83.82908630371094	10361.990234375
573	239226	-318407.96875	318400.71875	352.54522705078125	10080.5146484375
574	250806	-318407.96875	318400.71875	123.16908264160156	8781.6259765625
575	248695	-318407.96875	318400.71875	7.394343376159668	5266.50244140625
576	251300	-1076.8218994140625	1302.138671875	-13.06662368774414	37.67599868774414
577	268702	-318407.96875	318400.71875	70.71875	11186.4794921875
578	250911	-318407.96875	318400.71875	127.92134857177734	7143.1015625
579	246960	-1087.3037109375	1311.4266357421875	5.389521598815918	121.43665313720703
580	275180	-1070.8966064453125	1420.3609619140625	-6.552133560180664	49.84571075439453
581	266750	-318407.96875	318400.71875	11.908721923828125	8403.896484375
582	260340	-1103.375	1302.1427001953125	6.607205390930176	56.96085739135742
583	254080	-1047.495361328125	1302.892822265625	-4.150243282318115	88.13691711425781
584	246735	-318407.96875	318400.71875	-16.108854293823242	5283.232421875
585	245060	-1065.7041015625	1372.579833984375	4.132296085357666	74.80530548095703
586	232147	-318407.96875	318301.09375	59.57768630981445	8003.88623046875
587	247055	-318407.96875	317805.84375	5.594325065612793	7040.1826171875
588	289886	-318407.96875	318400.71875	99.76380920410156	6631.71337890625
589	246975	-318407.96875	318301.09375	-15.277122497558594	7023.27294921875
590	248920	-449.75250244140625	572.3721313476562	1.6929125785827637	50.128658294677734
591	250735	-318407.96875	317805.84375	-5.194665908813477	6968.95654296875
592	251040	-446.4115295410156	787.4544677734375	-6.399283409118652	50.86143112182617
593	247520	-487.9598083496094	504.80316162109375	-5.511519908905029	45.970863342285156
594	247855	-318407.96875	317805.84375	-8.663877487182617	7026.779296875
595	247555	-318407.96875	318108.46875	-43.78594207763672	6018.041015625
596	246635	-318407.96875	317805.84375	6.359545707702637	7025.677734375
597	283820	-776.7933959960938	1222.0460205078125	-10.12908935546875	47.45372009277344
598	227180	-855.7053833007812	877.4232177734375	-6.513409614562988	28.782751083374023
599	253235	-318407.96875	317805.84375	32.89100646972656	6953.91943359375
600	255446	-318407.96875	318400.71875	104.6901626586914	8782.3818359375
601	246940	-949.3515014648438	825.919189453125	-34.04159927368164	29.602054595947266
602	245995	-318407.96875	317551.25	104.4553451538086	4905.1494140625
603	253520	-514.8987426757812	510.0248107910156	2.4967310428619385	24.825424194335938
604	248755	-318407.96875	317805.84375	6.481466770172119	6998.71630859375
605	251360	-825.4524536132812	1303.2357177734375	-24.60332679748535	39.205902099609375
606	247710	-318407.96875	318400.71875	-3.7615914344787598	7442.88720703125
607	244780	-1010.8387451171875	1259.65966796875	-4.047035217285156	42.94843673706055
608	248480	-1238.371826171875	1391.766845703125	-32.181068420410156	32.702606201171875
609	252860	-1046.722412109375	1162.1678466796875	8.799798011779785	41.37522888183594
610	245920	-768.0780639648438	504.45947265625	-12.285198211669922	28.40775489807129
611	247980	-1046.78076171875	1220.07080078125	-15.895659446716309	50.20848083496094
612	277160	-1089.8104248046875	1283.629638671875	-1.6393262147903442	53.8753776550293
613	116692	-318407.96875	317805.84375	0.26518121361732483	10117.1923828125
614	250895	-318407.96875	318106.75	122.96296691894531	4855.69091796875
615	241660	-589.2431030273438	1259.42822265625	-11.596176147460938	37.066558837890625
616	274160	-1098.468017578125	1222.17724609375	-30.335668563842773	41.68356704711914
617	228060	-416.6004333496094	1234.8988037109375	1.135992169380188	26.105274200439453
618	247540	-890.630126953125	1131.644287109375	1.3099534511566162	40.11273193359375
619	254895	-318407.96875	318108.46875	-39.22031784057617	5932.36669921875
620	246460	-802.5996704101562	704.1607055664062	5.390854358673096	32.77745819091797
621	251320	-1050.276611328125	1267.410400390625	-20.317564010620117	117.4783706665039
622	249760	-1127.194580078125	1264.178955078125	-10.706878662109375	53.00258255004883
623	269035	-318407.96875	318067.875	-19.651960372924805	6722.37451171875
624	237980	-947.4094848632812	1302.138671875	-0.011007140390574932	32.37582778930664
625	251900	-768.4755859375	1010.3222045898438	7.889819145202637	39.048675537109375
626	250160	-677.826416015625	626.6348876953125	-6.215218544006348	31.598905563354492
627	257760	-1075.7198486328125	1302.5849609375	-30.7960262298584	71.09091186523438
628	290020	-1047.27294921875	1303.5487060546875	-32.019405364990234	46.725738525390625
