INTENSIDAD																					
	BC	ED	EG	Fi	G_2	G_4	G_8	G_16	G_32	G_64	G_128	G_256	G_512	G_1024	G_2048	G_4096	G_8192		Min	Max	MinG
Datos_Original	5550	7351	8992	7016	1213711	608226	305490	154139	79209	42864	24842	16512	12049	10243	9789	9689	9689		5550	1213711	9689
Datos_Code1	5773	5896	6658	5327	227007	115719	59827	32547	19201	12496	10163	9298	9010	8939	8928	8927	8928		5327	227007	8927
Datos_Code2	5911	6051	6865	5481	253314	129238	66383	36059	21336	13064	10519	9524	9180	9073	9050	9048	9048		5481	253314	9048
D_Code2zz	6254	6309	7266	5767	386241	194127	98757	51349	28112	18236	11999	10249	9554	9331	9280	9273	9263		5767	386241	9263
																					
OCUPACION																					
	BC	ED	EG	Fi	G_2	G_4	G_8	G_16	G_32	G_64	G_128	G_256	G_512	G_1024	G_2048	G_4096	G_8192		Min	Max	MinG
Datos_Original	2883	2422	2216	2143	5682	4444	4078	3949	3923	3924	4574	4575	4575	4576	4577	4577	4578		2143	5682	3923
Datos_Code1	3059	1478	1296	1516	2680	2025	2132	2015	1971	1971	2295	2295	2296	2296	2297	2297	2298		1296	3059	1971
Datos_Code2	3294	1687	1498	1654	3458	2713	2778	2631	2600	2592	2993	2993	2994	2995	2995	2995	2996		1498	3458	2592
D_Code2zz	3693	1859	1720	1803	4914	3764	3264	2987	2915	2878	3312	3322	3322	3323	3323	3323	3324		1720	4914	2878
																					
CARGA																					
	BC	ED	EG	Fi	G_2	G_4	G_8	G_16	G_32	G_64	G_128	G_256	G_512	G_1024	G_2048	G_4096	G_8192		Min	Max	MinG
Datos_Original	3123	4145	4460	3743	28847	16603	10374	7656	5952	5889	6941	6942	6944	6945	6946	6947	6947		3123	28847	5889
Datos_Code1	3406	2556	2356	2248	6405	4985	4343	4108	4092	4074	4765	4766	4766	4767	4768	4768	4770		2248	6405	4074
Datos_Code2	3517	2680	2481	2339	6798	5246	4537	4269	4240	4231	4960	4961	4962	4962	4963	4964	4965		2339	6798	4231
D_Code2zz	3895	2946	2804	2560	9470	6139	5128	4716	4576	4539	5328	5328	5329	5329	5329	5330	5331		2560	9470	4539
																					
VELOCIDAD																					
	BC	ED	EG	Fi	G_2	G_4	G_8	G_16	G_32	G_64	G_128	G_256	G_512	G_1024	G_2048	G_4096	G_8192		Min	Max	MinG
Datos_Original	3037	4731	5510	4418	50891	26603	14614	10496	8555	7536	7659	7660	7661	7662	7663	7664	7665		3037	50891	7536
Datos_Code1	3432	2219	2060	2020	6088	4682	4047	3772	3690	3696	4293	4294	4295	4296	4296	4296	4297		2020	6088	3690
Datos_Code2	3466	2591	2459	2303	8459	5661	4751	4346	4188	4150	4875	4876	4876	4877	4878	4878	4879		2303	8459	4150
D_Code2zz	3861	2786	2702	2470	11632	6958	5370	4780	4519	4454	5231	5231	5231	5232	5232	5232	5233		2470	11632	4454
