0	312032
8	2
9	2
11	2
13	2
14	4
15	8
16	4
17	8
18	6
19	4
20	12
21	18
22	8
23	10
24	14
25	14
26	32
27	30
28	24
29	48
30	38
31	22
32	42
33	54
34	56
35	70
36	46
37	62
38	54
39	68
40	52
41	82
42	90
43	104
44	116
45	112
46	104
47	110
48	90
49	132
50	140
51	152
52	132
53	144
54	172
55	160
56	174
57	190
58	198
59	170
60	198
61	182
62	236
63	218
64	224
65	236
66	298
67	246
68	274
69	318
70	292
71	308
72	324
73	348
74	324
75	350
76	344
77	368
78	460
79	376
80	406
81	370
82	468
83	396
84	438
85	482
86	468
87	468
88	470
89	558
90	514
91	556
92	604
93	554
94	564
95	596
96	614
97	574
98	620
99	616
100	626
101	680
102	764
103	614
104	650
105	672
106	686
107	742
108	700
109	754
110	770
111	830
112	754
113	804
114	824
115	838
116	822
117	886
118	884
119	878
120	854
121	906
122	942
123	934
124	938
125	948
126	990
127	1006
128	1046
129	906
130	1044
131	970
132	1092
133	1072
134	1030
135	1068
136	1090
137	1130
138	1116
139	1196
140	1134
141	1192
142	1104
143	1120
144	1228
145	1210
146	1234
147	1162
148	1216
149	1292
150	1250
151	1300
152	1394
153	1210
154	1378
155	1412
156	1412
157	1368
158	1374
159	1430
160	1486
161	1430
162	1382
163	1400
164	1398
165	1436
166	1416
167	1446
168	1508
169	1486
170	1524
171	1504
172	1476
173	1512
174	1518
175	1634
176	1700
177	1538
178	1520
179	1700
180	1586
181	1620
182	1578
183	1584
184	1688
185	1746
186	1742
187	1734
188	1594
189	1670
190	1716
191	1816
192	1798
193	1740
194	1722
195	1768
196	1770
197	1732
198	1712
199	1808
200	1820
201	1730
202	1716
203	1784
204	1856
205	1914
206	1726
207	1834
208	1884
209	1846
210	1916
211	1818
212	1858
213	1986
214	1866
215	1914
216	1978
217	1956
218	2050
219	1986
220	1918
221	1976
222	2026
223	1888
224	1886
225	2028
226	1942
227	1948
228	2010
229	1932
230	1984
231	2064
232	1990
233	2002
234	2114
235	1852
236	2006
237	2066
238	2044
239	2044
240	2090
241	2054
242	2076
243	2074
244	2152
245	2116
246	1998
247	1994
248	2124
249	2110
250	2028
251	2038
252	2168
253	2090
254	2068
255	2182
256	2274
257	2136
258	2124
259	1960
260	2176
261	2154
262	2188
263	2234
264	2186
265	2262
266	2264
267	2262
268	2088
269	2226
270	2202
271	2154
272	2226
273	2108
274	2206
275	2270
276	2114
277	2170
278	2198
279	2128
280	2172
281	2284
282	2206
283	2350
284	2264
285	2238
286	2240
287	2244
288	2182
289	2308
290	2242
291	2300
292	2386
293	2350
294	2118
295	2320
296	2362
297	2264
298	2372
299	2126
300	2262
301	2180
302	2256
303	2280
304	2284
305	2254
306	2238
307	2390
308	2242
309	2376
310	2300
311	2358
312	2168
313	2294
314	2250
315	2392
316	2196
317	2220
318	2294
319	2258
320	2196
321	2252
322	2232
323	2384
324	2334
325	2352
326	2314
327	2472
328	2358
329	2236
330	2226
331	2304
332	2362
333	2298
334	2172
335	2224
336	2274
337	2346
338	2274
339	2358
340	2394
341	2234
342	2334
343	2276
344	2358
345	2272
346	2344
347	2236
348	2238
349	2184
350	2334
351	2298
352	2342
353	2166
354	2284
355	2226
356	2222
357	2358
358	2288
359	2278
360	2284
361	2194
362	2302
363	2322
364	2352
365	2214
366	2274
367	2188
368	2312
369	2244
370	2388
371	2194
372	2180
373	2338
374	2312
375	2252
376	2362
377	2218
378	2190
379	2232
380	2294
381	2250
382	2208
383	2336
384	2314
385	2270
386	2202
387	2172
388	2288
389	2092
390	2188
391	2238
392	2292
393	2180
394	2142
395	2292
396	2186
397	2184
398	2320
399	2288
400	2120
401	2250
402	2112
403	2240
404	2280
405	2254
406	2208
407	2196
408	2186
409	2242
410	2098
411	2258
412	2256
413	2292
414	2314
415	2194
416	2260
417	2268
418	2194
419	2212
420	2188
421	2188
422	2244
423	2166
424	2238
425	2154
426	2322
427	2174
428	2222
429	2262
430	2152
431	2170
432	2346
433	2272
434	2214
435	2206
436	2048
437	2254
438	2292
439	2134
440	2314
441	2236
442	2104
443	2136
444	2194
445	2244
446	2080
447	2258
448	2168
449	2184
450	2144
451	2116
452	2124
453	2198
454	1998
455	2122
456	2162
457	2256
458	2174
459	1946
460	2122
461	2266
462	2102
463	2228
464	2170
465	2118
466	2168
467	2106
468	2096
469	2168
470	2264
471	2124
472	2106
473	2274
474	2078
475	2158
476	2230
477	2090
478	2074
479	2220
480	2118
481	2112
482	2150
483	2092
484	2184
485	2130
486	2142
487	2070
488	2042
489	2098
490	2076
491	2110
492	2048
493	2144
494	2078
495	2078
496	2148
497	2116
498	2016
499	2034
500	2032
501	2122
502	2080
503	2094
504	2158
505	2080
506	2162
507	1992
508	2100
509	2064
510	2128
511	2082
512	2136
513	2020
514	1998
515	2122
516	2206
517	2198
518	2032
519	2070
520	1980
521	1982
522	1980
523	2050
524	2078
525	2080
526	1952
527	2014
528	1990
529	2032
530	2022
531	2014
532	2064
533	2124
534	2054
535	2068
536	1920
537	2040
538	1944
539	2002
540	1988
541	2004
542	2008
543	1984
544	2018
545	2102
546	1972
547	2028
548	2062
549	1962
550	2118
551	1868
552	1984
553	2096
554	2060
555	2036
556	2044
557	2020
558	2036
559	2240
560	2114
561	2052
562	1992
563	1962
564	1960
565	2014
566	2024
567	1944
568	1940
569	1920
570	1888
571	2044
572	2072
573	1930
574	1996
575	1972
576	2134
577	2104
578	2018
579	1904
580	2028
581	2130
582	2024
583	2054
584	2014
585	1924
586	1846
587	2006
588	2060
589	1950
590	1998
591	1972
592	1810
593	1874
594	1948
595	1988
596	2010
597	1854
598	1888
599	1940
600	1904
601	1884
602	1906
603	1916
604	1920
605	2002
606	1994
607	1884
608	2000
609	1992
610	2028
611	1918
612	1952
613	1846
614	2026
615	2080
616	1868
617	1900
618	1912
619	1882
620	1942
621	1930
622	1846
623	1860
624	1906
625	1814
626	1936
627	1996
628	1856
629	1746
630	1866
631	1844
632	1928
633	1874
634	1924
635	1814
636	1904
637	1958
638	1974
639	1806
640	1938
641	1762
642	1862
643	1890
644	1940
645	1970
646	1912
647	1818
648	1918
649	1894
650	1926
651	1878
652	1832
653	1902
654	1858
655	1866
656	1922
657	1780
658	1860
659	1872
660	1790
661	1900
662	1780
663	1806
664	1798
665	1840
666	1732
667	1868
668	1880
669	1968
670	1776
671	1984
672	1782
673	1854
674	1888
675	1780
676	1786
677	1804
678	1874
679	1846
680	1890
681	1780
682	1822
683	1870
684	1856
685	1888
686	1710
687	1732
688	1824
689	1860
690	1798
691	1830
692	1978
693	1762
694	1858
695	1802
696	1896
697	1820
698	1818
699	1852
700	1812
701	1848
702	1866
703	1828
704	1746
705	1774
706	1810
707	1862
708	1788
709	1826
710	1750
711	1812
712	1800
713	1802
714	1834
715	1736
716	1814
717	1874
718	1674
719	1854
720	1718
721	1762
722	1822
723	1778
724	1632
725	1880
726	1752
727	1692
728	1740
729	1848
730	1740
731	1832
732	1840
733	1802
734	1784
735	1694
736	1868
737	1744
738	1900
739	1844
740	1770
741	1784
742	1868
743	1712
744	1812
745	1812
746	1672
747	1660
748	1732
749	1760
750	1778
751	1710
752	1844
753	1678
754	1738
755	1714
756	1730
757	1764
758	1764
759	1872
760	1756
761	1672
762	1736
763	1766
764	1728
765	1760
766	1774
767	1808
768	1818
769	1658
770	1796
771	1774
772	1694
773	1814
774	1780
775	1702
776	1740
777	1630
778	1734
779	1708
780	1596
781	1688
782	1716
783	1780
784	1660
785	1680
786	1644
787	1668
788	1720
789	1738
790	1710
791	1762
792	1846
793	1710
794	1790
795	1654
796	1680
797	1686
798	1608
799	1712
800	1726
801	1626
802	1732
803	1608
804	1686
805	1624
806	1742
807	1628
808	1720
809	1594
810	1740
811	1656
812	1672
813	1690
814	1682
815	1728
816	1616
817	1600
818	1666
819	1656
820	1538
821	1666
822	1762
823	1714
824	1620
825	1644
826	1736
827	1632
828	1610
829	1670
830	1532
831	1648
832	1776
833	1640
834	1682
835	1784
836	1690
837	1696
838	1662
839	1628
840	1634
841	1642
842	1584
843	1634
844	1644
845	1628
846	1664
847	1728
848	1656
849	1660
850	1508
851	1612
852	1634
853	1720
854	1650
855	1630
856	1572
857	1636
858	1546
859	1618
860	1706
861	1620
862	1710
863	1592
864	1590
865	1620
866	1684
867	1708
868	1574
869	1614
870	1696
871	1668
872	1582
873	1588
874	1750
875	1614
876	1582
877	1626
878	1638
879	1628
880	1598
881	1612
882	1588
883	1674
884	1582
885	1528
886	1538
887	1606
888	1626
889	1666
890	1612
891	1620
892	1578
893	1636
894	1606
895	1654
896	1622
897	1578
898	1596
899	1488
900	1532
901	1568
902	1514
903	1586
904	1550
905	1660
906	1504
907	1480
908	1630
909	1588
910	1542
911	1474
912	1452
913	1514
914	1580
915	1462
916	1498
917	1530
918	1602
919	1508
920	1518
921	1590
922	1606
923	1548
924	1598
925	1650
926	1516
927	1588
928	1666
929	1560
930	1508
931	1542
932	1482
933	1634
934	1522
935	1592
936	1668
937	1492
938	1520
939	1586
940	1570
941	1648
942	1478
943	1516
944	1584
945	1528
946	1422
947	1490
948	1508
949	1502
950	1492
951	1608
952	1590
953	1542
954	1434
955	1498
956	1498
957	1548
958	1632
959	1588
960	1512
961	1524
962	1488
963	1486
964	1540
965	1492
966	1554
967	1502
968	1466
969	1418
970	1522
971	1574
972	1706
973	1594
974	1432
975	1546
976	1496
977	1480
978	1514
979	1588
980	1514
981	1482
982	1502
983	1474
984	1426
985	1446
986	1554
987	1516
988	1546
989	1478
990	1550
991	1454
992	1456
993	1532
994	1570
995	1518
996	1634
997	1588
998	1408
999	1408
1000	1458
1001	1492
1002	1564
1003	1484
1004	1504
1005	1426
1006	1498
1007	1554
1008	1576
1009	1464
1010	1488
1011	1504
1012	1498
1013	1472
1014	1520
1015	1498
1016	1436
1017	1472
1018	1424
1019	1394
1020	1536
1021	1424
1022	1438
1023	1450
1024	1412
1025	1536
1026	1472
1027	1388
1028	1442
1029	1504
1030	1444
1031	1494
1032	1400
1033	1418
1034	1474
1035	1458
1036	1556
1037	1400
1038	1432
1039	1498
1040	1408
1041	1476
1042	1418
1043	1508
1044	1476
1045	1446
1046	1424
1047	1396
1048	1444
1049	1518
1050	1408
1051	1416
1052	1378
1053	1358
1054	1468
1055	1350
1056	1404
1057	1546
1058	1504
1059	1378
1060	1336
1061	1452
1062	1366
1063	1444
1064	1314
1065	1420
1066	1402
1067	1502
1068	1450
1069	1390
1070	1400
1071	1490
1072	1362
1073	1342
1074	1412
1075	1390
1076	1414
1077	1382
1078	1426
1079	1462
1080	1286
1081	1420
1082	1454
1083	1366
1084	1378
1085	1476
1086	1268
1087	1292
1088	1408
1089	1394
1090	1484
1091	1380
1092	1370
1093	1424
1094	1456
1095	1454
1096	1330
1097	1364
1098	1360
1099	1284
1100	1346
1101	1454
1102	1326
1103	1368
1104	1426
1105	1346
1106	1456
1107	1388
1108	1318
1109	1336
1110	1368
1111	1414
1112	1300
1113	1366
1114	1334
1115	1358
1116	1346
1117	1298
1118	1390
1119	1410
1120	1334
1121	1362
1122	1456
1123	1420
1124	1422
1125	1340
1126	1464
1127	1336
1128	1426
1129	1404
1130	1366
1131	1282
1132	1344
1133	1308
1134	1432
1135	1202
1136	1328
1137	1284
1138	1390
1139	1344
1140	1420
1141	1388
1142	1374
1143	1302
1144	1364
1145	1324
1146	1408
1147	1412
1148	1294
1149	1340
1150	1256
1151	1396
1152	1328
1153	1304
1154	1346
1155	1264
1156	1256
1157	1378
1158	1342
1159	1310
1160	1340
1161	1316
1162	1398
1163	1346
1164	1324
1165	1338
1166	1334
1167	1262
1168	1416
1169	1276
1170	1340
1171	1332
1172	1418
1173	1260
1174	1242
1175	1338
1176	1354
1177	1286
1178	1296
1179	1290
1180	1356
1181	1298
1182	1300
1183	1386
1184	1292
1185	1280
1186	1290
1187	1228
1188	1346
1189	1312
1190	1306
1191	1332
1192	1264
1193	1400
1194	1350
1195	1250
1196	1246
1197	1288
1198	1292
1199	1272
1200	1200
1201	1318
1202	1302
1203	1214
1204	1258
1205	1342
1206	1284
1207	1236
1208	1308
1209	1282
1210	1300
1211	1198
1212	1252
1213	1240
1214	1240
1215	1240
1216	1332
1217	1228
1218	1226
1219	1356
1220	1290
1221	1302
1222	1244
1223	1276
1224	1316
1225	1270
1226	1254
1227	1254
1228	1232
1229	1196
1230	1266
1231	1266
1232	1178
1233	1306
1234	1334
1235	1266
1236	1152
1237	1274
1238	1194
1239	1172
1240	1282
1241	1302
1242	1344
1243	1228
1244	1270
1245	1318
1246	1326
1247	1258
1248	1226
1249	1300
1250	1226
1251	1204
1252	1216
1253	1178
1254	1268
1255	1198
1256	1186
1257	1186
1258	1294
1259	1194
1260	1222
1261	1178
1262	1300
1263	1260
1264	1146
1265	1236
1266	1236
1267	1168
1268	1238
1269	1210
1270	1232
1271	1206
1272	1214
1273	1214
1274	1236
1275	1218
1276	1322
1277	1198
1278	1280
1279	1202
1280	1230
1281	1216
1282	1262
1283	1190
1284	1174
1285	1154
1286	1262
1287	1240
1288	1266
1289	1192
1290	1174
1291	1186
1292	1230
1293	1226
1294	1246
1295	1142
1296	1244
1297	1112
1298	1312
1299	1174
1300	1166
1301	1166
1302	1226
1303	1260
1304	1140
1305	1290
1306	1192
1307	1208
1308	1192
1309	1266
1310	1184
1311	1118
1312	1138
1313	1240
1314	1196
1315	1254
1316	1208
1317	1206
1318	1168
1319	1112
1320	1044
1321	1106
1322	1122
1323	1200
1324	1184
1325	1144
1326	1148
1327	1090
1328	1144
1329	1146
1330	1198
1331	1174
1332	1198
1333	1172
1334	1146
1335	1198
1336	1108
1337	1096
1338	1196
1339	1290
1340	1164
1341	1140
1342	1068
1343	1056
1344	1088
1345	1090
1346	1154
1347	1128
1348	1128
1349	1156
1350	1168
1351	1068
1352	1158
1353	1110
1354	1148
1355	1188
1356	1102
1357	1158
1358	1104
1359	1100
1360	1070
1361	1196
1362	1168
1363	1168
1364	1154
1365	1074
1366	1210
1367	1094
1368	1094
1369	1098
1370	1138
1371	1094
1372	1072
1373	1124
1374	1216
1375	1116
1376	1138
1377	1104
1378	1190
1379	1080
1380	1074
1381	1076
1382	1062
1383	1054
1384	1112
1385	1186
1386	1122
1387	1064
1388	1082
1389	1062
1390	1082
1391	1108
1392	1096
1393	1090
1394	1144
1395	1134
1396	1148
1397	988
1398	1148
1399	1110
1400	1072
1401	1076
1402	1164
1403	1084
1404	1084
1405	1090
1406	1040
1407	1154
1408	1076
1409	1170
1410	1078
1411	1096
1412	1114
1413	1090
1414	1018
1415	1062
1416	1094
1417	1100
1418	1062
1419	1076
1420	1056
1421	1124
1422	1104
1423	1076
1424	1058
1425	1018
1426	1098
1427	1120
1428	1114
1429	1068
1430	1118
1431	1096
1432	1074
1433	1086
1434	1078
1435	1066
1436	1050
1437	1040
1438	1082
1439	1066
1440	1096
1441	1088
1442	1092
1443	1068
1444	1062
1445	1054
1446	1004
1447	1094
1448	1030
1449	1100
1450	994
1451	1130
1452	1004
1453	1006
1454	1000
1455	1044
1456	1014
1457	1038
1458	1026
1459	966
1460	992
1461	1058
1462	1072
1463	1050
1464	1036
1465	1024
1466	1022
1467	1064
1468	1080
1469	1068
1470	1084
1471	1022
1472	982
1473	1122
1474	1014
1475	1006
1476	1024
1477	990
1478	1002
1479	1020
1480	1128
1481	962
1482	1004
1483	1074
1484	982
1485	998
1486	1018
1487	1038
1488	1044
1489	1060
1490	1014
1491	1020
1492	1052
1493	1042
1494	1004
1495	1036
1496	1064
1497	972
1498	1066
1499	1056
1500	1042
1501	1052
1502	1006
1503	1038
1504	960
1505	962
1506	960
1507	1004
1508	1010
1509	940
1510	1034
1511	1124
1512	898
1513	928
1514	960
1515	972
1516	944
1517	960
1518	956
1519	970
1520	1036
1521	1004
1522	1098
1523	1042
1524	1126
1525	952
1526	964
1527	1042
1528	950
1529	954
1530	982
1531	1028
1532	874
1533	1056
1534	1012
1535	982
1536	1044
1537	976
1538	930
1539	926
1540	992
1541	958
1542	1018
1543	932
1544	948
1545	1022
1546	966
1547	998
1548	992
1549	950
1550	1002
1551	1000
1552	1072
1553	956
1554	1088
1555	1010
1556	1002
1557	928
1558	868
1559	952
1560	966
1561	898
1562	904
1563	1000
1564	960
1565	1026
1566	974
1567	1030
1568	958
1569	912
1570	984
1571	932
1572	942
1573	1014
1574	922
1575	986
1576	1026
1577	978
1578	896
1579	990
1580	968
1581	910
1582	888
1583	1060
1584	926
1585	988
1586	974
1587	840
1588	876
1589	994
1590	894
1591	1034
1592	918
1593	982
1594	948
1595	906
1596	1012
1597	980
1598	960
1599	904
1600	928
1601	902
1602	938
1603	952
1604	942
1605	926
1606	962
1607	916
1608	938
1609	844
1610	954
1611	906
1612	926
1613	910
1614	912
1615	962
1616	960
1617	966
1618	880
1619	886
1620	948
1621	868
1622	972
1623	910
1624	872
1625	924
1626	854
1627	846
1628	918
1629	1016
1630	842
1631	878
1632	918
1633	958
1634	960
1635	822
1636	884
1637	906
1638	920
1639	880
1640	888
1641	890
1642	832
1643	912
1644	882
1645	888
1646	872
1647	876
1648	858
1649	892
1650	904
1651	914
1652	938
1653	850
1654	870
1655	856
1656	978
1657	922
1658	910
1659	838
1660	950
1661	898
1662	866
1663	928
1664	878
1665	1004
1666	946
1667	844
1668	952
1669	902
1670	844
1671	854
1672	838
1673	878
1674	884
1675	880
1676	868
1677	918
1678	894
1679	832
1680	872
1681	860
1682	890
1683	794
1684	862
1685	874
1686	914
1687	936
1688	886
1689	884
1690	854
1691	802
1692	850
1693	800
1694	812
1695	896
1696	888
1697	846
1698	924
1699	850
1700	850
1701	808
1702	836
1703	888
1704	860
1705	842
1706	834
1707	978
1708	918
1709	842
1710	822
1711	876
1712	826
1713	806
1714	792
1715	812
1716	794
1717	844
1718	770
1719	822
1720	836
1721	800
1722	834
1723	836
1724	808
1725	874
1726	748
1727	830
1728	838
1729	804
1730	840
1731	852
1732	806
1733	806
1734	814
1735	868
1736	908
1737	844
1738	780
1739	746
1740	844
1741	818
1742	766
1743	738
1744	876
1745	826
1746	776
1747	818
1748	794
1749	772
1750	820
1751	836
1752	900
1753	832
1754	876
1755	838
1756	780
1757	776
1758	788
1759	800
1760	772
1761	776
1762	854
1763	792
1764	788
1765	766
1766	748
1767	798
1768	770
1769	806
1770	778
1771	776
1772	796
1773	814
1774	746
1775	746
1776	826
1777	754
1778	754
1779	734
1780	710
1781	768
1782	812
1783	808
1784	838
1785	796
1786	762
1787	754
1788	790
1789	770
1790	798
1791	720
1792	774
1793	854
1794	868
1795	826
1796	750
1797	742
1798	774
1799	748
1800	764
1801	850
1802	746
1803	780
1804	800
1805	752
1806	784
1807	770
1808	776
1809	762
1810	778
1811	764
1812	766
1813	786
1814	768
1815	756
1816	754
1817	810
1818	786
1819	818
1820	776
1821	802
1822	704
1823	764
1824	802
1825	778
1826	742
1827	816
1828	726
1829	748
1830	818
1831	744
1832	788
1833	774
1834	784
1835	754
1836	766
1837	738
1838	730
1839	698
1840	782
1841	736
1842	798
1843	708
1844	774
1845	740
1846	762
1847	740
1848	708
1849	728
1850	704
1851	734
1852	770
1853	778
1854	730
1855	748
1856	744
1857	776
1858	740
1859	692
1860	766
1861	744
1862	746
1863	778
1864	728
1865	660
1866	684
1867	766
1868	716
1869	708
1870	724
1871	780
1872	760
1873	688
1874	696
1875	788
1876	760
1877	726
1878	778
1879	796
1880	770
1881	710
1882	754
1883	666
1884	742
1885	756
1886	744
1887	712
1888	730
1889	720
1890	734
1891	716
1892	690
1893	694
1894	710
1895	700
1896	682
1897	660
1898	664
1899	738
1900	752
1901	732
1902	684
1903	788
1904	754
1905	720
1906	758
1907	708
1908	728
1909	704
1910	642
1911	748
1912	742
1913	674
1914	734
1915	696
1916	682
1917	644
1918	742
1919	688
1920	628
1921	696
1922	672
1923	682
1924	630
1925	716
1926	694
1927	676
1928	750
1929	684
1930	712
1931	674
1932	740
1933	738
1934	714
1935	722
1936	656
1937	698
1938	678
1939	648
1940	750
1941	676
1942	692
1943	692
1944	744
1945	686
1946	668
1947	616
1948	644
1949	662
1950	644
1951	672
1952	670
1953	642
1954	676
1955	674
1956	600
1957	698
1958	690
1959	690
1960	646
1961	656
1962	668
1963	682
1964	646
1965	638
1966	624
1967	644
1968	662
1969	690
1970	718
1971	654
1972	668
1973	690
1974	700
1975	632
1976	674
1977	646
1978	668
1979	642
1980	646
1981	680
1982	688
1983	648
1984	646
1985	656
1986	650
1987	684
1988	594
1989	704
1990	666
1991	660
1992	628
1993	696
1994	652
1995	696
1996	664
1997	630
1998	654
1999	576
2000	578
2001	632
2002	668
2003	662
2004	664
2005	624
2006	660
2007	640
2008	638
2009	604
2010	648
2011	630
2012	720
2013	642
2014	616
2015	622
2016	608
2017	640
2018	648
2019	626
2020	582
2021	576
2022	606
2023	590
2024	606
2025	612
2026	704
2027	692
2028	610
2029	632
2030	644
2031	668
2032	602
2033	604
2034	622
2035	656
2036	606
2037	638
2038	658
2039	618
2040	600
2041	620
2042	634
2043	664
2044	684
2045	620
2046	626
2047	660
2048	606
2049	594
2050	588
2051	628
2052	622
2053	630
2054	582
2055	676
2056	584
2057	670
2058	562
2059	612
2060	610
2061	636
2062	684
2063	612
2064	616
2065	540
2066	618
2067	616
2068	632
2069	636
2070	586
2071	636
2072	520
2073	666
2074	624
2075	622
2076	590
2077	604
2078	648
2079	634
2080	622
2081	534
2082	640
2083	546
2084	572
2085	624
2086	610
2087	578
2088	628
2089	582
2090	630
2091	520
2092	584
2093	594
2094	642
2095	600
2096	574
2097	552
2098	546
2099	542
2100	614
2101	636
2102	540
2103	556
2104	620
2105	680
2106	614
2107	616
2108	616
2109	560
2110	594
2111	624
2112	574
2113	600
2114	614
2115	614
2116	604
2117	554
2118	596
2119	634
2120	616
2121	590
2122	560
2123	588
2124	600
2125	632
2126	564
2127	568
2128	618
2129	560
2130	592
2131	592
2132	516
2133	610
2134	604
2135	586
2136	526
2137	448
2138	566
2139	554
2140	592
2141	532
2142	572
2143	530
2144	636
2145	610
2146	598
2147	556
2148	594
2149	540
2150	560
2151	580
2152	516
2153	652
2154	592
2155	604
2156	578
2157	542
2158	578
2159	584
2160	600
2161	560
2162	532
2163	602
2164	538
2165	572
2166	568
2167	552
2168	570
2169	536
2170	552
2171	628
2172	548
2173	552
2174	604
2175	538
2176	536
2177	612
2178	554
2179	582
2180	544
2181	486
2182	534
2183	522
2184	552
2185	542
2186	520
2187	512
2188	592
2189	590
2190	552
2191	592
2192	524
2193	546
2194	532
2195	566
2196	504
2197	566
2198	590
2199	546
2200	516
2201	526
2202	504
2203	518
2204	498
2205	530
2206	612
2207	542
2208	544
2209	526
2210	532
2211	540
2212	532
2213	512
2214	510
2215	500
2216	572
2217	524
2218	514
2219	518
2220	476
2221	544
2222	566
2223	532
2224	484
2225	520
2226	540
2227	558
2228	516
2229	502
2230	486
2231	478
2232	488
2233	548
2234	526
2235	552
2236	550
2237	512
2238	528
2239	476
2240	540
2241	514
2242	488
2243	480
2244	536
2245	500
2246	466
2247	546
2248	540
2249	502
2250	494
2251	490
2252	480
2253	560
2254	534
2255	504
2256	494
2257	554
2258	512
2259	504
2260	510
2261	548
2262	476
2263	546
2264	496
2265	456
2266	532
2267	514
2268	492
2269	458
2270	526
2271	528
2272	494
2273	510
2274	444
2275	514
2276	508
2277	506
2278	490
2279	454
2280	476
2281	460
2282	494
2283	490
2284	478
2285	510
2286	488
2287	486
2288	492
2289	514
2290	424
2291	514
2292	460
2293	504
2294	488
2295	490
2296	462
2297	492
2298	456
2299	556
2300	494
2301	506
2302	508
2303	476
2304	556
2305	540
2306	472
2307	426
2308	448
2309	480
2310	514
2311	528
2312	496
2313	446
2314	466
2315	478
2316	474
2317	464
2318	480
2319	394
2320	488
2321	464
2322	516
2323	498
2324	506
2325	428
2326	464
2327	466
2328	498
2329	466
2330	508
2331	462
2332	490
2333	478
2334	526
2335	456
2336	456
2337	494
2338	450
2339	508
2340	502
2341	460
2342	462
2343	474
2344	456
2345	474
2346	460
2347	470
2348	466
2349	500
2350	464
2351	486
2352	522
2353	462
2354	450
2355	396
2356	468
2357	458
2358	506
2359	424
2360	422
2361	464
2362	450
2363	396
2364	504
2365	476
2366	474
2367	454
2368	536
2369	442
2370	454
2371	410
2372	438
2373	434
2374	486
2375	436
2376	484
2377	488
2378	418
2379	422
2380	452
2381	434
2382	440
2383	406
2384	380
2385	448
2386	414
2387	392
2388	432
2389	450
2390	466
2391	434
2392	422
2393	504
2394	450
2395	456
2396	426
2397	450
2398	422
2399	456
2400	484
2401	436
2402	394
2403	426
2404	438
2405	454
2406	366
2407	414
2408	466
2409	464
2410	462
2411	384
2412	404
2413	390
2414	456
2415	438
2416	468
2417	440
2418	438
2419	460
2420	404
2421	404
2422	426
2423	424
2424	446
2425	414
2426	388
2427	478
2428	436
2429	482
2430	452
2431	432
2432	426
2433	432
2434	414
2435	428
2436	424
2437	448
2438	450
2439	418
2440	404
2441	394
2442	386
2443	410
2444	374
2445	390
2446	414
2447	408
2448	408
2449	390
2450	372
2451	404
2452	432
2453	464
2454	454
2455	420
2456	426
2457	430
2458	432
2459	412
2460	394
2461	390
2462	438
2463	344
2464	420
2465	354
2466	382
2467	416
2468	396
2469	416
2470	420
2471	372
2472	420
2473	446
2474	414
2475	424
2476	360
2477	394
2478	388
2479	440
2480	428
2481	400
2482	358
2483	424
2484	376
2485	434
2486	380
2487	342
2488	326
2489	396
2490	412
2491	374
2492	426
2493	376
2494	452
2495	352
2496	378
2497	406
2498	394
2499	446
2500	416
2501	384
2502	370
2503	354
2504	418
2505	400
2506	366
2507	370
2508	340
2509	356
2510	348
2511	340
2512	370
2513	394
2514	402
2515	354
2516	420
2517	358
2518	404
2519	360
2520	394
2521	372
2522	360
2523	334
2524	330
2525	378
2526	404
2527	380
2528	364
2529	358
2530	376
2531	386
2532	380
2533	332
2534	356
2535	410
2536	364
2537	358
2538	342
2539	370
2540	374
2541	384
2542	362
2543	374
2544	344
2545	300
2546	344
2547	352
2548	388
2549	358
2550	384
2551	396
2552	330
2553	384
2554	372
2555	446
2556	318
2557	376
2558	350
2559	364
2560	384
2561	388
2562	294
2563	288
2564	368
2565	352
2566	332
2567	322
2568	418
2569	382
2570	312
2571	412
2572	364
2573	338
2574	324
2575	346
2576	340
2577	354
2578	368
2579	380
2580	338
2581	388
2582	380
2583	388
2584	368
2585	380
2586	338
2587	324
2588	382
2589	358
2590	344
2591	336
2592	332
2593	342
2594	342
2595	310
2596	366
2597	404
2598	366
2599	320
2600	288
2601	358
2602	388
2603	292
2604	352
2605	352
2606	282
2607	320
2608	360
2609	356
2610	318
2611	364
2612	338
2613	362
2614	392
2615	324
2616	312
2617	1460
2618	334
2619	360
2620	328
2621	298
2622	344
2623	326
2624	310
2625	332
2626	330
2627	318
2628	288
2629	350
2630	362
2631	328
2632	328
2633	312
2634	374
2635	318
2636	322
2637	304
2638	298
2639	310
2640	274
2641	344
2642	276
2643	340
2644	336
2645	294
2646	320
2647	300
2648	332
2649	348
2650	310
2651	338
2652	368
2653	346
2654	334
2655	296
2656	318
2657	282
2658	312
2659	264
2660	338
2661	316
2662	322
2663	314
2664	270
2665	308
2666	252
2667	324
2668	292
2669	328
2670	312
2671	252
2672	306
2673	302
2674	318
2675	342
2676	280
2677	334
2678	312
2679	280
2680	274
2681	320
2682	290
2683	314
2684	346
2685	332
2686	320
2687	284
2688	280
2689	288
2690	310
2691	292
2692	296
2693	338
2694	286
2695	336
2696	314
2697	320
2698	288
2699	300
2700	288
2701	308
2702	294
2703	324
2704	290
2705	338
2706	288
2707	294
2708	278
2709	260
2710	296
2711	282
2712	304
2713	278
2714	370
2715	326
2716	292
2717	270
2718	294
2719	268
2720	262
2721	282
2722	280
2723	282
2724	288
2725	336
2726	286
2727	288
2728	266
2729	252
2730	308
2731	272
2732	262
2733	304
2734	220
2735	274
2736	242
2737	266
2738	300
2739	294
2740	274
2741	276
2742	296
2743	314
2744	224
2745	292
2746	282
2747	292
2748	270
2749	1376
2750	272
2751	240
2752	274
2753	300
2754	284
2755	276
2756	228
2757	278
2758	264
2759	260
2760	262
2761	298
2762	274
2763	242
2764	304
2765	260
2766	298
2767	264
2768	294
2769	248
2770	220
2771	266
2772	254
2773	266
2774	244
2775	228
2776	262
2777	262
2778	246
2779	258
2780	248
2781	280
2782	246
2783	238
2784	300
2785	266
2786	270
2787	244
2788	256
2789	240
2790	266
2791	234
2792	282
2793	284
2794	260
2795	212
2796	218
2797	272
2798	290
2799	244
2800	242
2801	312
2802	310
2803	272
2804	250
2805	266
2806	246
2807	272
2808	238
2809	242
2810	256
2811	260
2812	268
2813	256
2814	270
2815	252
2816	284
2817	258
2818	252
2819	270
2820	240
2821	244
2822	236
2823	254
2824	242
2825	232
2826	216
2827	254
2828	206
2829	226
2830	230
2831	230
2832	240
2833	258
2834	242
2835	238
2836	284
2837	250
2838	222
2839	226
2840	260
2841	280
2842	240
2843	222
2844	240
2845	204
2846	228
2847	212
2848	212
2849	198
2850	218
2851	260
2852	196
2853	244
2854	212
2855	222
2856	254
2857	252
2858	230
2859	184
2860	234
2861	240
2862	238
2863	266
2864	230
2865	242
2866	230
2867	266
2868	232
2869	214
2870	240
2871	214
2872	220
2873	230
2874	236
2875	222
2876	220
2877	222
2878	246
2879	224
2880	214
2881	240
2882	204
2883	224
2884	218
2885	198
2886	206
2887	222
2888	196
2889	212
2890	218
2891	210
2892	206
2893	214
2894	270
2895	230
2896	244
2897	228
2898	202
2899	246
2900	246
2901	208
2902	246
2903	212
2904	224
2905	198
2906	252
2907	196
2908	222
2909	202
2910	196
2911	224
2912	226
2913	262
2914	234
2915	204
2916	200
2917	234
2918	178
2919	168
2920	226
2921	216
2922	210
2923	214
2924	206
2925	180
2926	154
2927	220
2928	262
2929	194
2930	180
2931	182
2932	158
2933	204
2934	200
2935	204
2936	238
2937	180
2938	204
2939	210
2940	200
2941	204
2942	194
2943	198
2944	178
2945	184
2946	186
2947	202
2948	200
2949	190
2950	152
2951	150
2952	178
2953	204
2954	250
2955	190
2956	186
2957	206
2958	212
2959	246
2960	208
2961	170
2962	184
2963	204
2964	196
2965	188
2966	202
2967	164
2968	218
2969	228
2970	196
2971	170
2972	184
2973	192
2974	172
2975	188
2976	182
2977	186
2978	196
2979	162
2980	1302
2981	176
2982	208
2983	198
2984	184
2985	164
2986	168
2987	182
2988	182
2989	172
2990	224
2991	172
2992	158
2993	164
2994	168
2995	178
2996	194
2997	160
2998	188
2999	174
3000	194
3001	164
3002	186
3003	188
3004	174
3005	164
3006	164
3007	182
3008	144
3009	224
3010	202
3011	174
3012	204
3013	138
3014	198
3015	190
3016	176
3017	150
3018	180
3019	184
3020	176
3021	176
3022	198
3023	190
3024	186
3025	202
3026	216
3027	180
3028	192
3029	180
3030	176
3031	162
3032	138
3033	182
3034	156
3035	154
3036	200
3037	190
3038	156
3039	176
3040	160
3041	170
3042	144
3043	162
3044	188
3045	172
3046	152
3047	148
3048	152
3049	178
3050	160
3051	166
3052	146
3053	176
3054	170
3055	152
3056	186
3057	154
3058	178
3059	154
3060	130
3061	146
3062	154
3063	140
3064	130
3065	180
3066	172
3067	156
3068	158
3069	170
3070	150
3071	168
3072	158
3073	132
3074	130
3075	146
3076	144
3077	164
3078	140
3079	134
3080	170
3081	156
3082	164
3083	144
3084	132
3085	160
3086	166
3087	178
3088	148
3089	144
3090	162
3091	132
3092	128
3093	180
3094	196
3095	174
3096	166
3097	160
3098	166
3099	164
3100	156
3101	148
3102	152
3103	176
3104	150
3105	148
3106	120
3107	136
3108	130
3109	162
3110	124
3111	152
3112	128
3113	142
3114	128
3115	162
3116	158
3117	136
3118	154
3119	176
3120	136
3121	154
3122	156
3123	144
3124	134
3125	126
3126	128
3127	182
3128	134
3129	152
3130	166
3131	138
3132	144
3133	142
3134	122
3135	128
3136	130
3137	128
3138	152
3139	150
3140	124
3141	156
3142	148
3143	114
3144	130
3145	152
3146	110
3147	148
3148	122
3149	152
3150	140
3151	142
3152	102
3153	130
3154	136
3155	130
3156	112
3157	128
3158	136
3159	114
3160	120
3161	134
3162	124
3163	142
3164	142
3165	150
3166	106
3167	130
3168	128
3169	104
3170	130
3171	118
3172	134
3173	112
3174	104
3175	144
3176	144
3177	116
3178	1232
3179	112
3180	102
3181	152
3182	110
3183	124
3184	144
3185	136
3186	116
3187	128
3188	130
3189	116
3190	110
3191	114
3192	120
3193	130
3194	116
3195	140
3196	128
3197	124
3198	130
3199	122
3200	126
3201	120
3202	118
3203	186
3204	110
3205	90
3206	104
3207	114
3208	134
3209	106
3210	92
3211	124
3212	130
3213	108
3214	100
3215	116
3216	88
3217	132
3218	102
3219	100
3220	108
3221	106
3222	112
3223	128
3224	104
3225	110
3226	138
3227	102
3228	100
3229	124
3230	120
3231	98
3232	114
3233	1234
3234	128
3235	94
3236	90
3237	120
3238	118
3239	102
3240	90
3241	102
3242	132
3243	100
3244	130
3245	1218
3246	86
3247	102
3248	120
3249	108
3250	132
3251	84
3252	98
3253	132
3254	120
3255	104
3256	100
3257	86
3258	94
3259	82
3260	114
3261	110
3262	96
3263	108
3264	82
3265	104
3266	84
3267	106
3268	94
3269	118
3270	108
3271	104
3272	102
3273	84
3274	118
3275	74
3276	106
3277	92
3278	102
3279	76
3280	84
3281	96
3282	80
3283	84
3284	106
3285	94
3286	82
3287	88
3288	84
3289	96
3290	72
3291	86
3292	94
3293	64
3294	90
3295	116
3296	72
3297	74
3298	88
3299	86
3300	114
3301	100
3302	86
3303	84
3304	64
3305	92
3306	86
3307	104
3308	72
3309	76
3310	90
3311	96
3312	74
3313	76
3314	90
3315	82
3316	86
3317	122
3318	92
3319	84
3320	82
3321	88
3322	104
3323	86
3324	102
3325	96
3326	86
3327	76
3328	92
3329	78
3330	104
3331	116
3332	86
3333	90
3334	104
3335	76
3336	86
3337	62
3338	92
3339	84
3340	84
3341	86
3342	74
3343	112
3344	96
3345	100
3346	90
3347	116
3348	74
3349	90
3350	80
3351	90
3352	74
3353	86
3354	88
3355	80
3356	100
3357	70
3358	74
3359	60
3360	66
3361	84
3362	58
3363	80
3364	78
3365	74
3366	60
3367	54
3368	68
3369	84
3370	74
3371	58
3372	78
3373	82
3374	64
3375	58
3376	76
3377	70
3378	70
3379	76
3380	1178
3381	74
3382	48
3383	86
3384	88
3385	72
3386	78
3387	86
3388	66
3389	80
3390	56
3391	62
3392	84
3393	44
3394	54
3395	62
3396	70
3397	66
3398	60
3399	68
3400	62
3401	56
3402	72
3403	76
3404	88
3405	70
3406	68
3407	54
3408	64
3409	76
3410	70
3411	62
3412	74
3413	48
3414	60
3415	78
3416	52
3417	68
3418	66
3419	66
3420	64
3421	80
3422	76
3423	58
3424	50
3425	90
3426	60
3427	60
3428	66
3429	72
3430	70
3431	80
3432	64
3433	60
3434	70
3435	32
3436	50
3437	56
3438	62
3439	92
3440	1170
3441	60
3442	56
3443	64
3444	70
3445	58
3446	54
3447	62
3448	60
3449	54
3450	82
3451	56
3452	62
3453	46
3454	62
3455	38
3456	1156
3457	82
3458	58
3459	48
3460	64
3461	66
3462	46
3463	52
3464	52
3465	44
3466	96
3467	60
3468	52
3469	68
3470	62
3471	32
3472	50
3473	70
3474	40
3475	54
3476	44
3477	40
3478	46
3479	1174
3480	1168
3481	52
3482	42
3483	54
3484	40
3485	62
3486	54
3487	40
3488	56
3489	54
3490	56
3491	54
3492	38
3493	52
3494	46
3495	58
3496	42
3497	44
3498	54
3499	48
3500	58
3501	30
3502	58
3503	50
3504	66
3505	54
3506	34
3507	46
3508	42
3509	36
3510	36
3511	60
3512	42
3513	38
3514	28
3515	40
3516	52
3517	36
3518	44
3519	38
3520	48
3521	34
3522	18
3523	28
3524	46
3525	52
3526	46
3527	40
3528	36
3529	1136
3530	30
3531	44
3532	36
3533	48
3534	50
3535	42
3536	36
3537	52
3538	40
3539	48
3540	42
3541	40
3542	50
3543	1158
3544	36
3545	1148
3546	44
3547	36
3548	38
3549	34
3550	44
3551	46
3552	60
3553	24
3554	30
3555	54
3556	26
3557	50
3558	28
3559	32
3560	62
3561	1152
3562	32
3563	34
3564	36
3565	50
3566	38
3567	58
3568	36
3569	64
3570	42
3571	40
3572	36
3573	20
3574	46
3575	40
3576	38
3577	38
3578	42
3579	40
3580	36
3581	30
3582	36
3583	30
3584	44
3585	36
3586	38
3587	38
3588	34
3589	30
3590	42
3591	26
3592	36
3593	52
3594	22
3595	34
3596	34
3597	36
3598	30
3599	28
3600	30
3601	44
3602	34
3603	1158
3604	30
3605	36
3606	50
3607	34
3608	40
3609	30
3610	46
3611	18
3612	24
3613	20
3614	30
3615	38
3616	34
3617	26
3618	36
3619	38
3620	18
3621	26
3622	34
3623	50
3624	34
3625	16
3626	34
3627	26
3628	22
3629	34
3630	1150
3631	34
3632	20
3633	20
3634	24
3635	30
3636	44
3637	34
3638	10
3639	30
3640	46
3641	34
3642	30
3643	16
3644	44
3645	46
3646	18
3647	12
3648	44
3649	28
3650	18
3651	38
3652	1138
3653	36
3654	32
3655	26
3656	42
3657	28
3658	42
3659	20
3660	1132
3661	22
3662	1138
3663	36
3664	34
3665	38
3666	26
3667	38
3668	22
3669	26
3670	22
3671	28
3672	22
3673	38
3674	34
3675	26
3676	24
3677	26
3678	28
3679	20
3680	24
3681	14
3682	26
3683	28
3684	22
3685	26
3686	8
3687	22
3688	36
3689	14
3690	30
3691	14
3692	20
3693	24
3694	28
3695	24
3696	24
3697	26
3698	26
3699	14
3700	22
3701	12
3702	18
3703	30
3704	32
3705	20
3706	16
3707	22
3708	26
3709	32
3710	32
3711	14
3712	26
3713	26
3714	20
3715	26
3716	26
3717	20
3718	14
3719	30
3720	38
3721	14
3722	24
3723	1136
3724	20
3725	18
3726	14
3727	20
3728	14
3729	18
3730	20
3731	26
3732	16
3733	18
3734	1132
3735	1134
3736	24
3737	28
3738	16
3739	26
3740	24
3741	22
3742	22
3743	26
3744	8
3745	26
3746	12
3747	18
3748	12
3749	20
3750	1128
3751	22
3752	28
3753	26
3754	1140
3755	18
3756	14
3757	14
3758	18
3759	22
3760	28
3761	10
3762	16
3763	20
3764	1140
3765	14
3766	24
3767	16
3768	1124
3769	24
3770	1120
3771	1142
3772	28
3773	16
3774	20
3775	14
3776	18
3777	1138
3778	10
3779	1128
3780	18
3781	18
3782	1122
3783	22
3784	18
3785	18
3786	18
3787	24
3788	1122
3789	18
3790	20
3791	10
3792	24
3793	22
3794	16
3795	6
3796	22
3797	24
3798	1138
3799	24
3800	12
3801	1124
3802	8
3803	1132
3804	14
3805	16
3806	20
3807	22
3808	1124
3809	16
3810	14
3811	18
3812	18
3813	22
3814	14
3815	12
3816	14
3817	18
3818	20
3819	14
3820	2242
3821	20
3822	12
3823	10
3824	24
3825	10
3826	1128
3827	10
3828	16
3829	26
3830	6
3831	10
3832	8
3833	14
3834	24
3835	1124
3836	2236
3837	1126
3838	24
3839	14
3840	14
3841	14
3842	20
3843	10
3844	18
3845	8
3846	12
3847	1122
3848	6
3849	10
3850	14
3851	18
3852	2238
3853	16
3854	18
3855	20
3856	16
3857	16
3858	1134
3859	14
3860	20
3861	16
3862	2242
3863	18
3864	8
3865	8
3866	14
3867	10
3868	22
3869	16
3870	1128
3871	8
3872	12
3873	16
3874	12
3875	18
3876	14
3877	12
3878	16
3879	12
3880	10
3881	8
3882	12
3883	18
3884	28
3885	10
3886	1128
3887	6
3888	6
3889	8
3890	18
3891	12
3892	20
3893	16
3894	12
3895	1132
3896	10
3897	6
3898	12
3899	14
3900	10
3901	12
3902	10
3903	26
3904	16
3905	18
3906	8
3907	1124
3908	12
3909	4
3910	12
3911	1128
3912	12
3913	6
3914	1130
3915	18
3916	8
3917	16
3918	14
3919	8
3920	6
3921	10
3922	4
3923	14
3924	1120
3925	8
3926	22
3927	8
3928	16
3929	8
3930	8
3931	6
3932	6
3933	14
3934	14
3935	12
3936	8
3937	6
3938	8
3939	20
3940	6
3941	14
3942	20
3943	1120
3944	10
3945	16
3946	10
3947	6
3948	8
3949	1120
3950	4
3951	4
3952	10
3953	2244
3954	10
3955	8
3956	16
3957	18
3958	18
3959	14
3960	4
3961	8
3962	1126
3963	6
3964	12
3965	12
3966	4
3967	16
3968	8
3969	10
3970	1126
3971	8
3972	14
3973	12
3974	10
3975	16
3976	1122
3977	8
3978	12
3979	10
3980	24
3981	1116
3982	10
3983	1118
3984	2
3985	10
3986	14
3987	1120
3988	12
3989	1128
3990	6
3991	6
3992	8
3993	10
3994	6
3995	1116
3996	14
3997	2
3998	10
3999	2238
4000	16
4001	1134
4002	1126
4003	1118
4004	1120
4005	8
4006	4
4007	12
4008	10
4010	14
4011	6
4012	4
4013	1122
4014	14
4015	12
4016	8
4017	12
4018	8
4019	6
4020	8
4021	8
4022	4
4023	10
4024	6
4025	8
4026	8
4027	8
4028	4
4029	12
4030	6
4031	4
4032	8
4033	6
4034	16
4035	1118
4036	10
4037	16
4038	4
4039	6
4040	12
4041	1130
4042	1118
4043	4
4044	12
4045	1124
4046	8
4047	10
4048	4
4050	2
4051	10
4052	2
4053	8
4054	6
4055	1120
4056	6
4057	8
4058	2
4059	4
4060	8
4061	2236
4062	4
4063	4
4064	1114
4065	4
4066	2
4067	1122
4068	1118
4069	1118
4070	1122
4071	8
4072	4
4073	10
4074	1120
4075	1120
4076	10
4077	6
4078	4
4079	2228
4080	10
4081	8
4082	8
4083	1120
4084	8
4085	6
4086	8
4087	8
4088	6
4089	1126
4090	1126
4091	4
4092	4
4093	6
4094	12
4095	1118
4096	4
4097	1122
4098	1128
4099	1120
4100	6
4101	2232
4102	10
4103	8
4104	4
4105	8
4106	8
4107	2
4109	1128
4110	6
4111	8
4112	4
4113	4
4114	1120
4115	4
4116	10
4117	6
4118	6
4119	6
4120	2
4121	10
4123	1120
4124	2
4125	3348
4126	1120
4127	1124
4128	4
4129	6
4130	14
4131	6
4132	4
4133	1118
4134	8
4135	8
4136	2
4137	6
4138	2
4139	4
4140	1120
4141	8
4142	8
4143	6
4144	6
4145	4
4146	8
4147	12
4148	8
4150	4
4151	1116
4153	6
4154	4
4155	8
4156	6
4157	4
4158	10
4159	6
4160	8
4161	6
4162	4
4163	6
4164	4
4165	4
4166	1116
4167	2
4168	2
4169	1118
4170	2
4171	10
4172	2
4173	10
4174	2
4175	2
4176	4
4177	1120
4178	2234
4179	8
4180	2
4181	10
4182	1116
4183	1120
4184	10
4185	14
4186	8
4187	6
4188	8
4189	8
4190	6
4191	8
4192	8
4193	4
4194	6
4195	2
4196	4
4197	2232
4198	4
4199	4
4200	6
4201	12
4202	4
4203	6
4204	4
4205	4
4206	10
4207	10
4209	8
4210	4
4211	8
4212	2234
4213	1118
4214	6
4215	6
4216	6
4217	2
4218	4
4219	1120
4220	1122
4221	4
4222	2
4223	2
4225	8
4226	8
4227	4
4228	6
4229	6
4231	1118
4232	4
4233	1114
4234	8
4235	2
4236	10
4237	2
4238	1118
4239	4
4240	4
4241	4
4242	4
4243	8
4244	8
4245	8
4246	1124
4247	6
4248	6
4249	2
4250	6
4251	6
4252	6
4253	2
4255	8
4256	6
4257	1116
4258	4
4260	1116
4261	6
4262	1122
4263	4
4264	2
4266	4
4267	4
4268	2
4270	6
4272	4
4273	6
4274	4
4275	4
4276	1114
4277	2
4278	1120
4279	4
4282	4
4283	4
4284	1120
4285	4
4286	2
4287	1116
4288	4
4289	4
4290	4
4291	2
4292	2228
4295	10
4296	1114
4297	2
4298	2
4299	2
4300	8
4301	1116
4304	2
4306	1118
4307	1116
4308	1118
4309	1114
4310	8
4313	4
4314	4
4315	6
4316	4
4317	6
4318	6
4319	6
4320	2
4322	2
4323	1120
4324	4
4325	2
4327	4
4328	4
4329	4
4330	2
4331	1116
4332	4
4333	4
4334	4
4335	8
4336	8
4338	1116
4339	4
4340	6
4341	1120
4342	2
4343	4
4344	4
4345	1118
4346	2
4348	2
4349	6
4350	2
4351	2
4352	1118
4353	4
4354	1114
4355	1120
4356	4
4357	2
4358	2
4359	2
4360	10
4361	2
4362	1118
4363	4
4364	1114
4365	2
4366	4
4368	2
4369	2230
4370	1116
4371	4
4372	1118
4373	6
4374	2230
4375	2
4376	1116
4377	2
4378	4
4379	8
4380	1116
4383	4
4384	1122
4387	1116
4389	2
4390	1116
4391	4
4392	4
4393	4
4394	2
4395	1118
4396	4
4397	1118
4398	2228
4399	4
4401	2
4402	8
4403	10
4404	4
4405	1114
4406	2228
4408	1116
4409	4
4410	2228
4412	2
4414	2
4416	1116
4417	2
4418	8
4420	2
4421	2
4422	2
4424	4
4425	2
4426	2
4427	2
4428	4
4429	1114
4430	4
4431	2234
4432	6
4434	2
4435	4
4436	2232
4437	4
4439	2
4440	8
4441	1120
4442	2
4443	4
4445	2
4446	8
4447	4
4448	4
4449	2
4450	2
4451	2
4452	4
4456	1118
4458	1118
4459	2
4460	2
4461	2
4462	1118
4463	6
4464	4
4465	2
4466	8
4467	1116
4469	2
4470	2
4471	6
4472	2
4475	1116
4476	6
4477	2
4480	1120
4481	4
4483	1118
4484	2
4485	2
4488	2
4489	2
4490	4
4491	4
4492	1118
4493	2
4494	1114
4495	6
4496	1114
4497	2
4498	1114
4499	1118
4500	1114
4501	4
4503	4
4504	2
4505	6
4508	1116
4510	2
4511	2
4512	2228
4513	2
4514	2
4515	1114
4516	1114
4517	1120
4518	2
4519	1116
4520	2
4521	4
4523	2
4524	2
4525	2
4527	1114
4528	2230
4529	1114
4530	2228
4531	1114
4532	1120
4533	4
4534	1118
4539	2
4542	1114
4544	1114
4548	2
4549	2
4551	4
4552	2
4554	2
4555	1114
4558	2
4559	2
4560	4
4562	4
4563	1114
4564	2232
4565	4
4566	1116
4567	4
4568	2
4569	1114
4570	4
4572	2
4573	4
4574	2
4575	2
4576	2236
4577	2
4578	2
4579	2
4580	2
4585	1116
4587	2
4588	1118
4589	1116
4590	2
4591	2
4592	2
4593	2
4596	1114
4598	1116
4599	1116
4600	2
4601	1114
4603	4
4607	2
4608	2
4612	1116
4613	2
4617	1118
4619	2
4621	1114
4622	1118
4624	2
4628	1116
4629	2
4630	2230
4635	4
4636	4
4639	2
4640	2
4643	1114
4644	4
4646	1116
4647	2
4648	4
4650	2
4651	1114
4652	1116
4654	1114
4656	1114
4657	1116
4659	1114
4662	1114
4665	2
4668	2
4671	1114
4672	2
4674	2
4675	2
4679	1116
4680	1116
4682	2
4683	1116
4684	1114
4686	2
4688	1114
4689	2
4690	2228
4691	2
4694	2
4695	2
4696	2
4697	1116
4701	2
4702	2
4703	1114
4704	1114
4705	2
4708	2
4709	1114
4710	1114
4714	2
4715	2
4716	1114
4717	6
4718	2
4719	2
4720	1114
4721	1114
4723	1114
4725	2228
4727	1114
4728	1114
4731	1114
4732	2
4745	2
4746	2
4749	1114
4750	1114
4753	2
4755	1116
4758	4
4759	2228
4760	2228
4761	2228
4763	2
4765	2
4766	2228
4769	2
4776	2
4780	2230
4782	1114
4786	1114
4787	2
4788	3342
4790	1114
4791	1114
4793	1114
4794	2
4795	2228
4796	2
4797	2
4800	1114
4802	2
4803	4
4804	2
4805	2228
4808	1114
4810	2
4813	2
4816	2228
4817	2230
4819	1114
4821	2230
4823	1114
4824	1114
4827	2228
4829	1114
4830	1114
4832	1114
4833	1114
4834	2
4842	1114
4846	2
4848	1114
4849	1114
4852	3342
4856	1114
4857	2
4858	1114
4861	1114
4863	1114
4864	1114
4870	2228
4871	2
4878	1114
4880	1114
4884	1116
4885	1114
4889	1116
4890	1114
4891	1114
4894	1114
4896	2228
4899	1114
4901	1114
4903	3342
4914	1114
4915	1114
4917	1114
4920	1114
4925	1114
4927	1114
4930	1114
4937	1114
4938	2
4939	2228
4943	1114
4945	1114
4947	1114
4949	2
4950	1114
4956	1114
4959	1114
4964	2
4966	1114
4970	1114
4972	1114
4976	1114
4982	2228
4984	1114
4986	3342
4990	2
4992	1114
4995	2228
4997	1114
4998	2
5001	2228
5007	2230
5009	1114
5016	1114
5017	1114
5023	1114
5024	1114
5025	1114
5034	1114
5038	1114
5039	3342
5040	1114
5051	1114
5055	1114
5057	2228
5059	1114
5061	2228
5064	1114
5065	1114
5067	1114
5068	1114
5069	1114
5074	1114
5075	1114
5076	1114
5081	1114
5082	1114
5087	1114
5088	1114
5093	2228
5096	1114
5106	1114
5108	1114
5119	2228
5120	1114
5124	1114
5125	1114
5129	1114
5130	1114
5132	1114
5134	1114
5135	1114
5136	2228
5143	1114
5145	1114
5147	1114
5148	1114
5173	1114
5174	1114
5182	1114
5183	1114
5187	1114
5189	1114
5191	1114
5192	1114
5193	3342
5195	1114
5197	1114
5198	1114
5200	2
5201	1114
5203	1114
5213	2228
5216	1114
5217	2230
5218	1114
5226	1114
5227	1114
5230	1114
5234	1114
5236	2228
5243	1114
5249	2228
5251	1114
5252	1114
5253	1114
5254	1114
5263	1114
5264	1114
5267	1114
5268	1114
5269	1114
5270	1114
5273	1114
5276	2228
5284	1114
5292	1114
5295	1114
5296	1114
5297	1114
5299	3342
5311	1114
5312	1114
5316	1114
5321	1114
5322	1114
5323	1114
5325	1114
5326	1114
5327	1116
5328	1114
5331	1114
5332	1114
5334	1114
5335	1114
5337	1114
5338	1114
5339	2228
5346	1114
5352	2
5354	1114
5355	2228
5357	1114
5358	2228
5368	2228
5369	1114
5374	1114
5377	1114
5378	1114
5381	1114
5382	1114
5383	1114
5385	1114
5389	1114
5391	1114
5393	1114
5394	2228
5395	3342
5396	1114
5398	1114
5408	1114
5409	1114
5414	1114
5415	1114
5416	2228
5417	2228
5421	1114
5424	1114
5427	1114
5429	2228
5432	1114
5434	1114
5438	1114
5439	1114
5440	1114
5441	1114
5444	1114
5448	1114
5449	1114
5450	1114
5451	1114
5455	1114
5456	1114
5457	2228
5461	1114
5468	1114
5470	1114
5473	1114
5476	1114
5477	1114
5480	1114
5481	1114
5484	3342
5486	1114
5487	1114
5488	1114
5489	1114
5491	1114
5493	1114
5495	1114
5496	2228
5498	1114
5500	2228
5501	2228
5502	1114
5503	1114
5504	1114
5505	1114
5508	1114
5510	1114
5511	1114
5512	1114
5513	1114
5514	1114
5515	1114
5516	1114
5517	2228
5518	3342
5520	1114
5521	1114
5524	1114
5526	1114
5528	1114
5531	2228
5534	1114
5538	1114
5539	1114
5543	1114
5546	1114
5547	1114
5548	1114
5553	2228
5555	1114
5561	1114
5564	1114
5566	1114
5570	1114
5573	1114
5575	1114
5576	1114
5577	1114
5578	1114
5579	1114
5581	1114
5583	1114
5585	2228
5586	1114
5587	1114
5590	2228
5591	1114
5596	1114
5597	1114
5600	3342
5602	2228
5603	2228
5605	1114
5606	1114
5607	2228
5611	1114
5612	1114
5614	1114
5616	1114
5618	1114
5624	1114
5625	2228
5627	1114
5629	3342
5630	1114
5632	1114
5635	2228
5636	2228
5637	1114
5640	2228
5641	1114
5643	1114
5644	1114
5645	2228
5646	1114
5647	3342
5648	2228
5650	1114
5651	1114
5652	2228
5653	3342
5654	2228
5657	1114
5658	2228
5659	1114
5661	1114
5664	1114
5665	3342
5667	1114
5668	1114
5670	2228
5671	1114
5673	1114
5676	1114
5679	1114
5680	1114
5682	2228
5688	2228
5691	1114
5693	1114
5696	1114
5697	1114
5698	1114
5700	1114
5701	2228
5702	2228
5703	1114
5704	1114
5705	2228
5706	2228
5710	2228
5713	1114
5714	1114
5715	1114
5720	1114
5721	1114
5726	1114
5729	1114
5730	1114
5731	2228
5733	1114
5735	2228
5736	1114
5737	2228
5742	1114
5743	1114
5747	1114
5749	1114
5753	1114
5754	1114
5757	1114
5759	1114
5761	1114
5762	1114
5765	3342
5766	3342
5769	1114
5771	2228
5775	1114
5776	1114
5780	1114
5787	3342
5788	1114
5789	1114
5791	2228
5792	1114
5798	1114
5800	2228
5801	1114
5802	1114
5803	1114
5805	1114
5809	4456
5810	1114
5811	2228
5812	1114
5816	1114
5821	1114
5822	1114
5823	1114
5825	2228
5826	3342
5831	1114
5833	1114
5835	1114
5836	2228
5839	1114
5840	1114
5845	1114
5847	1114
5848	1114
5851	1114
5852	1114
5854	1114
5863	1114
5866	1114
5869	2228
5871	1114
5872	1114
5873	3342
5874	1114
5875	1114
5877	1114
5878	2228
5880	1114
5883	2228
5884	2228
5888	1114
5892	1114
5893	2228
5895	1114
5898	1114
5899	2228
5902	1114
5903	1114
5905	3342
5910	1114
5912	1114
5913	2228
5914	1114
5915	1114
5916	1114
5917	2228
5918	1114
5919	1114
5921	2228
5922	3342
5923	1114
5924	1114
5925	1114
5927	4456
5931	1114
5932	1114
5937	3342
5938	2228
5939	1114
5941	2228
5945	3342
5947	2228
5948	1114
5950	1114
5951	3342
5952	1114
5953	2228
5954	1114
5957	2228
5958	1114
5960	1114
5962	1114
5964	2228
5967	2228
5968	1114
5969	1114
5970	1114
5971	2228
5972	2228
5974	1114
5975	1114
5977	1114
5979	1114
5980	1114
5981	2228
5986	1114
5989	2228
5991	3342
5994	1114
5996	3342
5997	1114
5999	3342
6000	2228
6001	1114
6002	3342
6003	2228
6004	3342
6005	1114
6006	1114
6007	1114
6011	1114
6012	1114
6013	1114
6015	1114
6020	1114
6022	2228
6027	2228
6030	1114
6031	2228
6032	1114
6033	3342
6039	1114
6041	1114
6045	1114
6046	1114
6048	1114
6049	1114
6050	1114
6056	1114
6057	1114
6058	2228
6060	3342
6062	1114
6063	2228
6065	2228
6066	1114
6067	2228
6068	2228
6069	1114
6070	2228
6071	1114
6074	1114
6076	1114
6079	1114
6081	1114
6083	2228
6086	1114
6089	1114
6091	1114
6093	2228
6094	1114
6095	2228
6096	2228
6098	3342
6102	2228
6104	1114
6110	1114
6114	2228
6118	2228
6119	1114
6120	1114
6127	2228
6128	2228
6129	1114
6131	1114
6138	3342
6139	1114
6141	2228
6142	1114
6144	2228
6145	1114
6147	1114
6150	1114
6152	2228
6154	1114
6155	1114
6156	1114
6157	1114
6159	2228
6160	1114
6161	1114
6163	1114
6164	1114
6165	1114
6168	2228
6169	1114
6172	2228
6173	4456
6175	1114
6176	1114
6178	1114
6180	1114
6181	2228
6182	1114
6183	1114
6185	2228
6186	4456
6187	1114
6188	1114
6189	1114
6190	1114
6197	1114
6198	1114
6199	1114
6200	2228
6201	3342
6205	1114
6211	2228
6213	1114
6214	1114
6217	2228
6218	1114
6219	2228
6220	3342
6224	1114
6226	1114
6227	1114
6230	1114
6233	2228
6234	1114
6236	2228
6238	2228
6239	1114
6240	2228
6241	1114
6242	1114
6244	1114
6248	1114
6249	1114
6251	1114
6252	2228
6254	2228
6256	1114
6257	1114
6258	1114
6266	2228
6268	1114
6269	2228
6271	1114
6274	1114
6279	1114
6280	2228
6281	1114
6282	1114
6283	1114
6284	2228
6286	1114
6288	1114
6290	1114
6291	1114
6293	1114
6301	1114
6306	1114
6307	1114
6309	1114
6310	1114
6311	2228
6315	1114
6318	1114
6320	1114
6323	2228
6326	2228
6327	1114
6328	1114
6329	2228
6330	1114
6331	2228
6332	1114
6334	1114
6335	1114
6336	1114
6337	2228
6340	1114
6344	1114
6345	1114
6346	1114
6347	1114
6348	2228
6350	1114
6351	1114
6352	2228
6353	2228
6362	1114
6365	1114
6367	2228
6368	2228
6373	2228
6374	1114
6377	1114
6378	3342
6380	1114
6383	2228
6385	1114
6387	2228
6389	1114
6390	1114
6392	2228
6393	1114
6396	1114
6397	1114
6398	1114
6399	3342
6401	1114
6402	4456
6403	1114
6406	1114
6409	1114
6410	1114
6411	2228
6412	1114
6415	1114
6417	1114
6418	1114
6420	1114
6423	1114
6425	1114
6426	2228
6428	3342
6429	1114
6432	1114
6433	1114
6434	1114
6435	1114
6436	2228
6437	3342
6440	2228
6441	1114
6443	2228
6444	1114
6445	2228
6449	1114
6452	2228
6455	3342
6457	2228
6460	1114
6463	1114
6464	1114
6465	3342
6466	1114
6469	1114
6470	2228
6471	1114
6472	1114
6474	1114
6480	2228
6482	1114
6483	3342
6485	4456
6487	1114
6488	1114
6489	1114
6491	1114
6493	1114
6495	2228
6501	1114
6503	1114
6508	2228
6509	1114
6510	1114
6511	2228
6515	2228
6516	2228
6519	2228
6521	1114
6523	1114
6524	3342
6529	1114
6533	1114
6534	1114
6535	1114
6537	2228
6541	2228
6543	3342
6545	1114
6547	1114
6550	2228
6551	2228
6552	2228
6553	2228
6554	1114
6555	1114
6556	2228
6557	2228
6559	1114
6565	2228
6567	2228
6570	2228
6571	1114
6572	1114
6573	1114
6577	1114
6578	1114
6581	1114
6583	1114
6584	1114
6587	1114
6590	2228
6591	1114
6593	2228
6594	1114
6595	1114
6596	1114
6597	1114
6598	1114
6599	1114
6600	1114
6602	1114
6604	2228
6606	1114
6607	1114
6613	2228
6614	1114
6615	2228
6616	1114
6617	1114
6618	1114
6623	2228
6625	2228
6626	1114
6628	1114
6629	1114
6632	1114
6635	1114
6636	2228
6638	1114
6640	1114
6642	2228
6643	1114
6644	1114
6645	1114
6646	1114
6648	1114
6650	2228
6651	1114
6653	1114
6654	1114
6656	3342
6658	2228
6662	2228
6664	1114
6667	1114
6669	4456
6670	1114
6671	2228
6673	1114
6677	2228
6678	1114
6684	1114
6686	1114
6688	1114
6690	1114
6691	1114
6692	1114
6693	1114
6694	1114
6695	1114
6696	1114
6697	1114
6698	1114
6700	1114
6701	1114
6703	1114
6706	1114
6708	1114
6709	2228
6711	2228
6713	2228
6715	3342
6718	1114
6719	2228
6726	2228
6727	1114
6728	1114
6729	1114
6731	1114
6735	2228
6736	2228
6740	1114
6741	1114
6744	1114
6745	1114
6746	1114
6751	1114
6757	2228
6759	1114
6760	1114
6761	1114
6764	1114
6767	3342
6768	1114
6770	1114
6772	2228
6774	1114
6776	1114
6777	1114
6779	1114
6782	1114
6783	1114
6784	2228
6788	1114
6790	1114
6791	2228
6793	1114
6794	1114
6795	1114
6796	1114
6799	1114
6800	1114
6802	1114
6804	2228
6808	1114
6809	1114
6811	2228
6814	1114
6815	1114
6816	1114
6817	2228
6821	1114
6823	1114
6825	1114
6826	1114
6828	1114
6834	2228
6836	2228
6839	1114
6842	1114
6843	2228
6848	2228
6854	1114
6855	3342
6856	1114
6859	1114
6860	1114
6861	1114
6862	3342
6863	1114
6866	1114
6867	2228
6870	2228
6872	3342
6876	2228
6877	1114
6878	2228
6884	1114
6885	1114
6889	1114
6891	2228
6894	2228
6895	2228
6901	1114
6902	1114
6904	1114
6907	1114
6909	1114
6912	1114
6915	2228
6921	1114
6923	1114
6925	3342
6926	2228
6927	1114
6928	1114
6929	3342
6932	1114
6933	1114
6935	1114
6936	2228
6937	1114
6940	1114
6945	2228
6947	1114
6948	2228
6951	1114
6955	2228
6956	2228
6962	1114
6963	2228
6969	2228
6970	1114
6973	2228
6974	1114
6975	1114
6976	1114
6977	1114
6978	1114
6979	1114
6980	1114
6983	1114
6985	1114
6987	2228
6989	2228
6990	1114
6991	1114
6993	2228
6994	1114
6996	2228
7001	1114
7006	2228
7007	1114
7013	2228
7014	1114
7016	1114
7017	2228
7018	1114
7019	1114
7026	1114
7027	2228
7030	1114
7031	1114
7038	1114
7041	1114
7044	1114
7045	2228
7046	1114
7051	1114
7053	1114
7056	2228
7059	1114
7061	1114
7064	2228
7068	1114
7072	1114
7073	1114
7076	1114
7077	1114
7078	1114
7079	4456
7083	2228
7086	1114
7088	1114
7089	1114
7090	1114
7091	1114
7093	1114
7094	1114
7095	1114
7096	1114
7100	1114
7103	1114
7104	1114
7106	2228
7108	1114
7112	2228
7116	1114
7117	2228
7120	1114
7121	1114
7122	1114
7125	1114
7134	1114
7135	1114
7137	1114
7139	1114
7142	2228
7148	2228
7149	3342
7150	1114
7162	1114
7165	2228
7169	1114
7170	1114
7174	3342
7176	1114
7177	1114
7179	1114
7180	1114
7183	1114
7185	1114
7188	1114
7189	1114
7190	1114
7191	2228
7192	2228
7193	1114
7202	2228
7207	1114
7208	1114
7209	1114
7212	1114
7217	1114
7219	1114
7220	1114
7222	1114
7227	1114
7228	1114
7232	1114
7236	1114
7237	1114
7238	1114
7247	1114
7250	1114
7252	1114
7253	1114
7257	1114
7260	1114
7261	1114
7263	1114
7265	1114
7266	1114
7295	1114
7296	1114
7303	1114
7305	1114
7306	1114
7312	1114
7313	1114
7314	1114
7317	1114
7318	1114
7322	1114
7332	2228
7334	1114
7335	1114
7362	1114
7367	1114
7372	1114
7373	1114
7381	1114
7393	1114
7394	1114
7403	1114
7412	2228
7418	1114
7419	2228
7420	1114
7427	1114
7437	1114
7451	1114
7463	1114
7473	1114
7500	1114
7555	1114
7564	1114
7615	1114
7624	1114
7944	1114
7964	1114
