3488
3489
3490
3491
3492
3493
3494
3495
3496
3510
3521
3531
3532
3533
3536
3538
3539
3558
3559
3560
3561
3597
3598
3599
3600
3611
3703
3704
3705
3706
3761
3762
3763
3797
3799
3800
3801
3815
3816
3817
3818
3819
3820
3821
3822
3823
3826
3827
3828
3836
3837
3838
3839
6639
6640
6641
6642
6643
6644
6645
6646
6647
6648
6649
6650
6651
6652
6653
6654
6655
6656
6657
6658
6659
6660
6661
6663
6664
6665
6666
6667
6668
6669
6670
6671
6672
6673
6674
6676
6677
6678
6679
6680
6681
6682
6683
6684
6685
6686
6687
6688
6689
6690
6691
6692
6693
6694
6695
6696
6697
6698
6699
6700
6702
6703
6704
6705
6706
6707
6708
6709
6710
6711
6712
6713
6714
6715
6716
6717
6718
6719
6720
6721
6722
6723
6724
6725
6726
6727
6728
6729
6730
6731
6732
6733
6734
6735
6736
6737
6738
6739
6740
6741
6742
6743
6744
6745
6746
6747
6748
6749
6750
6751
6753
6754
6755
6756
6757
6758
6759
6760
6761
6762
6763
6764
6765
6766
6767
6768
6769
6770
6771
6772
6773
6774
6775
6776
6777
6778
6779
6780
6781
6782
6783
6784
6785
6786
6787
6788
6789
6790
6791
6792
6793
6794
6795
6796
6797
6798
6799
6800
6801
6802
6803
6804
6805
6806
6807
6808
6809
6810
6813
6815
6816
6817
6818
6819
6820
6822
6823
6914
6931
6932
6933
6934
6935
6936
6937
6938
6939
6941
6942
6943
6944
6948
6949
6950
6951
6952
7012
7013
7014
7015
7124
7125
7126
7127
7128
7129
7130
7131
10171
10172
10173
10174
10175
10176
10177
10178
10179
10180
10194
10198
10199
10200
10201
10202
10203
10204
10205
10207
10208
10210
10211
10264
10265
10266
10267
10268
10269
10270
10297
10659
10660
10661
10662
