id	cant
1001	2779
1002	2779
1003	2779
1006	2779
1009	2779
1010	2779
1011	2779
1012	2779
1013	2779
1014	2779
1015	2779
1016	2779
1017	2779
1018	2779
1019	2779
1020	2779
1021	2779
1022	2779
1023	2779
1024	2779
1025	2779
1026	2779
1027	2779
1028	2779
1029	2779
1030	2779
1031	2779
1032	2779
1033	2779
1034	2779
1035	2779
1036	2779
1037	2779
1038	2779
1039	2779
1040	2779
1041	2779
1042	2779
1043	2779
1044	2779
1045	2779
1046	2779
1047	2779
1048	2779
1049	2779
1050	2779
1052	2779
3395	2680
3396	2720
3397	2738
3398	2534
3399	2305
3400	2493
3401	2732
3402	2175
3403	2439
3404	2770
3405	2770
3406	2769
3407	2770
3408	2730
3409	2770
3410	2773
3411	2778
3412	2719
3413	2728
3414	2716
3415	2655
3416	2637
3417	2497
3418	2721
3419	2678
3420	2742
3421	2778
3423	2774
3424	2778
3425	2778
3426	2778
3427	2778
3428	2760
3430	2751
3431	2770
3432	2766
3433	2778
3434	2778
3435	2778
3436	2778
3437	2732
3438	1818
3439	2778
3440	2545
3442	2732
3443	2673
3444	2435
3445	2768
3446	2762
3447	2770
3449	2683
3452	2778
3453	2778
3454	2777
3455	2778
3456	2778
3457	2767
3458	2760
3459	2739
3460	2769
3461	2778
3462	2778
3463	2705
3464	2543
3465	2658
3466	2716
3467	2722
3468	2697
3469	2734
3470	2525
3471	2045
3472	2532
3473	2716
3474	2736
3475	2739
3476	2737
3477	2732
3478	2719
3479	2733
3480	2770
3481	2760
3482	2665
3484	2751
3485	2579
3486	2739
3487	2777
3488	2759
3489	2779
3490	2638
3491	2756
3492	2714
3493	2777
3494	2779
3495	2779
3496	2779
3497	2706
3498	2777
3499	2778
3500	2777
3501	2697
3502	2708
3503	2728
3504	2394
3505	2777
3506	2778
3507	2778
3508	2776
3509	2737
3510	2
3511	2770
3512	2636
3513	2778
3514	2614
3515	2778
3516	2778
3517	2768
3518	2775
3519	2772
3520	2728
3521	2764
3522	2775
3523	2736
3524	2717
3525	2727
3526	2740
3527	525
3528	2679
3529	2776
3530	2639
3531	2779
3532	2775
3533	2779
3536	2779
3538	2761
3539	2779
3542	2779
3544	2779
3545	2779
3546	2779
3551	2767
3553	2407
3556	2766
3557	2772
3558	2779
3559	2770
3560	2778
3561	2767
3562	2754
3563	2648
3564	2222
3565	2636
3566	2773
3567	2772
3568	2773
3569	2773
3570	2112
3571	1447
3572	2772
3573	1019
3574	2753
3576	2773
3577	2493
3578	2762
3579	2765
3580	2778
3581	2745
3582	2614
3583	2778
3584	2778
3585	2718
3586	2734
3587	2772
3588	2722
3589	2629
3590	2758
3591	2663
3592	2686
3593	2778
3594	2778
3595	2639
3596	2738
3597	2779
3598	2779
3599	2779
3600	2779
3601	2515
3602	2656
3603	2737
3605	2580
3606	2770
3607	2778
3608	2778
3609	2775
3610	2765
3611	2774
3612	2772
3613	2757
3614	2720
3615	2667
3616	2778
3618	2608
3619	2770
3620	2778
3621	2732
3622	2778
3623	2773
3624	2770
3626	2727
3627	2758
3628	2773
3629	2773
3630	2762
3631	2769
3632	2725
3633	2690
3634	2769
3636	2768
3637	2773
3638	2394
3639	2682
3640	2772
3641	2773
3642	2778
3643	2763
3644	2778
3645	2778
3646	2778
3647	2778
3648	2469
3649	2778
3650	2651
3651	2701
3653	2716
3654	2676
3655	2762
3656	2778
3657	2778
3658	2778
3659	2778
3660	2776
3661	2778
3663	2778
3664	2778
3665	2767
3666	2778
3667	2778
3668	2778
3669	2639
3670	2576
3671	2726
3672	2730
3674	2778
3675	2514
3676	2716
3677	2686
3678	2554
3679	2778
3680	2614
3681	2774
3683	2652
3684	2773
3685	2773
3686	2773
3687	2760
3688	2769
3689	2662
3690	2638
3691	2731
3693	2778
3694	2777
3695	2778
3696	2747
3697	2756
3698	2756
3699	2583
3700	2745
3702	2773
3703	2779
3704	2779
3705	2774
3706	2779
3707	2704
3708	2556
3709	2778
3710	2778
3711	2726
3712	2719
3713	2564
3714	2696
3715	2741
3716	1815
3717	2736
3718	2702
3719	2738
3720	2778
3722	2740
3723	2722
3724	2668
3725	2634
3726	2529
3727	2669
3728	2435
3729	2704
3730	2733
3731	2726
3733	2728
3734	2714
3735	2688
3737	1584
3738	2487
3739	2628
3740	2665
3741	2736
3742	2770
3743	2776
3744	1389
3745	2738
3746	2710
3747	2729
3748	2778
3749	2771
3750	2769
3751	2778
3752	2778
3753	2778
3754	2744
3755	2770
3756	2777
3757	2778
3758	2640
3759	2643
3760	2773
3761	2779
3762	2779
3763	2779
3764	2778
3767	2733
3768	2769
3769	2770
3770	2714
3771	2772
3772	2767
3773	2633
3774	2776
3775	2778
3776	2778
3777	2778
3778	2749
3781	2778
3782	2764
3783	2773
3784	2778
3785	2776
3786	2774
3787	2708
3788	2762
3789	2772
3790	2777
3791	2772
3792	2778
3793	2775
3794	2545
3795	2633
3796	2741
3797	2778
3798	2768
3799	2704
3800	2712
3801	2779
3802	2773
3803	2773
3804	2766
3805	2778
3806	2709
3807	2774
3808	2777
3809	2770
3810	2776
3811	2778
3812	2773
3813	2614
3814	1959
3815	2359
3816	2722
3817	2779
3818	2589
3819	2768
3820	2501
3821	2779
3822	2779
3823	2749
3824	2658
3825	2707
3826	2771
3827	2779
3828	2779
3829	2686
3830	2773
3831	2778
3832	2776
3833	2711
3834	2778
3835	2688
3836	2776
3837	2777
3838	2779
3839	2779
3840	2680
3841	2755
3842	2737
3843	2746
3844	2762
3845	2749
3846	2775
3847	2778
3848	2778
3850	2775
3851	2759
3852	2765
3854	2778
3856	2675
3857	2714
3858	2740
3859	2694
3860	2733
3861	2672
3862	2730
3864	2736
3865	2699
3866	2507
3867	2705
3868	2484
3869	2728
3870	2655
3871	2681
3872	2696
3873	2673
3874	2662
3875	2580
3876	2453
3878	2524
3880	2653
3881	2666
3882	2731
3883	2732
3884	2737
3885	2727
3886	2728
3887	2738
3891	2762
3892	2778
3893	2771
3894	2778
3895	2778
3896	2778
3897	2775
3898	2693
3899	2778
3900	2778
3901	2775
3902	2778
3903	2764
3905	2778
3906	2778
3907	2777
3908	2778
3909	2778
3910	2776
3911	2776
3912	2778
3913	2769
3914	2776
3915	2770
3916	2777
3917	2777
3918	2760
3919	2778
3920	2778
3921	2778
3922	2756
3923	2778
3924	2777
3925	2776
3926	2776
3927	2760
3928	2559
3930	2778
3931	2774
3932	2768
3933	2765
3934	2750
3935	2768
3936	2738
3937	2777
3938	2775
3939	2769
3940	2771
3941	2768
3942	2771
3943	2771
3944	2637
3945	2769
3946	2774
3947	2767
3948	2776
3949	2778
3950	2776
3951	2778
3952	2778
3953	2775
3954	2778
3956	2778
3957	2778
3958	2776
3959	2778
3960	2774
3961	2770
3962	2774
3963	2777
3964	2778
3965	2778
3966	2773
3967	2777
3970	2778
3971	2770
3972	2778
3973	2778
3974	2777
3975	2778
3976	2778
3977	2778
3978	2778
3979	2776
3980	2771
3981	2778
3982	2729
3992	2778
3993	2778
3994	2772
3995	2778
3996	2778
3997	2725
3998	2778
3999	2778
4000	2778
4001	2765
4002	2776
4003	2777
4004	2742
4005	2727
4006	2692
4008	2778
4009	2774
4010	2778
4011	2778
4012	2778
4013	2778
4014	2778
4015	2778
4016	2778
4017	2778
4018	2769
4019	2773
4021	2778
4022	2757
4023	2778
4024	2778
4025	2773
4026	2756
4027	2750
4028	2763
4029	2778
4030	2767
4031	2774
4032	2774
4033	2778
4034	2778
4035	2778
4036	2774
4037	2772
4039	2778
4040	2755
4041	2762
4042	2776
4043	2778
4044	2778
4045	2778
4046	2777
4047	2778
4048	2709
4049	2777
4050	2778
4051	2778
4052	2778
4053	2777
4054	2778
4055	2772
4056	2778
4057	2778
4058	2777
4059	2778
4060	2760
4061	2760
4062	2775
4064	2778
4066	2776
4067	2778
4068	2778
4070	2778
4071	2769
4073	2777
4074	2775
4075	2778
4076	2776
4077	2774
4078	2721
4079	2451
4080	2734
4081	2722
4082	2727
4083	2625
4084	2601
4085	2517
4086	2720
4087	2684
4088	2701
4089	2522
4090	2738
4091	2608
4092	2733
4093	2380
4094	2366
4095	2696
4096	2688
4097	2507
4099	2328
4100	2444
4101	2507
4102	2599
4103	2723
4104	2647
4105	2665
4106	2643
4107	1916
4108	2561
4109	2601
4110	2713
4111	2676
4112	2727
4113	2731
4114	2737
4115	2734
4116	2732
4117	2640
4118	2640
4119	2730
4120	2543
4121	2716
4122	2737
4123	2387
4124	2737
4125	2677
4126	2778
4127	2774
4129	2778
4130	2771
4132	2778
4133	2778
4134	2763
4135	2778
4136	2778
4137	2777
4139	2778
4140	2778
4141	2778
4142	2633
4143	2581
4144	2656
4145	2647
4146	2729
4147	2661
4148	2672
4149	2686
4150	2582
4151	2653
4152	2694
4153	2778
4154	2771
4155	2715
4156	2489
4157	2731
4158	1954
4159	2723
4160	2586
4161	2690
4162	2710
4163	2605
4164	2721
4167	2721
4168	2706
4169	2696
4170	1374
4171	2639
4172	2735
4173	2625
4174	2632
4175	2598
4176	2690
4177	2716
4178	2734
4179	2712
4180	2738
4181	2738
4182	2739
4183	2738
4184	2730
4185	2734
4186	2738
4187	2589
4188	2563
4189	2738
4190	2732
4191	2727
4192	2722
4193	2740
4194	2740
4195	2728
4196	2666
4197	2727
4198	2740
4199	2739
4200	2741
4201	2721
4202	2741
4203	2739
4204	2739
4205	2704
4206	2717
4207	2720
4208	2720
4209	2738
4211	2737
4212	2741
4213	2709
4214	2706
4215	2649
4216	2740
4217	2732
4218	2732
4219	2535
4220	2592
4221	2129
4222	2651
4223	2772
4224	2777
4225	2631
4226	2660
4227	2718
4228	2681
4229	2642
4230	2677
4231	2636
4232	2288
4233	2628
4234	2701
4235	2699
4236	2623
4237	2634
4238	2709
4239	2736
4243	2627
4244	2704
4245	2739
4246	2736
4247	2715
4248	2736
4249	2732
4250	2725
4251	2740
4252	2739
4254	2741
4256	2736
4257	2740
4258	2716
4259	2727
4260	2682
4261	2681
4262	2735
4263	2741
4264	2733
4265	2730
4266	2532
4268	2715
4269	2731
4270	2741
4282	2692
4283	2740
4284	2737
4285	2741
4286	2740
4287	2577
4289	2735
4290	2740
4291	2726
4292	2736
4293	2716
4294	2728
4295	2736
4296	2738
4297	2735
4298	2732
4301	2697
4303	2730
4304	2712
4305	2725
4306	2735
4307	2734
4308	2737
4309	2735
4310	2740
4311	2697
4312	2741
4313	2725
4314	2700
4315	2741
4316	2734
4317	2741
4318	1724
4319	2720
4320	2728
4321	2739
4322	2699
4323	2727
4324	2701
4325	2720
4326	2673
4327	2724
4328	2605
4329	2726
4330	2711
4331	2731
4337	2739
4338	2739
4339	2719
4340	2721
4341	2735
4342	2734
4343	2733
4345	2589
4346	2729
4347	2695
4348	2741
4349	2724
4350	2735
4351	2735
4352	2736
4353	2738
4354	2741
4355	2736
4356	2695
4357	2688
4358	2591
4359	2711
4360	2398
4361	2715
4362	2727
4363	2498
4364	2522
4365	2712
4366	2696
4367	2706
4369	2740
4370	2599
4371	2600
4372	2525
4373	2737
4375	2712
4376	2732
4377	2668
4379	2778
4380	2778
4381	2717
4382	2774
4383	2736
4384	2778
4385	2756
4386	2775
4387	2776
4388	2778
4389	2775
4390	2756
4391	2772
4392	2777
4393	2778
4394	2765
4395	2777
4400	2734
4402	2773
4403	2774
4404	2775
4405	2777
4406	2682
4407	2769
4408	2775
4409	2778
4410	2651
4411	2777
4412	2778
4413	2778
4414	2777
4415	2768
4416	2751
4417	2774
4418	2778
4419	2778
4421	2778
4422	2778
4423	2778
4424	2716
4425	2778
4426	2778
4427	2778
4428	2778
4429	2771
4430	2633
4431	2778
4432	2778
4433	2778
4434	2776
4436	2754
4437	2772
4438	2776
4439	2778
4440	2778
4441	2771
4442	2778
4443	2776
4444	2761
4445	2778
4446	2778
4447	2778
4448	2778
4449	2778
4450	2778
4451	2778
4452	2775
4453	2776
4454	2778
4455	2778
4456	2778
4457	2778
4458	2778
4459	2778
4460	2766
4461	2766
4462	2766
4464	2778
4470	2726
4471	2739
4472	2778
4473	2636
4475	2568
4476	2566
4477	2724
4479	1869
4480	2632
4481	2710
4483	2774
4484	2620
4485	2777
4486	2776
4487	2684
4488	2769
4489	2733
4490	2647
4491	2289
4492	2729
4495	2728
4496	2733
4497	2734
4498	2595
4500	2625
4501	2720
4502	2543
4503	2701
4504	2472
4505	2332
4506	2441
4507	2530
4508	2528
4509	2527
4510	2442
4511	2539
4512	2547
4513	2715
4514	2655
4515	2692
4516	2128
4517	2274
4518	2687
4519	2675
4520	2724
4521	2697
4522	2691
4523	2716
4524	2715
4525	2638
4526	2526
4527	2655
4528	2714
4529	2601
4530	2617
4531	2698
4532	2617
4533	2691
4534	2529
4535	2592
4536	2709
4537	2701
4538	2493
4539	2649
4540	2659
4543	2703
4545	2738
4546	2610
4547	2771
4548	2723
4549	2729
4550	2645
4551	2727
4552	2730
4553	2728
4554	2571
4555	2734
4556	2689
4557	2737
4558	2466
4559	2564
4560	2596
4561	2655
4562	2401
4563	2737
4564	2738
4565	2286
4566	2737
4567	2718
4568	2696
4569	2706
4570	2670
4572	2158
4573	2046
4574	2622
4575	2519
4576	2662
4577	2572
4578	2467
4579	2509
4580	2651
4581	2682
4582	2678
4585	2740
4586	2667
4587	2692
4588	2565
4589	2729
4590	2118
4591	2112
4592	2651
4593	2740
4594	2626
4595	2736
4596	2731
4597	2685
4598	2264
4599	1944
4600	2301
4601	2378
4602	2262
4603	2611
4604	2666
4605	2661
4606	2574
4607	2576
4608	2656
4609	2378
4610	2700
4611	2661
4612	2182
4614	2711
4615	2646
4616	2634
4617	2682
4618	2736
4619	2665
4620	2236
4621	2601
4622	2443
4623	2545
4624	2736
4625	2740
4626	2740
4627	2585
4628	65
4629	2737
4630	2055
4631	1970
4632	2
4633	2600
4634	2412
4635	2653
4636	2732
4637	2332
4638	2649
4639	2567
4640	2640
4641	2710
4642	2696
4643	2701
4644	2737
4645	2659
4647	2692
4648	2495
4649	2740
4650	2740
4651	2738
4652	2706
4653	2687
4654	2729
4655	2616
4656	2522
4657	2623
4658	2568
4659	1890
4661	2618
4662	2718
4663	2616
4664	2718
4665	2718
4666	2691
4667	2717
4668	2688
4669	2594
4670	2581
4671	2692
4672	2648
4673	2461
4674	2707
4675	2578
4676	2391
4677	1919
4678	2722
4679	2676
4680	2707
4681	2634
4682	2638
4683	2692
4684	2688
4686	2217
4687	2639
4688	2710
4689	2723
4690	2689
4691	2683
4692	2664
4693	2645
4695	2655
4696	2494
4697	2722
4698	2722
4699	2723
4700	1495
4701	2720
4702	2776
4703	2778
4704	2778
4706	2778
4707	2739
4708	2741
4709	2741
4710	2740
4711	2741
4712	2741
4713	2741
4714	2740
4715	2741
4717	2739
4718	2740
4719	2665
4720	2422
4722	2594
4723	2378
4725	2539
4726	2338
4727	2581
4728	2708
4729	2591
4730	2542
4731	2589
4732	2635
4733	2421
4734	2719
4737	2596
4738	2499
4739	2767
4740	2769
4741	2742
4742	2773
4743	2773
4744	2773
4745	2773
4746	2773
4747	2694
4748	2773
4749	2639
4750	2773
4751	1936
4752	2773
4753	2762
4754	2773
4755	2685
4756	2772
4757	2341
4758	2696
4759	2753
4760	2770
4761	2771
4762	2773
4763	2764
4764	2764
4765	2721
4766	2771
4767	2763
4768	2584
4769	2704
4770	2768
4771	2749
4772	2396
4773	2493
4774	2706
4775	2768
4776	2767
4777	2760
4779	2773
4780	2773
4781	2767
4782	2768
4783	2773
4784	2773
4785	2773
4786	2773
4787	2773
4788	2773
4789	2773
4790	2773
4791	1395
4792	2758
4793	2773
4794	2771
4795	2771
4796	2751
4797	2175
4798	2772
4799	2770
4802	2773
4803	2773
4804	2773
4805	2773
4806	2773
4807	2773
4808	2773
4809	2773
4810	2772
4811	1087
4812	2773
4813	2771
4817	2765
4818	1296
4819	2773
4820	2772
4821	2772
4822	2773
4823	2773
4824	2773
4825	2773
4826	2772
4827	2728
4828	2772
4829	2773
4830	1972
4831	2760
4832	2773
4833	2773
4834	2771
4835	2773
4836	2773
4837	2773
4838	2760
4839	2771
4840	1928
4841	2772
4842	2017
4843	2773
4845	2772
4846	2773
4847	2740
4848	2573
4849	2772
4850	2773
4851	2771
4852	2771
4853	2766
4854	1369
4855	2773
4856	2477
4857	2016
4858	2045
4859	1673
4860	2750
4861	2535
4866	2171
4867	2756
4868	2380
4869	2653
4870	2459
4871	2589
4872	2501
4873	2765
4874	2747
4875	2756
4876	2673
4877	2743
4878	2747
4879	2720
4880	2721
4881	2751
4882	876
4883	2743
4884	2770
4885	1982
4886	1475
4887	1735
4888	2710
4889	2260
4891	2767
4894	2773
4895	2773
4896	2772
4897	2772
4898	2772
4899	2770
4900	2772
4901	2773
4902	2773
4903	2773
4904	2726
4906	2773
4907	2707
4908	2620
4909	2773
4910	2772
4912	2667
4914	2730
4915	2760
4916	2580
4917	2202
4918	2761
4919	2642
4920	2773
4921	2689
4922	2770
4923	2770
4926	2770
4927	2768
4928	2649
4929	2770
4930	2769
4931	2770
4932	2770
4933	2769
4934	2770
4935	2770
4938	2770
4940	1573
4941	2769
4942	2765
4943	2770
4944	2770
4945	2769
4946	2699
4947	2769
4948	2763
4949	2770
4950	2770
4951	2739
4952	2770
4953	2769
4954	2768
4956	2769
4957	2698
4958	1766
4959	2770
4960	2769
4961	2763
4962	2770
4963	2770
4964	2731
4965	2769
4966	2765
4967	2770
4968	2769
4969	2770
4970	2688
4971	2770
4972	2742
4973	2769
4974	2769
4975	2707
4976	2745
4977	2770
4978	1354
4979	2761
4980	2769
4981	2740
4982	2755
4983	2768
4984	2770
4985	2770
4986	2770
4987	2770
4988	2766
4989	2766
4992	2733
4993	1411
4994	2770
4995	2637
4996	2768
4997	2761
4998	2769
4999	2769
5000	2767
5001	2773
5002	2695
5003	2773
5004	2773
5005	2773
5006	2771
5007	2773
5008	2773
5009	2773
5010	2772
5011	2739
5012	2764
5013	2773
5014	2773
5015	2773
5016	2420
5017	2760
5018	1905
5019	2772
5020	2509
5021	2773
5022	2773
5023	2773
5024	2773
5030	301
5031	2684
5032	1616
5033	2507
5034	4
5037	2772
5038	2773
5039	2773
5040	2773
5041	2773
5042	2771
5043	2773
5044	2773
5045	2773
5046	2773
5047	2773
5048	2773
5049	2773
5050	2773
5051	2773
5052	1420
5053	2773
5054	2773
5055	2768
5056	2756
5057	2773
5058	2770
5059	2766
5060	1743
5061	2773
5063	2770
5064	2770
5065	2770
5067	2763
5068	2754
5069	2770
5071	2324
5072	2778
5073	2778
5074	2778
5075	2770
5076	2748
5077	2770
5078	2769
5079	2759
5081	2776
5082	2778
5083	2762
5084	2770
5085	2768
5087	2769
5088	2746
5089	2599
5090	2766
5091	2767
5092	2772
5093	2769
5094	2737
5095	2674
5096	2731
5097	2551
5098	2769
5099	2772
5100	2773
5101	1781
5102	1418
5103	2693
5104	2739
5105	2773
5106	2764
5107	2767
5108	2773
5109	2773
5110	2773
5111	2768
5112	2773
5113	2773
5114	2772
5115	1781
5116	2741
5117	2741
5118	2769
5119	2615
5120	2768
5121	2773
5122	2773
5123	2773
5124	2773
5125	982
5126	2772
5127	2773
5128	2773
5130	2778
5131	2772
5132	2758
5133	1962
5134	602
5135	2771
5136	2771
5137	2764
5138	2754
5139	2769
5140	2772
5141	2705
5142	2474
5143	2664
5144	2758
5145	2768
5146	2545
5147	2698
5148	2770
5149	2751
5150	2726
5151	2764
5152	2771
5153	2773
5154	2773
5155	2769
5156	2638
5157	2727
5158	2770
5159	2771
5160	2773
5162	2762
5163	2728
5164	2737
5165	2773
5166	2772
5167	2643
5168	2680
5169	2676
5170	2169
5171	2574
5172	2773
5173	1685
5174	2772
5175	2773
5176	2773
5177	2676
5178	2773
5179	2773
5182	2773
5183	2725
5184	2773
5185	2773
5186	2770
5187	2717
5188	2773
5189	1401
5190	2221
5191	2744
5192	2773
5193	2620
5194	2772
5195	2773
5196	2773
5197	2773
5198	2766
5199	2778
5200	2778
5201	2778
5202	2778
5203	1877
5204	2574
5205	2774
5206	2775
5207	2778
5208	2772
5209	2778
5210	2778
5212	2778
5213	2770
5214	2777
5215	2769
5216	2761
5217	2699
5218	2645
5219	2668
5220	2528
5221	2775
5222	2776
5223	2775
5224	2775
5227	2775
5228	2778
5229	2773
5230	2778
5231	2763
5232	2777
5233	2778
5234	2777
5235	2778
5236	2770
5237	2768
5238	2770
5239	2770
5240	2727
5241	2736
5242	2770
5243	2768
5244	2769
5245	1658
5246	90
5247	2773
5248	2758
5249	2769
5250	2769
5251	2768
5252	2768
5253	2769
5254	2764
5255	2770
5256	2768
5257	2710
5258	2597
5259	2769
5260	2608
5261	2765
5262	2769
5263	2768
5264	2739
5265	2721
5268	1256
5269	2770
5270	2689
5271	2770
5272	2770
5275	2752
5277	1867
5279	2773
5280	2596
5281	2773
5282	2773
5283	2771
5284	2762
5285	2773
5286	2773
5287	2770
5288	565
5289	2773
5290	2773
5291	2773
5292	2772
5293	2773
5294	2704
5295	2773
5296	2609
5297	2551
5298	2770
5299	3
5300	2759
5301	2773
5302	2773
5303	2716
5304	2770
5305	2770
5306	2773
5307	2773
5308	2772
5309	2541
5310	2769
5311	2750
5312	2773
5313	2632
5314	2773
5315	2760
5316	2773
5317	2748
5318	2585
5319	2773
5320	2704
5321	2773
5322	2762
5323	2773
5324	2770
5325	2773
5326	294
5327	875
5328	2763
5329	2726
5330	2764
5331	2525
5332	2752
5333	2769
5334	2764
5335	2728
5336	2773
5337	2773
5338	2410
5339	2772
5340	2731
5341	2693
5342	2739
5343	2769
5344	2734
5345	2770
5346	2725
5347	2773
5348	2772
5349	2771
5350	2772
5351	2773
5352	2773
5354	2773
5355	2773
5356	2746
5357	2757
5358	2698
5359	2733
5360	2767
5361	2729
5362	2776
5363	2773
5364	2775
5365	2750
5366	2757
5367	2679
5368	2769
5369	2766
5373	2721
5374	2732
5375	2750
5376	2764
5377	2717
5378	2549
5379	2710
5380	2723
5381	2769
5382	2729
5383	2743
5384	2720
5385	2763
5386	2767
5387	2643
5388	2753
5389	2699
5390	2744
5391	2769
5392	2738
5393	2769
5394	2768
5396	2769
5397	2769
5398	2769
5399	2769
5400	2753
5401	2769
5402	2769
5403	2616
5404	2713
5405	2711
5406	2700
5407	2475
5408	2370
5409	2676
5410	2620
5414	2584
5415	2726
5416	2674
5417	2686
5418	2665
5419	2681
5420	2522
5421	2610
5422	2776
5423	2778
5424	2778
5425	2778
5426	2777
5427	2778
5428	2778
5429	2778
5430	2486
5431	2777
5432	2778
5433	2778
5434	2740
5435	2669
5436	2655
5437	2729
5438	2071
5439	2770
5440	2778
5441	2777
5442	2762
5443	2728
5444	2767
5451	2772
5452	2754
5453	2752
5454	2757
5455	2756
5456	2764
5457	2766
5458	2770
5459	2766
5460	2769
5461	2769
5462	2758
5463	2751
5464	2773
5465	2778
5466	2762
5467	2767
5468	2778
5469	2778
5470	2774
5471	1
5472	2767
5473	2778
5474	2775
5475	2774
5476	2777
5477	2778
5478	2778
5479	2778
5480	2778
5481	2777
5482	2769
5483	2753
5484	2778
5485	2746
5486	2778
5487	2778
5488	2777
5489	2776
5490	2775
5491	2776
5492	2778
5493	2778
5494	2768
5495	2778
5496	2583
5497	2667
5498	2671
5499	2767
5500	2775
5502	2778
5503	2708
5504	2
5505	2467
5506	2530
5508	2775
5509	2777
5510	2770
5511	2778
5512	2759
5513	2577
5515	2775
5516	2778
5517	2778
5518	2778
5519	2778
5520	2778
5521	2778
5522	2776
5523	2772
5524	2778
5525	2777
5526	2774
5527	2773
5528	2778
5529	2741
5530	2776
5531	2763
5532	2777
5533	2775
5534	2776
5535	2778
5536	2778
5537	2777
5538	2776
5539	2765
5540	2778
5541	2778
5542	2778
5543	2777
5544	2775
5545	2778
5546	2776
5547	2778
5548	2742
5549	2778
5551	2777
5552	2776
5553	2771
5554	2777
5555	2775
5556	2772
5557	2774
5558	2764
5559	2736
5560	2777
5561	2660
5562	2769
5563	2772
5564	2746
5565	1908
5566	2776
5567	2775
5568	2778
5569	2778
5570	2759
5571	2778
5572	2778
5573	2778
5574	2778
5575	2778
5576	2778
5577	2770
5578	2775
5579	2724
5580	2778
5581	2776
5582	2774
5583	2777
5584	2778
5585	2777
5586	2750
5587	2778
5588	517
5589	2770
5590	2777
5591	2778
5592	2724
5593	2288
5594	2497
5595	2435
5596	2403
5597	2378
5598	2684
5599	2611
5600	2588
5601	2624
5602	2599
5603	2622
5604	2602
5605	2658
5606	2774
5607	2768
5608	2760
5609	2778
5610	2777
5611	2764
5612	2702
5613	2778
5614	2518
5615	2695
5616	2778
5617	2760
5618	2764
5619	2778
5621	2541
5622	2778
5623	2778
5624	2777
5625	2778
5626	2774
5627	2778
5628	2771
5629	2778
5630	2778
5631	2747
5632	2778
5633	2777
5634	2776
5635	2778
5636	2778
5637	2754
5638	2772
5639	2767
5640	2763
5641	2772
5642	2732
5643	2778
5644	2778
5645	2778
5646	2778
5647	2773
5648	2773
5649	2778
5650	2777
5651	2778
5652	2767
5653	2777
5654	2778
5655	2739
5656	2778
5657	2777
5658	2778
5659	2778
5660	2777
5661	2777
5662	2778
5663	2773
5664	2778
5665	2777
5666	2774
5667	2777
5668	2776
5669	2777
5670	2778
5671	2778
5672	2778
5673	2778
5674	2778
5675	2778
5676	2778
5677	2774
5678	2778
5679	2731
5680	2680
5681	2778
5682	2778
5683	2766
5684	2778
5685	2778
5686	2778
5687	2778
5688	2778
5689	2778
5690	2778
5691	2778
5692	2778
5693	2771
5694	2778
5695	2778
5696	2778
5697	2774
5698	2778
5699	2309
5700	2709
5701	2778
5702	2778
5703	2778
5705	2778
5706	2778
5707	2778
5708	2769
5709	2762
5710	2777
5711	2778
5712	2778
5713	2778
5714	2778
5715	2776
5716	2778
5717	2778
5718	2775
5719	3
5720	2769
5721	2765
5722	2749
5723	2698
5724	2776
5725	2778
5726	2746
5727	2778
5728	2778
5729	2775
5730	2778
5731	2770
5732	2774
5733	2777
5734	2773
5735	2773
5736	2763
5737	2767
5738	2778
5739	2778
5740	2778
5741	2778
5742	2759
5744	2735
5745	2637
5746	2631
5747	2729
5748	2673
5749	2656
5750	2628
5751	2099
5752	2637
5753	2573
5754	1491
5755	2689
5756	2717
5757	2626
5759	2092
5760	2435
5761	2778
5762	2778
5763	2765
5764	2778
5765	2778
5766	2778
5767	2778
5768	2768
5769	2778
5770	2768
5771	1990
5772	2778
5773	2778
5774	2770
5775	2774
5776	2778
5777	2778
5778	2771
5779	2775
5780	2639
5782	2600
5783	2776
5784	2758
5785	2765
5786	2778
5787	2775
5788	2778
5789	2778
5790	2775
5791	2778
5792	2777
5793	2770
5794	2770
5795	2778
5796	2778
5797	2695
5798	2778
5799	2778
5800	2778
5801	2778
5802	2778
5803	2778
5804	2778
5805	2776
5806	2778
5807	2776
5808	2778
5809	2748
5810	2778
5812	2778
5813	2746
5814	2770
5815	2016
5816	2775
5817	2772
5818	2769
5819	2770
5820	2776
5821	2771
5822	2767
5823	2778
5824	2778
5825	2778
5826	2775
5827	2753
5828	2745
5829	2778
5831	2777
5832	2773
5833	2778
5834	2680
5835	2621
5836	2721
5837	2776
5838	2778
5839	2778
5840	2778
5841	2778
5842	2778
5843	2429
5844	2775
5845	2778
5846	2734
5847	2777
5848	2746
5849	2778
5850	2766
5851	2778
5852	2777
5853	2774
5854	2772
5855	2770
5856	2769
5857	2776
5858	2778
5859	2778
5860	2763
5861	2775
5862	2774
5864	2778
5865	2778
5869	2776
5870	2766
5871	2768
5872	2765
5873	2773
5874	2773
5875	2763
5876	2773
5877	2773
5878	2699
5879	2771
5880	2767
5881	2761
5882	2764
5883	2769
5884	2709
5885	2727
5886	2752
5887	2755
5888	2626
5889	2754
5890	2727
5891	2770
5892	2768
5893	2773
5894	2772
5895	2770
5896	2772
5897	2770
5898	2756
5899	2771
5900	2773
5901	2237
5902	2234
5903	2451
5904	2773
5905	2773
5906	2074
5907	2778
5908	2778
5909	2778
5910	2778
5911	2778
5912	2778
5913	2778
5914	2778
5915	2778
5916	2778
5917	2778
5918	2778
5919	2778
5920	2777
5921	2778
5922	2778
5923	2772
5924	2778
5925	2778
5926	2778
5927	2778
5928	2778
5929	2778
5930	2778
5931	2750
5932	2775
5933	2778
5934	2778
5935	2778
5936	2778
5937	2778
5938	2762
5939	2759
5940	2778
5941	2777
5942	2778
5943	2775
5944	2777
5945	2776
5947	2778
5948	2771
5949	2758
5950	2773
5951	2774
5952	2778
5953	2778
5955	2778
5956	2778
5957	2777
5958	2778
5959	2778
5960	2778
5961	2777
5962	2778
5963	2731
5964	2768
5965	2767
5966	2757
5967	2778
5968	2778
5969	2778
5970	2775
5971	2770
5972	2778
5973	2769
5974	2769
5975	2774
5976	2778
5977	2778
5978	2778
5979	2778
5980	2778
5981	2778
5982	2778
5983	2778
5984	2777
5985	2778
5986	2775
5987	2778
5988	2778
5989	2770
5990	2753
5991	2754
5993	1
5994	2778
5995	2776
5996	2774
5997	2751
5998	2778
5999	2771
6000	2770
6001	2610
6003	2763
6004	2776
6005	2747
6006	255
6009	2778
6010	2778
6011	2778
6012	2773
6013	2778
6014	2765
6015	2772
6016	2774
6017	2774
6018	2778
6019	2778
6020	2778
6021	2757
6022	2773
6023	2768
6024	2759
6025	2757
6026	2773
6027	2739
6028	2740
6029	2778
6030	2768
6031	2778
6032	2778
6033	2778
6034	2778
6035	2763
6036	2776
6037	2778
6038	2774
6039	2771
6040	2778
6041	2778
6042	2778
6043	2778
6044	2778
6045	2778
6048	2758
6050	1
6052	2729
6053	2778
6054	2770
6055	2777
6056	2775
6057	2767
6059	2762
6061	2777
6062	2773
6063	2778
6064	2771
6065	2763
6066	2764
6067	2778
6068	2777
6069	2777
6070	2777
6071	2778
6072	2778
6073	2722
6074	2776
6075	2778
6076	2736
6077	2752
6078	2752
6079	2778
6080	2772
6081	2765
6082	2744
6083	2778
6084	2778
6085	2775
6086	2750
6087	2771
6088	2768
6089	2773
6090	2777
6091	2778
6092	2762
6093	2744
6094	2743
6095	2724
6096	2778
6097	2778
6098	2778
6099	2778
6100	2773
6101	2713
6102	2772
6103	2775
6104	2716
6105	2778
6106	2687
6107	2556
6109	2773
6110	2551
6111	2773
6112	2717
6113	2778
6114	2755
6115	2772
6116	2778
6117	2776
6118	2778
6119	2778
6120	2778
6121	14
6122	2778
6123	2740
6124	2778
6125	2777
6126	2771
6127	2739
6128	2760
6129	2778
6130	2778
6131	2778
6132	2778
6133	2778
6134	2778
6135	2778
6136	2778
6137	2776
6138	2777
6139	2778
6140	2778
6141	2778
6142	2778
6143	2778
6144	2778
6146	2778
6147	2762
6148	2773
6149	2778
6150	2768
6151	2778
6152	2778
6153	2778
6154	2750
6155	2778
6156	2778
6157	2775
6158	2778
6159	2778
6160	2775
6161	2778
6162	2775
6163	2777
6164	2778
6165	2778
6166	2772
6167	2776
6168	2773
6169	2776
6170	2777
6171	2778
6172	2778
6173	2778
6174	2778
6175	2774
6176	2608
6177	2686
6178	2771
6179	2717
6180	2762
6182	2451
6183	2603
6184	2627
6185	2772
6186	2739
6187	2581
6189	2693
6190	2726
6192	2778
6194	2778
6195	2768
6196	2776
6197	2774
6198	2777
6199	2694
6200	2778
6201	2778
6202	2778
6203	2778
6204	2778
6205	2774
6206	2778
6207	2778
6208	2778
6209	2776
6210	2778
6211	2777
6212	2771
6213	2775
6214	2778
6215	2778
6216	2776
6217	2775
6218	2778
6219	2750
6220	2778
6221	2765
6222	2778
6223	2776
6224	2775
6225	2744
6226	2776
6227	2771
6228	2766
6229	2774
6230	2776
6231	2769
6232	2778
6233	2778
6234	2778
6235	2778
6236	2778
6237	2778
6238	2778
6239	2778
6240	2778
6241	2744
6242	2778
6243	2778
6244	2735
6245	2774
6246	2778
6248	2739
6249	2768
6250	2773
6252	2777
6253	2778
6254	2777
6255	2777
6256	2778
6257	2773
6258	2778
6259	2778
6260	2777
6261	2778
6262	2772
6263	2775
6264	2772
6265	2778
6266	2769
6267	2778
6268	2778
6269	2778
6270	2778
6271	2771
6272	2778
6273	2637
6274	2777
6275	2741
6276	2738
6277	2757
6278	2734
6279	2776
6280	2654
6281	2563
6282	2236
6283	2778
6284	2603
6286	2778
6287	2778
6288	2778
6289	2762
6290	2778
6291	2777
6292	2775
6293	2778
6294	2740
6295	2741
6296	2767
6297	2778
6298	2778
6299	2778
6300	2769
6301	2775
6302	2774
6303	2777
6304	2777
6305	2778
6306	2778
6307	2778
6308	2774
6309	2778
6310	2778
6311	2775
6312	2761
6313	2769
6314	2758
6315	2778
6316	2778
6317	2778
6318	2778
6319	2777
6320	2778
6321	2778
6322	2777
6323	2763
6324	2777
6325	2558
6327	2763
6329	2778
6330	2778
6331	2778
6332	2773
6333	2777
6334	2773
6335	2778
6336	2776
6337	2778
6338	2777
6339	2778
6340	2778
6341	2492
6342	2778
6345	2778
6347	2567
6348	2778
6349	2774
6350	2756
6351	2776
6352	2689
6353	2778
6355	2778
6356	2066
6357	2778
6358	2778
6359	2778
6360	2778
6361	2778
6362	2761
6363	2777
6364	2777
6365	2767
6366	2777
6367	2778
6368	2778
6369	2774
6370	2764
6371	2778
6372	2775
6373	2778
6374	2778
6375	2778
6376	2778
6377	2768
6378	2778
6379	2778
6381	2778
6382	2775
6383	2767
6384	2776
6385	2778
6386	2778
6387	2778
6388	2777
6389	2776
6390	2775
6391	2769
6392	2777
6393	2777
6394	2778
6395	2778
6396	2778
6397	2778
6398	2777
6399	2778
6400	2778
6401	2720
6402	2752
6403	2768
6404	2776
6405	2766
6406	2777
6407	2777
6408	2776
6409	2758
6410	2777
6411	2778
6413	2778
6414	2774
6415	2704
6416	2778
6417	2777
6418	2778
6419	2730
6420	2778
6421	2778
6422	2776
6423	2778
6424	2778
6425	2778
6426	2778
6427	2774
6428	2776
6429	2778
6430	2778
6431	2778
6432	2774
6433	2778
6434	2777
6435	2778
6436	2778
6437	2778
6438	2765
6439	2778
6440	2778
6441	2776
6442	2778
6443	2778
6444	2778
6445	2778
6446	2778
6447	2778
6448	2776
6449	2778
6450	2776
6451	2775
6452	2778
6453	2778
6454	2769
6455	2770
6456	2778
6457	2778
6458	2778
6459	2777
6460	2777
6461	2777
6462	2778
6463	2773
6464	2777
6465	2719
6466	2778
6467	2739
6468	2768
6469	2759
6470	2777
6471	2756
6472	2778
6473	2778
6474	2754
6475	2754
6476	2774
6477	2692
6478	2764
6479	2660
6480	2737
6481	2760
6482	2773
6483	2778
6484	2777
6485	2778
6486	2778
6487	2769
6488	2767
6489	2772
6490	2773
6491	2670
6492	2377
6493	2440
6494	2770
6495	2778
6496	2778
6497	2778
6498	2777
6499	2778
6500	2767
6501	2768
6502	2773
6503	2777
6505	2778
6506	2770
6508	2778
6509	2775
6510	2778
6511	2778
6512	2778
6513	2773
6514	2777
6515	2752
6516	2760
6517	2
6518	2665
6519	2769
6520	2734
6521	2778
6522	2421
6523	2752
6524	2744
6525	2778
6526	2777
6527	2773
6528	2778
6529	2777
6530	2778
6531	2778
6532	2776
6533	2778
6534	2778
6535	2778
6536	2778
6537	2740
6538	2659
6539	2505
6540	2778
6545	2739
6546	295
6547	1711
6548	2778
6549	2778
6550	2778
6551	2778
6552	2778
6553	2768
6554	2777
6555	2775
6556	2763
6557	2778
6558	2778
6559	2773
6560	1130
6561	2773
6562	2772
6563	2765
6564	2771
6565	2750
6566	2735
6567	2761
6568	2768
6569	2760
6570	2766
6571	2768
6572	2755
6573	2599
6574	2773
6575	2738
6578	2727
6579	2696
6580	2747
6582	2457
6583	2493
6584	1746
6585	2644
6586	2190
6587	2289
6588	2579
6589	2428
6590	2689
6591	2538
6592	2767
6593	2767
6594	2770
6595	2757
6596	2634
6597	2736
6598	2523
6599	873
6600	2766
6601	2758
6602	2750
6603	2762
6604	2758
6605	2708
6606	2747
6607	2764
6608	2709
6609	2759
6610	2756
6611	2759
6612	2766
6613	2752
6614	2767
6615	2767
6616	2767
6617	2767
6618	2762
6619	2741
6620	2767
6621	2767
6622	2767
6623	2762
6624	2763
6625	2661
6626	2298
6627	2729
6628	2373
6629	2513
6631	2172
6632	31
6633	1952
6634	2763
6635	2712
6636	2563
6637	1955
6638	2504
6639	2547
6640	2778
6641	2710
6642	2779
6643	2779
6644	2739
6645	2773
6646	1691
6647	2266
6648	2775
6649	2745
6650	2753
6651	2774
6652	2779
6653	2779
6654	2747
6655	2778
6656	2779
6657	2779
6658	2779
6659	2779
6660	2779
6661	2779
6663	2575
6664	2444
6665	2249
6666	2778
6667	2779
6668	2779
6669	2779
6670	2779
6671	2779
6672	2778
6673	2779
6674	2769
6676	2577
6677	2767
6678	2779
6679	2745
6680	2656
6681	2779
6682	2751
6683	2643
6684	2777
6685	2779
6686	2776
6687	2778
6688	2643
6689	2594
6690	2533
6691	2746
6692	2778
6693	2774
6694	2777
6695	2719
6696	2412
6697	2777
6698	2779
6699	2779
6700	2779
6702	2779
6703	2695
6704	2
6705	2
6706	2775
6707	2779
6711	2768
6712	2779
6713	2779
6714	2770
6715	2723
6716	2745
6717	2641
6718	2325
6719	2778
6720	2680
6721	2597
6722	2778
6723	2724
6724	1867
6725	2720
6726	2740
6727	2143
6728	2178
6729	2674
6730	2727
6731	2779
6732	2569
6733	2120
6734	2680
6735	2778
6736	2776
6737	2718
6738	2777
6739	2779
6740	2779
6741	2779
6742	2779
6743	2747
6744	2604
6745	2778
6746	2736
6747	769
6748	2778
6749	2764
6750	2779
6751	2617
6753	2779
6754	2779
6755	2778
6756	2779
6757	2764
6758	2764
6759	2759
6760	2772
6761	2779
6762	2779
6763	2779
6764	2779
6765	2779
6766	2778
6767	1994
6768	2169
6769	2779
6770	2779
6771	2779
6772	2779
6773	2448
6774	2779
6775	2779
6777	2779
6778	2764
6779	2779
6780	2779
6781	2779
6782	2779
6783	2776
6784	2779
6785	2779
6786	2725
6787	102
6788	102
6789	2779
6790	2695
6791	2779
6792	2779
6793	2779
6794	2769
6795	2779
6796	2779
6797	2779
6798	2779
6799	2779
6800	2779
6801	2779
6802	2779
6803	1382
6804	2779
6805	2778
6806	2779
6807	2779
6808	2779
6809	102
6810	102
6811	1874
6813	2779
6815	2779
6816	2779
6817	2777
6819	2779
6820	2748
6822	2779
6823	2767
6824	2770
6825	2772
6826	2648
6827	2779
6828	2746
6830	2771
6832	2769
6833	2779
6835	2779
6836	2779
6837	2779
6838	2779
6839	2779
6840	2779
6841	2778
6842	2779
6843	101
6844	2779
6845	2779
6846	2779
6847	202
6848	2779
6849	2779
6850	2779
6851	2779
6853	2779
6854	2779
6855	2779
6856	2779
6857	2779
6858	2779
6862	2779
6864	2779
6866	2779
6867	2779
6868	2779
6869	2779
6870	2779
6871	2779
6872	2779
6873	2779
6874	2779
6875	2779
6876	2779
6877	2779
6878	2779
6879	2779
6880	2779
6881	2779
6882	2779
6883	2779
6884	2779
6886	2779
6887	2779
6888	2779
6889	2779
6890	2779
6891	2779
6892	2779
6893	2779
6894	2779
6895	310
6896	2779
6897	2779
6898	2779
6899	2779
6900	2779
6901	2779
6903	2779
6904	2779
6905	2779
6906	2779
6907	2779
6912	2410
6914	2549
6920	2767
6921	2767
6922	2778
6923	2778
6924	2776
6925	2775
6927	2776
6928	2778
6929	2776
6930	2777
6932	2779
6933	2779
6934	2779
6935	2775
6936	2779
6937	2779
6938	2779
6939	2779
6940	2778
6941	2779
6942	2777
6943	2779
6944	2779
6945	2778
6946	2777
6947	2778
6948	2745
6949	2779
6950	2779
6951	2779
6952	2779
6953	2075
6954	2744
6955	2738
6956	2769
6959	2642
6960	2611
6961	2631
6962	2736
6963	21
6964	2695
6965	2699
6966	2690
6967	2778
6970	2440
6979	2727
6980	2775
6981	2771
6983	2632
6998	2604
7001	2771
7002	2771
7003	2778
7004	2778
7005	2716
7006	2168
7008	2771
7012	2779
7013	2779
7014	2779
7015	2779
7017	2778
7018	2778
7019	2739
7020	2778
7021	2778
7023	2778
7024	2526
7027	2776
7029	2732
7037	2778
7038	2773
7041	2729
7053	2683
7054	2721
7055	2707
7057	2778
7058	2724
7059	2563
7060	2623
7061	2681
7066	2717
7067	2736
7069	2728
7071	2769
7073	2727
7074	2778
7076	2778
7077	2420
7078	2720
7080	1761
7082	2399
7083	2626
7085	2758
7086	2703
7087	2710
7088	2778
7089	2749
7092	2778
7093	2778
7094	2778
7097	2628
7099	2678
7100	2768
7101	2738
7102	2645
7107	2773
7108	2758
7109	2773
7110	2066
7111	2778
7112	2778
7113	2735
7114	2710
7115	2778
7116	2755
7117	2779
7119	2779
7120	2779
7121	2779
7122	2779
7123	1097
7124	2779
7125	2779
7126	2779
7127	2779
7128	2779
7129	2779
7130	2646
7131	2779
7134	2740
7135	2719
7136	2741
7137	2704
7138	2634
7139	2734
7140	2778
7141	2537
7142	2415
7145	2779
9834	2763
9835	2760
9836	2748
9837	2763
9838	2778
9839	2778
9840	2763
9841	2778
9842	2778
9843	2774
9844	2753
9845	2778
9846	2769
9847	2773
9848	2733
9849	2770
9850	2548
9851	2009
9852	2759
9853	2434
9858	2771
9859	2739
9860	2599
9861	2760
9862	2717
9864	2694
9865	2771
9875	2759
9878	1624
9879	2769
9882	2700
9883	2484
9884	2481
9886	2697
9887	2737
9888	2727
9890	2778
9892	2778
9893	2778
9894	2677
9895	2778
9896	137
9897	2543
9898	2414
9899	2447
9900	2519
9901	2760
9903	2702
9904	2586
9905	2538
9906	2682
9907	2611
9908	2705
9909	2710
9910	2423
9911	2568
9912	2574
9913	2395
9914	2705
9915	2715
9916	2729
9917	2600
9918	2729
9919	2709
9920	2668
9925	1470
9926	2520
9928	2542
9929	2433
9930	2702
9931	2515
9932	2717
9933	2713
9934	2647
9935	2694
9936	2773
9939	2008
9940	2768
9941	2764
9942	2757
9943	2773
9944	2773
9956	2777
9957	2778
9958	2778
9959	2778
9960	2392
9961	2594
9962	2702
9963	2535
9964	2606
9965	2637
9967	1357
9968	2740
9969	2778
9970	2451
9971	2444
9972	2611
9973	2644
9974	2461
9975	2613
9976	2687
9977	2778
9978	2753
9979	2737
9980	2734
9981	2501
9985	2770
9986	2773
9987	2723
9988	2773
9989	2773
9990	2772
9991	2755
9992	2682
9993	2777
9995	2728
9996	2749
9997	2713
9998	2767
9999	2712
10000	2348
10011	2674
10012	1637
10013	2777
10014	2769
10015	2739
10016	2122
10017	2768
10018	2738
10022	2778
10023	2778
10025	2773
10027	2763
10028	2756
10029	2724
10030	2759
10031	2777
10032	2628
10033	2677
10034	2775
10036	2759
10037	2720
10038	2488
10039	2493
10040	2354
10041	2735
10042	2650
10045	2575
10047	2533
10048	2778
10049	2625
10050	2716
10051	2765
10052	2704
10053	2771
10054	2773
10055	2536
10056	2768
10057	2778
10058	2753
10059	2577
10060	2246
10061	2614
10062	2657
10063	2775
10064	2778
10065	2344
10066	2778
10067	2576
10069	2386
10076	2776
10078	2767
10079	2752
10080	2778
10081	2778
10082	2778
10083	2775
10084	2773
10085	2778
10086	2471
10088	2643
10090	2310
10091	2315
10092	2769
10093	2766
10094	2767
10097	2644
10098	2777
10099	2767
10100	2778
10101	2775
10102	2738
10103	2778
10104	2751
10106	2687
10107	2257
10108	2509
10109	2744
10110	2778
10111	2778
10112	2777
10113	2778
10114	2747
10115	2778
10116	2777
10117	2778
10118	2777
10119	2776
10120	2777
10121	2778
10122	2754
10123	2772
10124	63
10125	2778
10126	2757
10127	2756
10128	2756
10129	2778
10131	2778
10132	2778
10134	2752
10136	2768
10138	2774
10139	2778
10140	2776
10141	2771
10142	2776
10143	2735
10144	2777
10147	2757
10148	2778
10149	2778
10150	2778
10151	2777
10152	2778
10153	2648
10154	2733
10155	2545
10156	2769
10157	2763
10158	2778
10159	2778
10160	2778
10161	2778
10165	2393
10166	2687
10167	2773
10168	2778
10169	2778
10170	2777
10171	2609
10172	2778
10173	104
10174	1121
10175	2771
10176	2779
10177	2742
10178	2779
10179	2779
10180	2739
10181	2433
10182	2662
10184	2706
10186	2269
10187	2697
10188	2703
10189	2479
10190	2772
10191	1964
10192	2778
10193	2778
10194	2779
10195	2654
10197	2733
10198	2779
10199	2778
10200	2779
10201	2776
10202	13
10203	2779
10204	2779
10205	2779
10207	2779
10208	2779
10210	2779
10211	2778
10212	2685
10213	2334
10214	2612
10215	2772
10216	2579
10217	2771
10218	2730
10219	2734
10220	2686
10221	2648
10223	2771
10224	2773
10225	2765
10226	2752
10227	1212
10228	2772
10229	2752
10230	2770
10231	1507
10232	2750
10233	2388
10234	2369
10235	2767
10236	2760
10237	2767
10238	2776
10239	1327
10240	2561
10241	2777
10243	2753
10244	2778
10245	2706
10246	2351
10247	2771
10248	2777
10249	2772
10250	2769
10251	2769
10253	2773
10254	2770
10256	2164
10257	2738
10258	2778
10259	2778
10260	2776
10261	2771
10262	2591
10264	2779
10265	2779
10266	2779
10267	2779
10268	2779
10269	2
10271	2632
10272	2773
10273	2770
10274	2773
10275	2773
10276	2760
10277	2758
10278	2655
10279	2767
10280	2640
10281	2773
10283	2756
10286	1793
10287	2773
10288	2673
10289	2755
10290	2773
10291	2769
10292	2351
10293	2735
10294	2766
10295	2771
10296	2770
10297	1284
10298	2778
10299	2778
10300	2773
10301	2778
10302	2778
10303	2772
10304	2770
10305	2778
10306	2777
10307	2585
10308	2778
10309	2773
10310	2773
10311	2660
10312	2386
10313	2773
10314	2773
10315	2773
10316	2560
10317	2773
10318	2773
10319	2772
10320	2773
10321	2768
10322	2773
10323	2773
10324	2773
10325	2751
10326	2753
10327	2758
10328	2764
10329	2666
10330	2721
10331	2755
10333	2710
10334	2748
10335	2368
10336	2643
10337	2370
10338	2569
10340	2768
10341	2776
10342	2778
10343	2764
10344	2778
10345	2773
10346	2748
10347	2778
10348	2778
10349	2778
10350	2778
10351	2778
10352	2778
10353	2778
10354	2778
10355	2778
10356	2777
10357	2641
10358	2678
10360	2704
10361	2544
10363	2767
10364	2340
10365	2434
10366	2440
10367	2703
10368	2622
10369	2416
10370	2666
10371	2562
10372	2712
10373	2661
10374	2271
10375	2352
10376	2274
10377	2593
10378	2585
10381	2318
10382	2426
10383	2508
10384	2545
10386	2725
10387	2730
10388	2736
10389	2773
10390	2711
10391	2721
10393	2306
10394	2773
10395	2653
10397	2773
10398	2773
10400	2778
10401	2751
10402	2755
10403	2769
10404	2772
10405	2648
10406	2688
10407	2684
10408	2723
10409	2729
10410	2778
10412	2406
10413	2761
10414	2142
10415	2716
10416	2443
10417	2135
10419	2714
10420	2513
10421	2539
10422	2748
10423	2443
10424	2773
10425	2773
10426	2773
10427	2740
10428	2773
10429	2773
10430	2773
10431	2702
10432	2421
10433	2740
10434	1281
10435	2728
10436	2776
10437	2778
10438	2768
10439	2738
10440	2584
10441	2755
10442	2229
10443	2312
10444	2704
10445	2726
10446	2778
10447	2778
10448	2778
10449	2778
10450	2771
10451	2778
10452	1587
10453	2778
10454	2778
10455	2778
10456	2754
10457	2718
10458	2767
10459	2760
10460	2749
10461	2668
10462	2758
10463	2778
10467	2534
10469	2643
10470	2598
10472	2778
10473	2777
10474	2773
10475	2775
10476	2776
10477	2777
10478	2777
10479	2778
10480	2778
10481	2778
10482	2776
10483	2775
10484	2736
10485	2778
10486	2766
10487	2766
10488	2699
10489	2770
10491	2735
10492	2767
10493	2763
10494	2771
10495	2722
10497	2751
10498	2778
10499	2777
10500	2769
10501	2770
10502	2769
10503	2667
10504	2181
10505	2516
10506	2769
10507	2773
10508	2737
10509	2771
10510	2769
10511	2773
10512	2633
10513	2752
10514	2726
10515	2768
10516	2771
10517	2354
10518	2694
10519	2699
10520	2232
10521	2266
10522	2740
10523	2728
10524	2648
10525	2647
10526	2751
10527	1875
10528	2741
10529	2773
10530	2331
10531	2772
10533	2773
10535	2752
10536	2771
10537	2629
10538	2769
10539	2725
10540	2778
10541	2778
10542	2778
10543	2769
10544	2778
10545	2778
10546	2778
10547	2778
10548	2771
10549	2778
10550	2775
10551	1882
10552	2768
10553	2777
10554	2764
10555	2777
10556	2778
10557	2778
10558	2778
10559	2769
10561	2751
10562	2605
10563	2547
10564	2577
10566	739
10568	2773
10569	2773
10570	2772
10571	2773
10572	2766
10573	2473
10574	2773
10575	2759
10576	1103
10577	2768
10578	2760
10579	41
10580	2762
10581	2746
10582	2755
10583	2666
10584	2678
10585	2694
10586	2681
10587	1178
10588	2581
10589	2648
10590	2657
10591	2233
10592	2728
10593	2705
10594	954
10595	2490
10596	2622
10597	2488
10598	2767
10599	2595
10600	2767
10601	2705
10602	2778
10603	2775
10604	2778
10605	2777
10606	2422
10607	2569
10608	2516
10609	2433
10610	2690
10611	2737
10612	2416
10613	2768
10614	2769
10615	2694
10616	2471
10617	2770
10618	2663
10619	2743
10620	2772
10621	2756
10622	2674
10623	2721
10624	2747
10625	2673
10626	2747
10627	2697
10628	2776
10629	2744
10630	2546
10631	2774
10632	2689
10633	1957
10634	2713
10635	2725
10636	2755
10637	2769
10638	2769
10639	2669
10640	2765
10641	2603
10642	2626
10643	2760
10644	2733
10645	2737
10646	2716
10647	2738
10648	2698
10649	2724
10650	2707
10651	2778
10652	2611
10653	2766
10654	2685
10655	2770
10656	2543
10657	2766
10658	2623
10659	2779
10660	2779
10661	2779
10662	2779
10663	2766
10664	2756
10665	2680
10666	2760
10667	2444
10668	2770
10669	2774
10670	2778
10671	2773
10672	2697
10673	2775
10674	2772
10675	2773
10676	2761
10677	2777
10678	2732
10679	2778
10681	2778
10682	2735
10683	2769
10684	2770
10685	2774
10686	2687
10687	2068
10688	2717
10689	2745
10690	2665
10691	2690
10692	2501
10693	2379
10694	2313
10695	2778
10696	2775
10697	2777
10698	2776
10699	2778
10700	2777
10701	2778
10702	2778
10703	2778
10704	2777
10705	2778
10706	2777
10707	2766
10708	2777
10709	2766
10710	2778
10711	2774
10712	2775
10713	2766
10714	2768
10715	2778
10716	2777
10717	2774
10718	2778
10719	2771
10720	2773
10721	2771
10722	2777
10723	2761
10724	2776
10725	2778
10726	2777
10727	2774
10728	2759
10729	2774
10730	2778
10731	2776
10732	2769
10733	2773
10734	2778
10735	2755
10736	2775
10737	2745
10738	2774
10739	2763
10740	2769
10741	2778
10742	2767
10743	2770
10744	2778
10745	2752
10746	2777
10747	2778
10748	2643
10750	2775
10752	2772
10753	2777
10754	2768
10755	2775
10756	2775
10757	2774
10758	2778
10759	2778
10761	2763
10762	2737
10770	2765
10771	2757
10772	2726
10773	2735
10779	2717
10780	2773
10781	2774
10782	2778
10783	2775
10784	2774
10785	2778
10786	2777
10787	2776
10788	2458
10789	2521
10790	2264
10791	2540
10793	2698
10794	2615
10795	2350
10796	2634
10797	2763
10798	2413
10799	2748
10800	2251
10801	2370
10804	2773
10805	2773
10806	2772
10807	2754
10808	2763
10809	2252
10810	2773
10812	2773
10813	2632
10814	2614
10815	2301
10816	1327
10817	2720
10818	2777
10819	2778
10820	2778
10821	2776
10822	2778
10823	2778
10824	2778
10825	2777
10826	2777
10827	2778
10828	2778
10829	2777
10830	2776
10831	2778
10832	2736
10833	2778
10834	2777
10835	2769
10836	2762
10837	2769
10838	2493
10839	2778
10840	2777
10842	2764
10843	2776
10844	2771
10845	2772
10846	2777
10847	2778
10851	2778
10852	2034
10853	2131
10854	2581
10855	2503
10856	2632
10857	2589
10858	2773
10859	2772
10860	2770
10861	2773
10862	2767
10863	2773
10864	2763
10866	354
10867	2688
10868	1234
10871	2773
10873	2773
10874	2713
10876	2772
10877	2773
10878	2678
10879	2729
10880	2588
10881	2772
10882	2213
10883	2722
10884	2738
10885	2741
10886	2727
10887	2769
10889	2777
10890	2778
10891	2778
10892	2778
10893	2778
10894	2778
10895	2778
10896	2777
10897	2778
10898	2772
10899	2778
10900	2773
10901	2773
10902	2509
10903	2770
10904	2778
10905	2773
10906	2727
10907	2778
10908	2778
10909	2775
10910	2778
10911	2753
10912	2765
10913	2740
10914	2758
10915	2778
10916	2771
10917	2771
10918	2778
10919	2778
10920	2771
10921	2600
10922	2234
10923	1338
10924	2588
10925	2734
10926	2612
10927	2634
10928	2778
10929	2334
10930	2750
10931	2642
10932	2759
10933	2778
10934	2752
10935	2772
10936	2778
10937	2772
10938	2778
10939	2778
10940	2770
10941	2770
10942	2756
10943	2777
10945	2769
10946	2769
10947	2767
10948	2767
10949	2773
10950	2696
10951	2739
10952	2773
10953	2772
10954	2773
10955	2747
10956	2770
10957	2773
10958	2765
10959	2759
10960	2773
10961	2766
10962	2732
10963	2773
10964	2773
10965	2773
10966	2773
10967	2772
10968	2770
10969	2770
10970	1713
10971	2755
10972	2771
10973	2773
10974	2773
10977	2655
10978	2678
10979	2179
10980	2778
10981	2752
10982	2769
10983	2658
10984	2573
10985	2554
10986	2731
10987	2773
10988	2773
10989	2636
10990	2770
10991	2770
10992	2772
10993	2769
10994	2755
10995	2772
10996	2439
10997	2772
10998	2777
10999	2776
11000	2763
11001	2765
11002	2766
11003	2768
11004	2769
11005	2764
11006	2770
11007	1319
11008	2764
11009	2766
11010	2767
11011	2778
11012	2774
11013	2754
11014	2778
11015	2778
11016	2777
11017	2778
11018	2777
11019	2778
11020	2778
11021	2756
11022	2770
11023	2679
11024	2770
11025	2773
11026	2764
11027	2763
11028	2773
11029	2773
11030	2650
11031	2771
11032	2587
11033	2612
11034	2684
11035	2503
11036	2378
11037	2778
11038	2778
11039	2767
11040	2657
11041	1313
11042	2772
11043	2114
11044	2769
11045	2772
11046	2728
11047	2769
11048	2612
11049	2767
11050	2764
11051	2769
11052	2765
11055	2775
11056	2646
11057	2774
11058	2778
11059	2778
11060	2723
11061	2758
11062	2706
11063	2716
11064	2760
11065	2770
11066	2765
11067	2777
11068	2778
11069	2766
11070	2768
11071	2740
11072	2762
11073	2770
11074	2770
11075	2713
11076	2771
11077	2756
11079	2632
11082	2778
11083	2776
11085	2769
11089	2778
11090	2646
11091	2778
11092	2764
11093	2769
11094	2776
11095	2666
11096	2320
11097	2746
11098	2725
11099	2685
11100	2737
11101	2737
11102	2625
11103	2521
11104	2754
11106	2778
11107	2776
11108	2774
11109	2778
11110	2774
11111	2765
11112	2778
11113	2778
11114	2777
11115	2778
11116	2755
11117	2775
11118	2778
11119	2769
11120	2764
11121	2768
11122	2755
11123	2724
11124	2750
11125	2748
11128	2775
11129	2773
11130	2778
11131	2778
11132	2778
11133	2754
11134	2753
11135	2776
11136	2776
11137	2776
11138	2773
11139	2777
11140	2776
11141	2778
11142	2710
11143	2415
11144	2647
11145	2702
11146	2668
11147	2735
11148	2722
11149	2763
11150	2684
11151	2775
11152	2752
11153	2776
11154	2772
11155	2778
11156	2767
11157	2698
11158	2738
11159	2689
11160	2754
11165	2650
11166	2776
11167	2756
11168	2722
11171	2716
11172	2771
11173	2778
11174	2767
11175	2778
11176	2776
11177	2777
11178	2778
11179	2778
11180	2778
11181	2778
11182	2777
11183	2776
11184	2778
11185	2778
11186	2777
11187	2670
11188	317
11189	2649
11190	2034
11191	2545
11192	2747
11193	2159
11194	2287
11195	2325
11196	2677
11197	2764
11199	2105
11200	2777
11201	2499
11202	2647
11210	2413
11211	2533
11212	2770
11213	1
11218	2754
11219	2691
11222	2637
11223	1490
11224	1440
11225	1502
11226	1482
11227	1502
11229	1487
11230	1463
11231	2451
11232	1943
11233	2437
11234	2612
11236	2587
11237	2461
11238	2592
11239	2679
11240	2658
11241	2562
11242	2719
11243	2536
11244	2681
11245	2419
11246	2674
11247	2376
11248	2705
11249	2680
11250	2718
11251	2750
11252	2579
11253	2332
11254	2608
11255	2629
11256	2733
11257	2762
11258	2641
11259	2778
11260	2778
11261	2136
11262	2767
11263	2323
11264	2316
11266	2770
11267	2766
11268	2735
11269	2769
11270	2777
11271	2701
11272	2695
11274	2657
11275	2545
11281	2778
11282	2623
11283	2535
11284	2692
11285	2702
11286	2778
11287	2773
11288	2778
11289	2773
11290	2776
11291	2778
11292	2768
11293	2735
11294	2708
11295	2760
11296	2721
11297	2724
11298	2731
11299	2771
11300	2765
