0	2784790
1	2
2	10
3	1752324
5	4
6	2
7	2
9	6
10	4
11	3146
12	6
13	1118
14	2
15	2
16	2
17	3146
18	1116
19	4
20	8
21	2
22	2
23	2
24	10
25	3148
26	2
27	2
28	1118
29	2
31	4
32	2
33	8
35	4
36	2
37	4
38	2
39	2
40	4
41	4
48	4
49	6296
50	2
51	2234
52	6
53	2
56	2
57	2
58	2
59	2
60	2
61	4
63	2
64	2
65	2
67	2
70	2
71	2
73	2
74	2
75	4
76	2
77	4
78	2
79	2
80	2
82	2
83	6
85	4
86	4
87	2
89	3148
90	4260
91	3152
92	1116
93	1118
94	6
95	2
97	2
99	2
100	2
101	3148
102	1114
103	3150
104	6
105	1116
106	2
107	4
108	3150
109	4
110	4264
111	3150
112	1116
113	1118
114	2
115	4
117	2
119	2
120	2
121	2
122	4
124	3146
125	2
126	4262
127	2
128	4262
129	1118
130	2
131	2
132	2
133	2
134	2
135	2
136	4
137	2
138	4
140	6
141	4
142	4
144	6
147	4
148	4
149	2
152	4
155	6
156	4
157	8
159	2
160	2
161	6
162	4
163	6
164	4
165	4
166	2
167	10
168	2
169	3152
170	4
171	1120
172	2
173	4
174	2
176	3150
177	4
178	1118
179	2
180	2
181	8
183	4
184	4
187	2
188	2
189	2
190	10
191	10
192	4
193	4
194	3150
195	6
196	1120
197	8
198	2
199	2
200	2
201	4
202	6
204	6
205	4
207	4
208	2
209	2
210	4
211	2
213	4
214	4
215	6
216	2
217	6
218	6
219	2
223	6
225	6
227	4
229	4
230	2
231	4
232	6
233	2
234	2
235	2
238	6
239	4
241	8
242	2
244	2
247	6
250	2
253	2
254	2
255	2
256	2
258	3148
259	2
260	1114
262	2
263	4
265	4
266	4
269	8
270	2
271	6
273	4
275	6
277	6
278	2
279	4
280	4
282	3150
283	2
284	1122
285	4
286	2
287	2
288	3152
289	1124
290	4
291	10
292	3156
293	4
294	1116
295	12
296	4
297	2
298	3148
299	6
300	1116
301	2
302	2
303	2
305	6
306	3150
307	4
308	4268
309	10
310	1118
311	2
312	6
313	4
314	2
315	2
316	3154
317	6
318	1116
319	4
320	6
321	2
322	4
323	6
324	4
325	8
327	2
328	2
329	2
332	2
333	6
334	8
336	2
337	4
338	2
340	6
341	6
342	2
343	2
344	4
346	2
347	4
349	4
350	8
351	10
352	4
353	6
354	2
355	2
356	2
357	4
358	10
359	2
360	8
361	3154
362	4
363	1120
364	4
365	2
366	3146
367	6
368	1114
369	2
370	2
371	6
372	4
373	2
375	4
376	4
377	4
378	2
379	4
380	4
381	2
382	4
383	8
387	4
388	4
389	6
390	2
391	2
392	2
396	6
398	2
400	3148
401	1118
402	4
403	10
405	2
406	2
408	2
410	4
411	4
412	2
413	6
414	10
415	2
417	4
418	2
420	2
421	2
422	2
423	4
424	2
425	2
426	2
428	2
430	2
431	2
432	2
434	4
436	2
437	6
439	2
440	6
444	4
447	2
451	4
453	2
454	4
458	6
459	2
460	2
461	2
462	2
464	2
467	2
468	2
469	4
470	8
471	3150
472	1114
473	2
474	6
475	2
476	4
477	6
478	3150
479	2
480	2
481	1116
483	2
484	4
485	2
486	4
488	4
489	6
490	10
491	2
493	4
494	2
495	6
497	4
499	2
500	4
501	2
502	2
503	4
504	6
508	2
509	2
510	3152
511	6
512	1120
513	2
514	4
515	2
516	4
518	10
520	4
521	2
522	6
524	4
525	4
526	4
528	2
529	2
530	4
531	2
532	2
534	4
535	2
536	2
537	2
538	6
539	2
540	4
541	2
542	4
544	4
545	4
546	2
548	2
550	2
552	4
554	2
558	6
559	2
560	3154
561	4
562	1122
563	4
564	6
566	2
567	16
568	8
569	2
570	2
571	4
572	6
574	8
575	2
576	2
577	3158
578	10
579	4
580	1120
582	4
583	2
584	2
586	2
587	6
588	2
589	2
590	6
591	4
592	4
594	8
595	2
596	6
599	2
600	4
601	3150
602	10
603	1120
604	2
605	4
606	2
607	2
608	2
610	2
611	2
612	8
615	2
617	8
618	2
619	6
620	3152
621	4
622	2
623	1114
624	4
625	2
626	4
627	10
628	6
629	3148
630	8
631	1116
632	6
633	6
635	2
637	6
638	8
639	4
640	2
641	4
642	4
643	4
644	2
645	6
646	4
648	4
649	2
650	2
651	6
652	4
654	2
655	2
656	4
657	2
658	6
659	2
660	6
661	6
662	4
663	2
664	4
665	2
666	2
668	4
669	3148
670	2
671	1130
672	8
673	8
674	3148
675	6
676	8
677	1120
678	6
679	2
680	4
681	8
682	3152
684	1120
685	6
686	2
688	10
689	4
690	6
691	6
692	2
693	8
694	6
695	6
696	2
697	8
699	4
700	2
701	4
702	6
703	2
704	4
705	2
706	6
707	10
708	8
709	2
710	2
711	4
712	4
713	2
714	6
716	3152
718	1116
719	4
720	4
721	4
722	2
723	6
724	4
725	2
728	2
729	4
730	10
731	2
732	2
733	4
734	4
735	6
736	2
737	4
738	6
740	6
741	2
742	2
744	6
746	2
747	6
748	6
749	2
751	2
752	10
753	4
754	6
756	2
758	2
759	2
760	6
761	8
762	4
763	2
764	6
765	8
766	2
768	2
769	3150
770	6
771	1118
772	6
774	10
775	2
776	2
777	10
778	4
779	6
780	8
782	10
783	2
784	8
785	3146
786	4
787	1116
789	12
790	2
791	4
792	4
793	4
794	2
796	2
797	2
798	4
799	2
800	2
801	2
803	4
804	2
805	4
806	2
807	2
808	6
809	4
810	4
811	4
812	2
813	2
815	2
817	4
818	2
819	4
820	6
821	8
822	2
824	4
825	6
826	6
827	4
828	4
829	2
830	4
831	4
832	2
834	4
835	4
836	4
838	4
839	4
840	4
841	4
842	4
844	4
845	2
846	6
847	4
848	2
849	2
850	2
851	8
852	4
854	2
856	4
857	4
859	4
860	6
861	2
862	4
863	12
864	6
865	2
866	4
867	10
868	4
869	2
870	4
871	3150
872	1122
873	6
874	4
875	4
876	2
877	4
878	6
880	12
881	2
882	4
883	4
884	4
885	12
886	2
887	4
889	2
890	4
891	3152
892	1130
893	3150
894	1118
895	8
896	8
897	12
898	8
899	2
900	8
901	4
902	6
903	4
904	4
905	4
906	4
907	6
908	2
909	3154
910	1118
911	4
912	2
913	4
914	10
915	4
916	8
917	8
918	6
919	6
920	2
923	4
924	8
925	8
926	4
927	8
928	12
929	8
930	6
931	10
932	6
933	4
934	3150
935	6
936	1126
937	12
938	12
939	4
940	8
941	10
942	6
943	6
944	2
945	12
946	4
947	4
948	4
949	6
950	4
951	6
952	8
953	4
954	4
955	2
956	4
957	2
958	8
960	2
961	4
962	3152
963	6
964	1122
965	10
966	4
967	2
968	4
969	12
970	4
971	2
972	8
973	4
974	4
975	6
976	16
977	12
978	6
979	4
980	4
981	4
982	8
983	4
984	4
985	4
986	4
988	6
989	4
990	4
991	4
992	3148
994	4264
995	4
996	1118
997	2
999	4
1001	2
1002	4
1003	2
1004	6
1005	10
1006	4
1007	2
1008	3146
1009	4
1010	2
1011	1114
1012	4
1016	8
1017	4
1018	2
1019	4
1021	4
1022	2
1023	2
1024	2
1025	2
1026	10
1028	2
1029	4
1030	2
1031	2
1032	2
1033	2
1034	2
1035	3162
1036	1122
1039	10
1040	6
1041	12
1042	4
1043	6
1045	2
1046	4
1048	2
1049	2
1050	6
1052	8
1054	10
1055	6
1056	2
1058	4
1059	6
1060	6
1061	2
1062	10
1063	2
1066	4
1067	8
1068	4
1069	4
1070	4
1071	4
1072	4
1073	10
1074	8
1075	6
1076	2
1077	6
1078	2
1079	4
1080	10
1081	8
1082	6
1083	14
1084	8
1085	16
1086	2
1087	6
1088	2
1089	6
1090	6
1091	6
1092	3156
1093	14
1094	1118
1095	8
1096	8
1097	4
1098	4
1099	8
1100	6
1102	2
1103	12
1105	4
1106	4
1107	4
1108	2
1109	6
1110	8
1111	2
1112	8
1113	2
1114	6
1115	2
1116	4
1117	6
1118	2
1119	2
1120	6
1121	10
1122	6
1123	4
1124	4
1126	4
1127	4
1129	10
1130	6
1131	6
1133	4
1134	6
1135	8
1136	10
1137	2
1139	4
1140	4
1141	2
1142	2
1143	4
1144	6
1145	4
1146	8
1147	4
1148	2
1149	2
1150	2
1151	2
1152	6
1153	4
1154	10
1155	4
1156	8
1157	6
1158	8
1159	6
1160	4
1162	2
1164	2
1165	2
1166	8
1167	6
1168	2
1169	6
1170	4
1171	4
1172	4
1173	4
1174	4
1175	8
1176	8
1177	4
1178	4
1179	3152
1180	8
1181	1120
1182	3162
1183	8
1184	1128
1185	8
1186	4
1187	14
1188	2
1189	6
1190	2
1191	6
1192	6
1193	2
1194	3152
1195	1120
1196	3146
1197	10
1198	1120
1199	2
1201	2
1202	2
1203	2
1205	6
1206	8
1207	2
1208	4
1209	12
1210	6
1211	6
1212	8
1213	6
1214	2
1217	8
1218	8
1219	6
1220	4
1221	4
1222	2
1223	2
1224	4
1226	4
1227	6
1228	2
1229	8
1230	2
1231	6
1232	2
1233	4
1234	3150
1235	14
1236	1116
1237	8
1238	2
1239	4
1240	4
1241	4
1242	4
1243	2
1244	4
1245	6
1246	8
1247	6302
1248	2232
1249	10
1250	6
1251	16
1252	4
1253	8
1254	2
1255	2
1256	2
1257	3150
1258	4
1259	1118
1260	4
1262	8
1263	2
1265	2
1266	4
1267	4
1268	2
1269	4
1270	2
1272	4
1273	6
1274	6
1275	6
1276	6
1277	2
1278	4
1279	6
1280	12
1281	8
1282	8
1283	8
1284	4
1285	4
1286	6
1287	8
1288	8
1289	6
1290	8
1291	10
1292	2
1293	3148
1294	2
1295	2
1296	1116
1297	2
1298	4
1299	2
1300	2
1301	6
1302	4
1303	6
1304	2
1305	8
1306	2
1307	6
1308	2
1309	4
1310	2
1311	2
1312	6
1313	6
1314	2
1315	8
1316	8
1317	12
1318	6
1319	4
1320	4
1321	14
1322	4
1323	4
1325	4
1326	10
1328	4
1329	4
1330	4
1331	2
1332	6
1333	8
1335	6
1336	4
1337	16
1338	8
1340	10
1341	6
1342	2
1343	4
1344	2
1345	6
1346	2
1347	10
1348	2
1349	2
1350	6
1351	4
1352	4
1353	8
1354	14
1355	12
1356	4
1357	10
1358	2
1359	10
1360	6
1361	2
1362	4
1363	8
1365	4
1366	2
1367	14
1368	2
1369	2
1370	2
1371	6
1372	4
1374	8
1375	4
1376	4
1377	6
1378	4
1379	6
1380	6
1381	4
1383	4
1384	3150
1385	14
1386	1122
1388	8
1389	6
1390	6
1391	2
1392	2
1393	4
1394	6
1396	8
1397	4
1398	4
1399	16
1400	20
1401	3166
1402	10
1403	6
1404	1116
1405	8
1406	6
1407	12
1408	18
1409	10
1410	14
1411	4
1412	2
1413	10
1414	10
1415	12
1417	14
1418	6
1419	8
1420	8
1421	8
1422	10
1423	8
1424	16
1425	16
1426	8
1427	10
1428	3152
1429	8
1430	1116
1431	4
1432	8
1433	3156
1434	6
1435	6
1436	1122
1437	6
1438	8
1439	10
1440	4
1441	10
1442	3150
1443	2
1444	1116
1445	4
1446	10
1447	8
1448	10
1449	2
1450	4
1451	2
1452	6
1453	2
1454	4
1456	6
1457	6
1458	4
1459	6
1460	12
1461	2
1462	6
1463	2
1464	4
1465	4
1466	6
1467	4
1468	6
1469	4
1470	4
1471	3152
1472	4
1473	1118
1474	12
1475	6
1476	4
1477	6
1478	4
1479	4
1480	2
1481	2
1482	4
1483	2
1484	4
1485	4
1486	8
1487	2
1488	6
1489	10
1490	4
1491	10
1492	2
1493	6
1494	6
1495	2
1496	2
1497	6
1498	6
1499	8
1500	4
1501	4
1503	8
1504	6
1505	10
1506	6
1507	6
1508	2
1510	2
1512	8
1514	12
1515	4
1516	4
1517	4
1518	2
1519	8
1522	10
1523	8
1524	12
1525	10
1526	8
1527	3150
1528	6
1529	1124
1530	6
1531	2
1532	4
1533	10
1534	6
1535	6
1536	6
1537	4
1538	8
1539	2
1540	4
1541	2
1542	8
1544	2
1545	4
1546	4
1547	6
1549	4
1550	8
1551	2
1552	4
1553	4
1556	6
1557	4
1558	2
1559	4
1561	2
1562	4
1563	4
1564	6
1565	16
1567	6
1568	2
1571	4
1572	4
1573	2
1574	6
1575	4
1576	4
1577	6
1578	2
1579	2
1580	12
1581	6
1582	2
1583	4
1585	2
1586	2
1587	2
1588	6
1590	4
1591	2
1592	2
1593	4
1594	2
1595	2
1596	6
1597	6
1598	2
1599	2
1600	8
1601	6
1602	6
1603	2
1604	8
1605	6
1606	2
1607	4
1608	2
1609	4
1610	18
1611	10
1612	6
1613	6
1614	12
1615	4
1616	10
1617	10
1618	4
1619	8
1620	8
1621	2
1622	4
1623	8
1624	10
1625	2
1626	6
1627	6
1628	14
1629	6
1630	6
1631	4
1632	6
1633	4
1634	10
1635	14
1636	12
1637	4
1638	4
1639	6
1640	6
1641	8
1642	8
1643	3152
1644	8
1645	10
1646	1118
1647	10
1648	4
1649	8
1650	12
1651	2
1652	8
1653	6
1654	8
1655	3156
1656	6
1658	1124
1659	4
1660	8
1661	4
1662	6
1663	8
1664	2
1665	4
1666	8
1667	4
1668	2
1670	6
1671	6
1672	4
1673	2
1674	18
1675	4
1676	8
1677	10
1678	2
1679	12
1680	8
1681	10
1682	12
1683	12
1684	6
1685	10
1687	6
1688	6
1689	6
1690	6
1692	10
1693	2
1694	4
1695	3154
1696	4
1697	1124
1698	4
1700	2
1701	2
1702	10
1703	10
1704	2
1705	3150
1706	6
1707	1126
1708	4
1709	12
1710	8
1711	8
1712	8
1713	12
1714	10
1715	8
1716	10
1717	6
1718	4
1719	2
1720	3150
1722	2
1723	1116
1726	4
1727	2
1728	10
1729	3154
1730	10
1731	1124
1732	6
1733	20
1734	10
1735	6
1737	2
1738	8
1739	4
1740	2
1741	4
1742	6
1744	6
1745	6
1746	10
1747	8
1748	4
1749	6
1751	8
1752	20
1753	8
1754	8
1755	8
1756	8
1757	2
1758	6
1759	12
1761	8
1762	8
1763	8
1764	4
1766	14
1767	10
1768	6
1769	2
1770	6
1771	6
1772	6
1773	4
1774	6
1775	14
1776	8
1777	14
1778	3164
1779	12
1780	8
1781	1130
1782	14
1783	18
1784	8
1785	10
1786	10
1787	16
1788	6
1789	3148
1790	8
1791	6
1792	1118
1793	4
1794	2
1795	14
1796	2
1797	14
1798	4
1799	8
1800	4
1801	8
1802	8
1803	4
1804	2
1805	10
1806	3160
1807	1118
1808	12
1809	6
1810	10
1811	6
1812	10
1813	6
1814	8
1815	2
1816	4
1817	3166
1818	14
1819	1116
1820	4
1821	4
1822	6
1823	12
1824	6
1825	4
1826	4
1827	6
1828	3154
1829	2
1830	2
1831	1122
1832	6
1833	6
1834	2
1835	2
1836	10
1837	6
1838	10
1839	10
1840	10
1841	6
1842	6
1843	2
1844	4
1845	2
1846	10
1847	4
1848	2
1849	10
1850	6
1851	6
1852	12
1853	10
1854	6
1855	3154
1857	6
1858	1120
1859	2
1860	2
1861	4
1862	8
1863	2
1864	4
1865	4
1866	4
1867	2
1868	6
1869	6
1870	2
1871	6
1872	10
1874	2
1875	2
1876	4
1877	2
1878	4
1879	2
1880	6
1881	4
1882	4
1883	8
1884	6
1885	10
1886	2
1887	6
1888	4
1889	6
1890	10
1891	6
1892	4
1893	8
1894	2
1895	4
1896	6
1897	4
1899	6
1900	4
1901	4
1902	2
1903	16
1904	4
1905	4
1906	2
1907	4
1909	2
1910	10
1911	8
1912	6
1913	2
1914	6
1915	6
1917	8
1918	6
1919	2
1920	4
1921	6
1922	8
1924	8
1925	8
1926	4
1927	10
1928	2
1929	12
1930	14
1931	6
1932	4
1933	6
1934	4
1935	4
1936	10
1937	2
1938	8
1939	4
1940	8
1941	4
1943	2
1944	2
1945	6
1946	8
1947	2
1948	4
1949	4
1950	8
1951	4
1952	2
1954	4
1955	2
1956	8
1957	2
1958	6
1959	4
1960	4
1961	8
1962	6
1963	4
1964	2
1965	6
1966	6
1967	4
1968	4
1969	10
1970	4
1972	6
1973	2
1974	4
1975	3152
1976	10
1977	1124
1978	8
1979	18
1980	6
1981	2
1983	12
1984	4
1985	8
1987	4
1988	4
1989	4
1990	3150
1991	6
1992	4
1993	1116
1994	2
1995	8
1996	4
1997	14
1999	8
2000	10
2001	4
2002	4
2003	3146
2004	10
2005	3150
2006	1120
2007	6
2008	1118
2009	6
2010	2
2012	4
2013	2
2014	6
2015	6
2016	2
2017	3154
2018	4
2019	1122
2020	10
2021	10
2022	12
2023	4
2024	2
2025	6
2026	4
2027	2
2029	6
2031	2
2032	6
2033	2
2034	12
2035	2
2036	8
2037	8
2038	6
2039	6
2040	10
2041	14
2042	8
2043	6
2044	4
2045	2
2046	6
2048	8
2049	4
2050	14
2051	2
2054	2
2055	8
2056	6
2057	4
2058	2
2059	2
2060	2
2061	10
2062	4
2063	4
2064	2
2065	8
2066	4
2067	6
2068	14
2069	2
2070	4
2071	4
2072	16
2073	8
2074	2
2075	4
2076	4
2078	2
2080	2
2081	6
2083	4
2084	4
2085	6
2086	8
2087	4
2088	2
2089	12
2090	4
2091	14
2092	6
2093	6
2094	2
2095	2
2096	4
2097	2
2098	2
2099	2
2100	2
2101	6
2103	4
2105	12
2106	6
2108	6
2109	4
2110	2
2111	6
2113	2
2114	2
2115	2
2116	6
2117	2
2118	2
2119	2
2120	6
2121	2
2122	4
2123	2
2124	4
2125	20
2127	4
2128	2
2130	2
2131	2
2132	4
2133	4
2135	4
2136	4
2137	4
2140	2
2141	4
2142	8
2143	6
2144	2
2145	2
2146	4
2147	4
2148	8
2149	6
2150	10
2151	14
2152	4
2154	4
2155	2
2156	10
2157	4
2158	6
2159	10
2160	12
2161	8
2162	10
2163	10
2164	4
2165	8
2166	3160
2167	10
2168	1128
2169	10
2170	12
2171	4
2172	4
2173	10
2174	8
2175	3152
2176	2
2177	2
2178	1126
2180	2
2181	16
2182	6
2183	4
2184	10
2185	4
2186	2
2187	8
2188	10
2189	8
2190	12
2191	3148
2192	8
2193	12
2194	1124
2195	4
2196	6
2197	8
2199	8
2200	2
2201	2
2202	4
2203	4
2204	4
2205	6
2206	4
2207	6
2208	6
2209	6
2210	2
2212	18
2213	8
2214	4
2215	4
2216	3154
2217	16
2218	1120
2219	12
2220	4
2221	8
2222	4
2223	8
2224	8
2225	4
2226	4
2227	8
2228	4
2229	4
2231	10
2232	4
2233	4
2234	8
2235	8
2236	6
2237	4
2238	3150
2239	8
2240	1114
2241	2
2242	2
2243	4
2244	6
2245	2
2246	2
2247	12
2248	8
2249	6
2250	6
2251	4
2252	4
2253	2
2255	6
2256	6
2257	4
2258	6
2259	6
2260	10
2261	6
2262	4
2263	8
2264	2
2265	18
2266	6
2267	6
2268	2
2271	6
2272	2
2273	2
2274	8
2275	2
2276	2
2277	2
2279	2
2280	4
2281	2
2282	2
2283	10
2284	8
2285	4
2286	14
2288	4
2289	6
2290	8
2291	8
2292	2
2293	8
2294	4
2295	8
2296	10
2297	8
2298	2
2299	2
2300	12
2301	4
2302	6
2303	2
2304	4
2305	4
2306	3150
2307	6
2308	6
2309	1126
2310	8
2311	2
2312	2
2313	10
2314	2
2315	8
2316	12
2317	2
2318	6
2319	3150
2320	4
2321	1120
2322	4
2323	4
2324	12
2327	12
2328	6
2329	8
2331	4
2333	3156
2334	4
2335	10
2336	1124
2337	8
2338	4
2339	2
2340	8
2341	10
2342	4
2343	2
2344	8
2345	2
2346	2
2347	4
2348	4
2349	8
2350	6
2351	2
2352	2
2353	2
2354	4
2355	8
2356	4
2358	10
2359	4
2360	6
2362	8
2363	2
2364	2
2365	2
2366	2
2367	2
2368	6
2369	10
2370	8
2371	6
2372	6
2373	4
2374	4
2375	4
2376	2
2377	2
2378	4
2379	2
2380	4
2381	8
2382	4
2383	2
2384	2
2385	4
2386	10
2387	2
2388	2
2389	4
2390	10
2391	4
2393	2
2394	6
2396	6
2398	4
2403	2
2404	4
2405	4
2406	6
2407	3152
2408	6
2409	1118
2410	8
2411	2
2412	6
2413	4
2414	4
2415	6
2416	6
2417	4
2418	2
2419	8
2421	2
2422	4
2424	2
2425	8
2427	12
2428	6
2429	2
2430	4
2431	2
2432	2
2433	2
2434	2
2435	2
2436	2
2437	2
2438	6
2439	2
2440	4
2442	6
2444	2
2446	6
2447	2
2449	2
2450	2
2451	2
2452	2
2453	2
2454	4
2456	6
2458	4
2459	6
2461	10
2462	2
2463	8
2464	4
2465	8
2466	6
2467	4
2468	2
2469	2
2471	2
2472	6
2473	8
2474	6
2476	4
2477	2
2478	10
2479	6
2480	8
2481	4
2482	4
2483	4
2484	12
2485	8
2486	6
2487	2
2489	8
2490	6
2491	8
2492	3152
2493	6
2494	2
2495	1114
2496	4
2498	2
2499	6
2500	2
2501	2
2502	6
2503	6
2504	2
2505	4
2507	2
2508	2
2509	6
2510	4
2511	6
2512	2
2513	2
2514	4
2515	2
2516	2
2517	4
2518	2
2519	6
2520	2
2521	4
2522	6
2523	6
2524	8
2525	2
2526	2
2527	4
2528	4
2529	10
2530	4
2533	3150
2535	1116
2536	4
2537	2
2538	2
2540	4
2543	4
2544	6
2545	2
2546	8
2547	6
2548	2
2549	2
2550	2
2553	6
2554	8
2556	4
2557	2
2559	4
2560	8
2561	2
2562	6
2563	2
2564	4
2565	2
2566	2
2567	8
2568	4
2569	6
2571	4
2572	6
2573	4
2574	6
2575	8
2576	4
2577	2
2578	4
2579	4
2581	2
2582	2
2584	2
2585	2
2587	8
2588	10
2589	2
2590	4
2591	4
2592	4
2593	10
2594	6
2596	2
2597	2
2598	2
2599	2
2600	2
2601	2
2602	2
2603	2
2605	2
2606	4
2607	8
2608	14
2609	4
2612	6
2613	2
2614	4
2615	10
2616	4
2617	4
2618	10
2619	2
2620	8
2621	8
2622	14
2623	2
2624	6
2625	12
2626	4
2627	3148
2628	2
2629	2
2630	1118
2632	8
2635	2
2636	2
2638	6
2639	4
2640	4
2641	8
2643	2
2644	2
2645	8
2646	4
2647	2
2648	6
2649	4
2652	6
2653	2
2654	10
2655	2
2656	6
2657	12
2658	12
2659	6
2660	14
2661	10
2662	6
2663	4
2664	4
2665	2
2666	6
2667	6
2668	3152
2669	6
2670	4
2671	1114
2672	4
2675	4
2676	6
2677	4
2678	8
2679	4
2680	8
2681	6
2682	2
2683	6
2684	10
2685	8
2686	2
2687	2
2689	2
2690	6
2691	6
2692	8
2693	2
2695	2
2698	6
2699	2
2700	4
2701	2
2702	6
2703	2
2704	4
2705	2
2706	8
2707	8
2708	2
2709	8
2711	4
2712	2
2713	2
2714	6
2715	2
2716	4
2717	4
2718	2
2719	4
2720	4
2721	4
2722	6
2723	4
2724	2
2725	8
2727	4
2728	4
2729	2
2730	4
2731	4
2732	2
2733	2
2734	2
2736	4
2738	4
2739	2
2740	2
2741	4
2742	8
2743	2
2744	2
2745	4
2746	2
2747	4
2748	2
2749	2
2750	2
2751	4
2752	2
2753	4
2754	2
2755	2
2757	2
2761	3150
2763	2
2764	1114
2765	4
2766	6
2769	2
2770	10
2771	2
2772	2
2773	6
2774	2
2775	2
2777	4
2778	8
2779	4
2780	6
2782	4
2783	4
2784	4
2785	2
2786	4
2787	8
2789	2
2790	4
2793	2
2795	2
2796	2
2797	2
2798	2
2799	2
2801	4
2803	2
2804	2
2805	2
2806	4
2807	4
2808	2
2810	4
2811	6
2812	2
2814	6
2815	2
2816	10
2818	6
2819	4
2820	2
2821	4
2823	2
2824	10
2825	2
2826	2
2828	2
2829	2
2830	2
2832	4
2833	2
2834	4
2835	4
2836	2
2839	8
2840	2
2841	6
2842	6
2843	6
2844	10
2845	4
2846	2
2847	6
2848	4
2849	8
2850	4
2851	6
2852	6
2854	6
2855	14
2856	6
2857	4
2858	4
2859	14
2860	6
2861	4
2862	2
2863	6
2864	16
2865	8
2866	3150
2867	10
2868	1120
2869	6
2870	3148
2871	12
2872	4
2873	1120
2874	2
2875	6
2876	4
2877	4
2878	6
2879	6
2880	2
2881	2
2882	4
2885	2
2886	2
2888	4
2889	4
2890	6
2892	4
2893	4
2894	2
2895	2
2896	6
2897	2
2899	2
2900	4
2901	2
2902	6
2903	8
2905	2
2908	8
2909	6
2910	4
2911	4
2912	2
2913	8
2914	4
2916	2
2917	2
2918	2
2920	4
2921	2
2922	6
2923	6
2924	4
2925	2
2926	4
2927	2
2928	2
2929	4
2930	4
2931	4
2932	2
2933	2
2934	2
2935	4
2937	8
2938	2
2939	4
2940	4
2941	2
2942	2
2943	6
2944	2
2945	6
2947	4
2948	4
2949	6
2950	4
2951	4
2952	4
2953	6
2954	6
2955	6
2956	2
2957	2
2958	2
2960	3152
2961	6
2962	1120
2963	4
2964	30
2965	8
2966	3148
2967	6
2968	1118
2969	6
2970	6
2971	8
2972	6
2974	2
2975	8
2977	2
2978	4
2979	2
2980	2
2981	4
2982	8
2983	2
2984	4
2986	2
2987	4
2988	4
2989	4
2990	4
2991	6
2993	6
2994	6
2995	2
2997	6
2999	2
3000	2
3001	2
3003	2
3004	6
3005	2
3006	2
3007	2
3008	2
3009	6
3010	2
3012	6
3013	2
3015	4
3016	6
3017	2
3021	4
3022	2
3023	6
3024	2
3025	6
3026	4
3027	4
3029	6
3030	2
3031	4
3032	2
3033	8
3034	10
3038	6
3039	4
3040	4
3041	2
3042	2
3043	6
3044	4
3045	6
3047	2
3048	4
3050	2
3051	2
3054	2
3056	2
3057	2
3058	10
3059	6
3060	14
3061	4
3062	8
3064	2
3065	4
3066	4
3068	4
3069	6
3070	3148
3072	2
3073	1118
3074	6
3075	4
3077	2
3080	2
3081	2
3082	8
3083	4
3084	6
3085	2
3087	4
3088	4
3089	8
3091	6
3092	4
3093	2
3094	4
3095	2
3096	4
3097	2
3098	4
3099	4
3101	8
3103	4
3104	6
3106	2
3107	2
3108	2
3109	2
3112	2
3113	6
3114	8
3116	4
3117	8
3118	2
3119	2
3120	4
3121	4
3122	4
3123	4
3124	2
3125	2
3127	2
3130	4
3131	10
3132	6
3133	8
3136	2
3137	2
3138	2
3139	2
3141	2
3142	2
3144	2
3145	6
3146	2
3147	4
3148	2
3151	2
3153	4
3156	8
3157	10
3158	4
3160	12
3161	16
3162	4
3163	3150
3164	6
3165	1124
3166	4
3167	6
3168	4
3169	6
3170	6
3171	6
3172	2
3173	4
3174	10
3175	2
3177	2
3179	6
3180	8
3181	4
3182	2
3184	2
3185	2
3186	6
3188	2
3190	4
3191	6
3192	2
3193	2
3194	4
3195	4
3196	4
3197	2
3198	2
3199	6
3200	6
3203	4
3204	4
3205	2
3206	2
3207	2
3209	6
3210	2
3211	4
3213	8
3214	2
3216	4
3217	8
3218	8
3220	2
3221	6
3223	2
3225	2
3227	6
3229	2
3231	4
3232	2
3233	2
3234	4
3235	4
3236	4
3238	4
3239	4
3241	2
3242	6
3243	6
3244	2
3246	6
3247	2
3249	2
3250	4
3252	4
3253	2
3254	6
3255	6
3256	4
3257	2
3258	4
3259	2
3260	10
3261	4
3262	4
3263	6
3264	4
3265	4
3266	2
3267	4
3268	2
3269	2
3270	4
3271	2
3272	2
3273	2
3274	4
3275	6
3276	8
3277	2
3279	10
3280	2
3281	4
3284	2
3285	4
3286	6
3287	8
3288	4
3289	6
3291	4
3293	6
3294	4
3295	6
3296	4
3298	2
3299	2
3300	2
3301	2
3302	6
3303	2
3304	4
3305	6
3306	4
3307	10
3308	10
3309	2
3310	2
3311	2
3313	2
3315	2
3316	2
3318	4
3319	2
3320	8
3321	4
3322	10
3323	8
3324	10
3325	12
3327	8
3328	4
3329	8
3330	8
3331	4
3332	8
3333	4
3334	6
3335	4
3336	6
3337	6
3338	6
3339	4
3340	2
3342	2
3343	6
3344	8
3345	4
3346	2
3347	16
3348	4
3349	3148
3351	1124
3352	2
3353	10
3355	6
3356	4
3358	8
3359	6
3360	14
3362	4
3363	4
3364	2
3365	8
3366	4
3368	6
3369	2
3370	4
3371	2
3372	2
3373	2
3374	4
3375	2
3376	4
3377	2
3378	2
3379	4
3381	6
3382	2
3383	16
3384	8
3385	6
3386	4
3389	8
3391	2
3392	6
3393	2
3394	4
3397	2
3398	8
3399	6
3400	4
3401	4
3402	6
3403	4
3404	2
3406	4
3407	4
3408	2
3410	2
3411	2
3412	2
3413	8
3415	2
3416	6
3418	2
3420	4
3423	4
3424	4
3425	2
3426	2
3428	4
3429	2
3430	4
3431	2
3432	2
3434	2
3435	6
3436	12
3437	2
3438	4
3439	8
3440	8
3441	2
3442	6
3443	6
3444	6
3445	2
3446	2
3447	2
3448	6
3449	6
3450	2
3451	2
3452	2
3454	4
3456	6
3459	10
3461	6
3462	2
3463	8
3464	6
3465	4
3466	2
3467	3146
3468	4
3469	4
3470	1116
3471	2
3472	4
3473	6
3475	4
3477	6
3478	4
3479	2
3480	2
3483	2
3484	2
3486	4
3487	2
3488	6
3489	2
3490	8
3491	2
3492	10
3493	4
3494	2
3496	4
3497	4
3498	2
3501	4
3502	8
3503	8
3505	6
3506	6
3507	6
3510	6
3511	2
3513	6
3514	6
3515	2
3516	8
3517	6
3518	2
3519	2
3521	2
3522	2
3523	6
3524	2
3525	2
3526	6
3527	4
3528	2
3529	10
3530	12
3531	6
3532	4
3533	4
3534	2
3535	4
3536	2
3537	6
3538	2
3539	2
3540	4
3541	4
3542	4
3544	6
3545	4
3548	4
3549	6
3550	10
3551	6
3552	4
3553	4
3554	8
3555	10
3556	2
3557	2
3558	2
3559	2
3560	4
3561	4
3562	4
3565	8
3566	2
3567	4
3568	4
3570	8
3571	2
3573	6
3574	4
3575	2
3576	2
3577	4
3578	4
3579	6
3580	4
3581	6
3582	6
3583	2
3585	2
3586	6
3587	4
3588	6
3589	4
3590	8
3591	6
3592	2
3593	4
3594	4
3595	3148
3596	4
3597	4
3598	1118
3599	10
3600	2
3601	8
3602	8
3603	2
3604	4
3605	6
3606	3148
3607	6
3608	6
3609	1114
3610	4
3611	4
3612	2
3613	4
3614	2
3615	4
3617	3154
3618	1118
3619	6
3620	2
3621	6
3622	2
3623	4
3624	4
3626	2
3627	2
3628	8
3630	8
3633	4
3634	4
3635	6
3636	2
3637	4
3638	2
3639	6
3640	2
3641	3154
3642	12
3643	1124
3644	4
3645	2
3646	4
3647	8
3651	2
3652	6
3653	2
3654	6
3655	4
3657	2
3658	4
3659	8
3660	10
3661	4
3662	2
3663	8
3664	4
3665	2
3667	6
3668	10
3670	8
3671	6
3672	4
3673	4
3674	4
3675	2
3676	6
3677	4
3678	3150
3679	8
3680	1128
3681	4
3682	16
3683	8
3684	4
3685	6
3686	6
3687	4
3688	3148
3690	2
3691	1116
3694	6
3695	6
3696	4
3697	2
3698	8
3700	4
3701	4
3702	6
3703	2
3705	4
3706	2
3707	6
3708	4
3709	4
3710	4
3711	4
3712	2
3713	4
3714	6
3717	6
3719	4
3720	4
3721	4
3722	4
3723	4
3724	8
3725	8
3727	6
3729	6
3730	6
3731	4
3732	2
3733	2
3734	8
3735	2
3736	2
3737	2
3738	4
3739	4
3740	4
3742	2
3743	6
3744	4
3745	6
3746	4
3747	2
3748	4
3749	10
3750	4
3751	2
3752	2
3753	4
3754	2
3755	4
3757	2
3758	2
3759	4
3760	8
3761	2
3762	2
3763	4
3764	2
3765	4
3766	4
3767	2
3768	2
3769	8
3770	2
3771	6
3772	2
3773	4
3775	4
3777	2
3778	6
3779	2
3780	3146
3781	2
3783	1114
3786	8
3787	6
3790	6
3791	6
3793	8
3796	4
3797	8
3798	2
3799	4
3800	4
3801	6
3802	2
3804	6
3805	2
3806	4
3807	2
3808	2
3810	8
3811	8
3812	2
3813	2
3814	6
3815	6
3816	2
3817	4
3818	4
3819	2
3820	6
3821	6
3822	8
3824	2
3825	2
3826	4
3827	6
3828	4
3829	4
3830	4
3831	2
3832	2
3834	2
3836	8
3837	6
3839	4
3842	4
3843	4
3844	4
3845	4
3847	4
3849	2
3850	2
3851	4
3852	6
3853	2
3854	2
3855	6
3856	2
3857	4
3858	4
3859	2
3860	2
3861	4
3862	4
3863	2
3864	6
3865	4
3866	4
3867	2
3868	2
3869	4
3870	2
3871	2
3873	2
3874	8
3875	3164
3876	2
3877	1114
3878	4
3879	4
3880	2
3881	4
3882	4
3883	6
3884	4
3885	2
3887	4
3888	4
3889	6
3890	6
3891	8
3892	4
3893	4
3894	2
3895	4
3896	2
3897	4
3898	2
3899	2
3900	6
3902	6
3903	2
3905	2
3906	2
3908	6
3909	4
3911	2
3912	2
3913	2
3914	6
3915	6
3916	2
3917	4
3918	6
3919	4
3920	4
3921	4
3923	2
3924	8
3925	4
3926	4
3927	6
3928	2
3929	2
3930	2
3931	2
3932	2
3933	6
3934	2
3935	6
3936	4
3937	2
3938	4
3939	2
3941	2
3942	2
3943	2
3945	2
3947	10
3948	6
3949	4
3950	2
3951	2
3952	2
3953	4
3954	4
3956	2
3957	6
3958	4
3959	4
3960	2
3961	4
3962	4
3964	6
3965	4
3967	2
3968	4
3969	8
3970	4
3972	6
3973	2
3974	4
3975	2
3976	4
3977	4
3978	6
3979	6
3981	8
3982	4
3984	2
3985	2
3986	4
3987	2
3988	6
3989	2
3994	2
3995	4
3996	2
3997	6
3998	6
3999	2
4000	4
4001	10
4002	4
4003	4
4004	2
4006	4
4007	2
4008	4
4009	6
4010	2
4011	4
4012	6
4013	10
4014	2
4016	2
4017	4
4018	4
4019	2
4020	4
4021	2
4022	8
4024	2
4025	2
4026	2
4027	6
4028	8
4029	2
4030	4
4031	6
4032	4
4033	8
4034	2
4035	4
4037	2
4038	6
4039	2
4040	6
4041	4
4042	2
4043	8
4045	6
4046	2
4048	2
4049	2
4050	2
4051	2
4052	8
4053	8
4054	8
4055	6
4059	3154
4061	2
4062	1122
4063	4
4064	6
4065	4
4066	2
4067	4
4068	2
4069	2
4071	4
4074	10
4075	4
4076	4
4077	8
4078	2
4079	2
4081	4
4082	2
4083	4
4084	4
4085	10
4087	2
4088	4
4089	4
4091	2
4092	4
4094	6
4095	2
4096	2
4099	2
4100	2
4101	4
4102	2
4103	4
4105	4
4108	4
4109	4
4110	2
4111	2
4112	8
4113	6
4114	4
4115	2
4116	10
4117	4
4120	2
4121	6
4123	10
4125	4
4128	4
4131	8
4132	4
4133	2
4134	4
4135	2
4136	2
4137	2
4138	2
4139	2
4140	6
4141	4
4143	2
4144	2
4145	4
4146	10
4147	4
4148	2
4149	2
4151	2
4152	2
4154	2
4155	4
4157	4
4158	2
4160	2
4161	2
4162	2
4163	10
4164	2
4165	8
4166	8
4167	6
4168	2
4169	2
4170	2
4171	2
4172	2
4173	2
4174	2
4175	2
4177	4
4178	6
4179	2
4180	4
4181	2
4182	2
4183	4
4185	4
4187	8
4188	4
4189	2
4190	8
4193	2
4194	6
4195	6
4196	2
4197	2
4198	4
4199	6
4201	2
4202	4
4203	3146
4204	8
4206	1114
4207	2
4209	4
4210	2
4211	2
4212	4
4213	2
4214	6
4215	6
4216	6
4217	2
4218	2
4219	4
4220	4
4221	2
4222	4
4223	4
4224	2
4225	4
4226	4
4227	2
4228	4
4229	2
4230	4
4231	6
4232	10
4233	2
4235	4
4236	2
4237	8
4238	2
4239	4
4240	4
4242	6
4243	6
4244	2
4245	2
4246	2
4247	10
4249	4
4251	4
4257	2
4259	8
4260	6
4261	4
4262	4
4263	2
4264	2
4265	2
4266	2
4267	2
4268	2
4269	4
4270	2
4271	2
4272	10
4273	4
4275	6
4276	4
4277	2
4278	4
4279	2
4280	2
4281	2
4284	4
4285	6
4286	4
4287	8
4288	2
4289	4
4290	6
4291	2
4293	4
4294	6
4295	4
4297	2
4298	8
4299	2
4300	2
4301	4
4302	2
4303	2
4304	8
4305	2
4306	8
4308	6
4310	6
4311	2
4312	2
4313	4
4315	8
4316	2
4317	2
4318	2
4319	2
4320	2
4321	2
4322	2
4324	2
4325	4
4326	10
4327	2
4328	6
4329	2
4330	2
4331	4
4332	6
4334	6
4335	8
4336	4
4338	8
4339	2
4341	2
4342	2
4343	4
4344	4
4346	2
4347	4
4348	2
4350	2
4351	2
4353	2
4354	10
4355	6
4357	2
4358	2
4359	2
4361	4
4362	4
4363	6
4364	2
4365	6
4367	4
4368	2
4369	2
4370	6
4371	6
4372	8
4374	2
4375	2
4376	4
4378	8
4379	2
4383	2
4384	2
4385	4
4386	4
4387	4
4388	4
4389	2
4392	4
4393	4
4394	2
4395	2
4396	2
4397	6
4398	4
4399	2
4400	10
4401	2
4402	2
4403	4
4404	2
4405	4
4407	2
4408	8
4409	6
4410	4
4412	2
4413	4
4414	6
4415	2
4416	2
4417	2
4418	8
4419	2
4420	2
4421	16
4422	4
4423	2
4425	2
4426	4
4427	6
4428	3146
4429	8
4430	1120
4431	4
4433	2
4434	8
4435	2
4437	4
4438	2
4439	4
4440	2
4441	2
4442	4
4443	2
4444	2
4445	6
4446	2
4447	2
4449	2
4450	4
4451	4
4452	12
4453	4
4454	4
4455	4
4456	2
4457	2
4458	4
4459	2
4460	4
4461	8
4466	4
4467	2
4468	2
4470	2
4471	2
4472	2
4473	6
4474	4
4475	6
4476	6
4477	2
4478	10
4479	2
4482	4
4484	4
4485	2
4486	4
4487	2
4488	6
4492	4
4493	2
4495	2
4497	4
4498	4
4499	2
4500	6
4501	2
4502	6
4503	4
4504	2
4505	2
4506	4
4508	2
4509	2
4510	4
4511	4
4512	4
4513	4
4514	4
4515	6
4516	6
4517	12
4518	4
4519	4
4520	2
4524	8
4525	2
4526	2
4528	4
4529	2
4530	12
4531	4
4532	6
4535	4
4536	2
4537	2
4538	12
4539	2
4540	2
4541	2
4542	8
4543	2
4544	6
4545	2
4546	2
4547	8
4548	6
4549	2
4550	2
4551	4
4552	2
4553	2
4554	6
4556	6
4557	2
4558	6
4560	4
4561	6
4562	2
4563	8
4564	10
4566	2
4567	6
4568	4
4569	6
4571	2
4572	2
4574	4
4575	6
4576	6
4577	6
4580	2
4581	4
4582	2
4584	8
4585	4
4587	3158
4588	16
4589	1118
4590	6
4591	4
4592	4
4594	4
4595	6
4596	10
4597	6
4598	4
4600	2
4602	2
4604	4
4605	4
4606	2
4607	2
4608	2
4610	4
4611	4
4612	8
4613	8
4614	6
4615	8
4616	4
4617	4
4618	4
4619	6
4620	2
4622	2
4623	4
4624	4
4625	8
4626	4
4627	2
4628	8
4629	2
4630	2
4632	4
4633	6
4634	8
4635	2
4636	6
4637	4
4638	6
4639	2
4640	2
4641	2
4642	4
4643	4
4645	2
4646	2
4647	4
4649	4
4650	2
4651	4
4653	2
4654	4
4655	2
4656	6
4658	4
4660	4
4661	4
4662	6
4663	2
4665	4
4666	2
4667	2
4668	6
4669	4
4670	2
4672	6
4673	2
4676	2
4677	6
4678	8
4679	2
4680	6
4681	8
4682	4
4683	10
4684	6
4685	4
4686	6
4687	4
4689	2
4690	4
4691	6
4692	2
4693	4
4694	6
4695	2
4696	2
4697	2
4698	6
4700	6
4702	4
4703	2
4705	10
4706	4
4707	4
4708	4
4709	3148
4711	6
4712	1116
4714	2
4715	6
4717	8
4718	6
4719	4
4720	2
4721	2
4722	2
4723	4
4724	4
4725	4
4728	2
4729	2
4730	2
4731	6
4732	6
4733	6
4734	4
4737	10
4738	6
4739	8
4740	2
4741	4
4742	2
4743	2
4746	4
4747	2
4748	6
4749	8
4750	2
4751	2
4752	2
4753	6
4754	6
4755	4
4756	4
4757	2
4758	10
4759	2
4760	10
4761	6
4762	2
4763	2
4764	8
4765	2
4766	4
4767	8
4768	6
4769	4
4770	2
4772	4
4773	4
4774	4
4775	4
4776	6
4777	4
4779	4
4781	2
4782	2
4785	4
4786	2
4788	2
4790	2
4791	8
4792	4
4794	2
4795	4
4796	2
4797	2
4798	4
4799	6
4800	4
4801	6
4802	2
4805	6
4806	8
4807	2
4808	6
4809	6
4810	2
4811	6
4812	4
4813	8
4815	2
4819	4
4820	4
4821	2
4823	2
4824	2
4825	2
4826	12
4827	4
4828	4
4829	8
4832	2
4834	6
4835	6
4836	2
4837	6
4838	6
4839	4
4840	6
4842	4
4843	6
4844	2
4845	2
4846	12
4847	8
4848	6
4849	4
4850	2
4851	2
4852	4
4853	4
4854	4
4857	4
4858	2
4860	2
4861	6
4862	8
4863	4
4864	4
4865	4
4866	4
4867	2
4870	2
4871	4
4872	6
4873	2
4874	2
4875	4
4876	4
4878	2
4879	4
4880	4
4881	8
4882	6
4883	8
4884	4
4886	6
4887	2
4890	6
4891	2
4892	10
4893	2
4894	4
4895	2
4897	8
4898	8
4899	2
4900	4
4901	2
4902	2
4904	2
4906	2
4907	6
4908	2
4909	2
4910	2
4911	4
4912	4
4913	6
4915	2
4916	8
4917	2
4918	4
4919	4
4920	2
4921	4
4922	4
4923	2
4924	6
4925	8
4926	8
4927	4
4928	4
4929	3152
4930	2
4931	4
4932	1114
4933	4
4934	2
4937	2
4938	3154
4939	4
4940	2
4941	1114
4942	2
4944	2
4945	2
4946	6
4947	4
4948	2
4949	6
4950	4
4951	8
4953	2
4955	6
4956	4
4957	8
4958	4
4959	8
4960	8
4961	2
4962	2
4963	2
4964	2
4965	4
4966	4
4967	4
4968	2
4969	4
4971	4
4972	4
4973	8
4974	4
4975	2
4976	6
4977	6
4978	4
4979	4
4980	6
4981	4
4982	6
4983	12
4984	2
4986	8
4987	4
4988	6
4989	4
4990	4
4991	4
4992	6
4993	6
4994	6
4995	4
4996	8
4997	3152
4998	12
4999	1124
5000	8
5001	8
5002	2
5003	2
5004	4
5005	10
5006	8
5007	4
5008	2
5009	4
5010	8
5011	6
5012	6
5013	2
5014	2
5016	4
5017	4
5018	6
5020	10
5022	6
5024	8
5025	4
5027	4
5028	2
5029	2
5030	6
5031	2
5032	2
5033	4
5034	4
5035	6
5036	4
5037	6
5038	2
5039	2
5040	2
5041	6
5042	8
5043	2
5044	4
5046	2
5047	6
5048	6
5050	4
5051	2
5053	6
5054	2
5055	4
5057	2
5058	2
5059	4
5062	4
5063	2
5064	2
5066	6
5069	6
5070	6
5071	4
5072	6
5073	2
5074	2
5075	2
5076	4
5077	4
5078	4
5079	6
5080	2
5081	8
5082	6
5083	2
5084	3150
5085	1128
5086	2
5087	8
5088	2
5089	8
5090	2
5091	6
5092	8
5093	2
5094	6
5095	8
5097	8
5098	8
5099	6
5103	4
5105	2
5106	8
5107	4
5108	10
5109	4
5110	2
5111	4
5112	4
5113	2
5114	10
5115	2
5116	6
5117	4
5118	4
5119	2
5120	2
5121	8
5122	2
5124	4
5125	6
5126	8
5127	2
5128	6
5129	2
5130	10
5133	2
5134	6
5136	2
5138	6
5139	6
5140	2
5141	4
5142	4
5144	4
5145	2
5147	8
5148	2
5149	2
5150	6
5151	2
5152	2
5153	8
5154	2
5155	6
5156	6
5157	10
5158	2
5159	6
5160	6
5161	8
5162	6
5163	4
5164	8
5165	6
5166	2
5167	4
5168	4
5170	4
5171	2
5172	4
5173	2
5174	6
5175	4
5176	4
5177	8
5178	2
5179	6
5180	6
5181	4
5182	4
5183	2
5184	12
5185	4
5186	6
5187	8
5188	4
5190	4
5191	2
5193	4
5194	2
5195	6
5196	8
5197	2
5198	2
5199	4
5200	14
5201	4
5202	6
5204	4
5205	4
5206	4
5207	4
5208	6
5210	6
5211	8
5214	4
5215	6
5216	4
5217	14
5219	2
5220	8
5221	10
5222	8
5223	6
5224	8
5226	6
5228	4
5230	4
5232	4
5233	2
5234	2
5235	4
5236	2
5237	4
5238	2
5240	10
5241	4
5243	4
5244	6
5246	3154
5247	2
5249	1118
5250	2
5251	2
5252	2
5253	6
5254	2
5255	2
5256	4
5257	14
5258	2
5259	3150
5260	8
5261	1126
5262	8
5263	6
5264	4
5265	10
5266	2
5267	2
5268	10
5269	2
5270	2
5271	8
5272	6
5273	4
5274	4
5275	4
5276	4
5278	2
5279	4
5280	8
5281	4
5283	8
5284	4
5285	6
5287	4
5288	2
5289	4
5290	2
5292	6
5293	4
5294	2
5295	6
5297	2
5298	2
5299	6
5300	2
5301	12
5302	12
5303	4
5304	10
5305	4
5307	6
5308	6
5310	2
5311	2
5312	6
5314	4
5315	2
5316	2
5317	2
5318	10
5319	2
5320	2
5321	6
5322	2
5323	2
5324	2
5325	2
5326	8
5327	2
5328	2
5329	2
5330	2
5332	2
5333	12
5334	6
5335	4
5336	4
5340	6
5341	4
5343	10
5344	2
5345	10
5347	6
5348	4
5349	4
5350	6
5351	2
5353	4
5354	4
5356	2
5357	4
5359	8
5360	2
5361	4
5363	2
5364	8
5365	2
5366	4
5367	6
5368	2
5369	2
5370	6
5371	2
5373	6
5374	4
5375	6
5376	4
5377	2
5378	4
5379	8
5380	4
5383	4
5384	2
5385	4
5387	2
5388	8
5389	2
5390	4
5391	2
5393	4
5394	2
5395	6
5396	10
5398	6
5399	4
5401	6
5402	4
5403	10
5404	2
5405	4
5406	8
5407	3150
5409	1120
5410	8
5411	6
5412	2
5413	10
5414	6
5415	4
5416	6
5417	2
5419	6
5420	8
5421	2
5423	4
5424	4
5426	2
5428	2
5430	4
5431	10
5432	8
5433	2
5434	2
5435	4
5437	2
5438	2
5439	6
5440	2
5441	2
5442	2
5443	8
5444	8
5446	4
5448	2
5449	2
5450	6
5451	6
5452	8
5453	4
5454	2
5455	4
5456	6
5457	2
5458	6
5459	4
5460	2
5461	6
5462	10
5463	8
5464	6
5466	6
5467	3152
5468	2
5469	4
5470	1122
5471	4
5472	2
5473	2
5474	4
5475	8
5476	4
5477	4
5478	6
5480	6
5482	4
5485	6
5486	6
5488	6
5489	8
5490	4
5491	6
5492	2
5493	2
5495	2
5498	4
5499	2
5500	2
5501	2
5502	4
5503	6
5504	2
5505	10
5506	4
5508	4
5509	2
5511	4
5513	2
5514	4
5515	2
5516	4
5518	2
5519	8
5520	4
5521	10
5522	6
5523	4
5524	4
5525	2
5526	8
5527	6
5529	6
5530	2
5531	4
5532	2
5535	2
5536	2
5537	6
5538	6
5540	4
5541	6
5542	4
5543	6
5544	4
5545	2
5546	2
5547	6
5550	4
5551	6
5552	6
5553	4
5554	6
5556	12
5558	4
5559	2
5560	4
5561	6
5562	4
5563	6
5564	4
5565	6
5566	2
5567	4
5568	6
5569	2
5570	4
5571	6
5572	4
5573	4
5574	4
5576	2
5577	4
5578	2
5579	2
5580	4
5581	4
5582	6
5583	2
5584	2
5585	4
5586	8
5587	10
5588	2
5590	4
5591	4
5592	12
5593	4
5594	4
5595	6
5596	2
5597	4
5598	2
5599	4
5601	6
5602	6
5603	4
5604	6
5605	10
5606	4
5608	6
5609	6
5610	2
5611	4
5612	6
5613	8
5614	2
5615	6
5616	2
5618	18
5619	4
5620	2
5622	2
5623	4
5624	6
5625	4
5626	6
5627	6
5628	6
5629	6
5630	4
5631	4
5632	8
5633	4
5634	4
5636	2
5637	6
5638	4
5639	4
5640	2
5642	10
5643	4
5644	12
5645	8
5646	8
5647	3148
5648	12
5649	4
5650	1116
5651	2
5653	10
5654	8
5655	12
5656	2
5658	6
5659	6
5660	8
5662	4
5663	8
5664	6
5665	4
5666	8
5667	2
5668	2
5669	16
5670	18
5671	8
5672	6
5673	14
5674	12
5675	4
5676	4
5677	6
5678	3148
5680	1116
5681	2
5682	6
5683	2
5684	2
5685	12
5686	10
5687	6
5689	4
5691	6
5692	10
5693	8
5694	4
5695	4
5696	6
5697	4
5698	2
5699	8
5700	2
5701	4
5702	12
5703	2
5704	10
5705	2
5706	2
5707	8
5708	4
5709	4
5710	4
5711	4
5712	8
5713	4
5714	6
5715	2
5716	10
5717	10
5718	2
5719	6
5720	10
5721	4
5722	8
5723	4
5724	2
5725	2
5726	2
5727	8
5728	2
5729	3150
5730	12
5731	6
5732	1118
5733	6
5734	6
5735	8
5736	3150
5737	2
5738	10
5739	1124
5740	4
5741	6
5742	4
5743	4
5744	4
5745	4
5746	6
5747	6
5748	10
5749	2
5751	8
5752	4
5753	2
5755	8
5756	6
5757	8
5758	6
5759	10
5761	6
5762	4
5764	4
5765	12
5766	6
5767	8
5768	8
5770	2
5771	8
5772	6
5773	4
5774	6
5775	2
5776	3148
5777	2
5778	4
5779	1114
5780	2
5781	4
5782	2
5783	2
5784	4
5785	8
5786	6
5787	4
5788	4
5789	2
5790	2
5791	3150
5792	2
5794	1120
5795	2
5796	6
5798	2
5799	12
5800	3164
5801	2
5802	1116
5803	6
5804	8
5805	6
5806	2
5807	2
5808	8
5809	4
5810	8
5811	4
5812	2
5813	10
5814	2
5816	2
5817	4
5818	2
5819	2
5820	4
5821	8
5822	2
5823	4
5824	4
5825	2
5826	4
5827	4
5828	6
5829	6
5832	2
5833	4
5835	4
5836	2
5837	6
5838	6
5839	2
5840	2
5841	2
5843	4
5844	4
5845	10
5846	8
5847	2
5848	4
5849	8
5851	4
5852	2
5853	2
5854	2
5855	3148
5856	8
5857	8
5858	1120
5861	2
5862	4
5864	6
5865	4
5866	4
5867	4
5869	2
5870	6
5871	4
5873	4
5874	4
5875	4
5877	8
5879	4
5880	8
5881	6
5882	2
5883	4
5884	4
5885	6
5886	6
5887	2
5888	6
5889	4
5890	8
5891	2
5892	2
5893	2
5894	2
5895	8
5897	4
5898	4
5899	4
5900	2
5901	4
5902	2
5903	6
5905	2
5906	2
5907	10
5910	2
5911	2
5912	2
5913	4
5914	6
5915	4
5916	4
5918	2
5919	4
5920	4
5922	4
5923	10
5924	2
5925	6
5926	6
5927	2
5928	4
5929	10
5930	2
5932	2
5933	2
5934	4
5935	2
5937	4
5940	4
5943	2
5945	2
5946	4
5947	8
5949	6
5950	6
5952	4
5954	3152
5956	1118
5958	4
5959	6
5960	4
5962	4
5963	6
5964	4
5966	2
5967	4
5968	2
5969	2
5970	2
5971	2
5973	4
5974	2
5975	4
5976	2
5977	6
5978	4
5979	2
5981	4
5982	8
5983	2
5984	4
5985	2
5986	2
5987	4
5988	8
5989	2
5990	2
5991	2
5992	8
5994	2
5995	6
5996	2
5997	6
5998	2
5999	6
6000	4
6002	4
6004	2
6007	4
6009	2
6010	2
6011	8
6013	4
6015	6
6016	4
6017	6
6018	6
6020	4
6021	2
6022	4
6023	4
6024	10
6025	6
6026	2
6028	6
6029	4
6031	10
6032	2
6034	2
6035	6
6036	2
6038	2
6039	6
6040	4
6041	2
6042	10
6043	2
6044	4
6045	8
6046	2
6047	4
6048	6
6049	6
6050	6
6051	2
6052	4
6053	8
6054	6
6055	2
6056	2
6057	2
6059	10
6060	4
6061	8
6062	4
6063	2
6064	10
6065	6
6066	8
6067	2
6068	4
6069	4
6070	8
6071	2
6072	8
6073	2
6074	2
6075	4
6076	10
6077	4
6078	2
6079	4
6080	2
6081	8
6082	4
6083	2
6084	4
6085	4
6086	2
6088	4
6089	2
6090	4
6092	4
6094	6
6095	2
6096	6
6097	6
6098	14
6099	14
6101	6
6102	2
6103	8
6105	4
6106	8
6108	6
6109	6
6110	8
6111	2
6113	2
6114	6
6115	4
6116	3148
6118	8
6119	1116
6120	4
6121	10
6122	4
6123	10
6124	10
6125	6
6126	4
6127	2
6128	6
6129	4
6130	2
6131	4
6132	4
6133	2
6134	6
6135	2
6136	2
6137	2
6139	3146
6140	6
6141	2
6142	6
6143	1118
6144	4
6145	4
6146	4
6148	10
6149	2
6150	4
6151	4
6152	2
6153	4
6154	8
6156	6
6157	2
6158	2
6159	2
6160	2
6161	2
6162	2
6163	2
6165	2
6166	6
6167	8
6168	8
6169	10
6170	10
6171	2
6172	4
6173	4
6174	6
6175	2
6176	4
6177	2
6179	2
6180	4
6181	4
6182	2
6183	10
6184	10
6185	4
6186	4
6187	10
6188	2
6189	2
6190	4
6191	8
6193	6
6195	6
6196	6
6197	8
6198	4
6199	6
6200	10
6201	2
6202	4
6203	4
6204	8
6205	12
6206	6
6208	4
6209	2
6210	10
6211	8
6212	6
6213	4
6214	2
6215	4
6216	2
6217	4
6218	14
6219	4
6220	2
6221	4
6222	14
6223	8
6224	2
6225	2
6226	2
6227	4
6228	4
6229	4
6230	3148
6231	2
6232	1116
6233	2
6234	4
6235	3150
6236	12
6237	1116
6238	8
6240	2
6241	3150
6242	2
6243	2
6244	1116
6245	2
6246	6
6247	4
6248	4
6249	6
6251	6
6253	6
6255	2
6256	8
6257	8
6258	4
6259	6
6260	4
6261	2
6262	2
6263	4
6265	4
6266	8
6267	4
6268	14
6269	4
6270	2
6271	4
6272	8
6274	2
6275	12
6276	4
6277	12
6278	2
6279	2
6280	4
6281	4
6282	12
6283	3148
6284	2
6285	1118
6286	6
6287	6
6288	2
6289	8
6293	4
6294	2
6295	2
6296	6
6297	2
6298	4
6299	6
6301	2
6303	2
6304	2
6305	8
6307	2
6308	2
6309	4
6310	3148
6311	2
6312	4
6313	1118
6314	6
6315	2
6316	6
6317	10
6318	6
6319	4
6320	14
6321	8
6323	8
6324	8
6325	6
6326	8
6328	12
6329	6
6330	6
6331	2
6332	2
6333	4
6334	2
6335	2
6336	10
6337	3150
6338	2
6339	6
6340	1118
6341	4
6342	6
6345	4
6346	6
6347	6
6348	2
6349	4
6350	8
6352	2
6353	4
6356	4
6357	2
6358	4
6359	6
6360	10
6361	2
6362	4
6363	4
6364	4
6365	2
6366	2
6367	4
6369	4
6370	2
6371	4
6372	4
6375	2
6376	4
6377	4
6379	2
6380	4
6382	4
6383	2
6384	6
6385	2
6386	2
6387	2
6388	2
6389	2
6391	2
6392	4
6393	2
6394	4
6396	6
6397	6
6398	2
6400	2
6401	2
6402	2
6403	2
6406	6
6407	4
6408	2
6409	8
6410	6
6413	4
6414	8
6415	6
6417	8
6418	2
6419	4
6421	6
6422	8
6423	4
6424	2
6425	6
6426	2
6428	2
6429	4
6430	2
6431	2
6432	2
6433	2
6434	2
6435	2
6436	4
6437	2
6439	10
6440	4
6441	2
6442	4
6443	2
6444	4
6445	2
6447	2
6448	4
6449	2
6450	12
6451	8
6452	2
6453	4
6454	4
6455	6
6456	6
6459	6
6460	2
6461	6
6462	4
6463	2
6464	10
6465	8
6467	8
6468	2
6469	6
6470	8
6471	3146
6472	6
6473	1118
6474	2
6475	6
6476	4
6477	4
6480	4
6481	2
6482	6
6483	8
6484	8
6485	2
6486	6
6487	6
6488	10
6491	4
6492	2
6493	8
6494	2
6495	8
6498	6
6499	2
6500	6
6501	2
6502	2
6503	4
6504	4
6505	2
6506	2
6507	6
6508	4
6509	4
6510	6
6511	2
6512	2
6513	8
6514	2
6515	2
6516	4
6517	8
6518	4
6519	8
6520	4
6521	2
6522	4
6524	4
6526	3150
6528	2
6529	1118
6532	6
6533	8
6534	6
6535	2
6536	6
6537	6
6539	3150
6540	4
6541	6
6542	1118
6543	2
6544	8
6545	2
6547	10
6549	2
6550	4
6551	4
6552	2
6553	4
6554	8
6555	10
6557	14
6559	2
6560	2
6562	8
6563	12
6564	2
6566	4
6568	4
6570	6
6571	4
6572	2
6575	4
6576	6
6577	4
6579	2
6580	2
6581	2
6582	4
6583	4
6584	2
6585	2
6586	2
6587	8
6588	6
6589	4
6590	8
6591	4
6592	2
6593	2
6594	6
6595	4
6597	4
6599	4
6600	6
6601	8
6602	6
6603	8
6604	4
6605	2
6606	2
6607	8
6608	6
6609	4
6610	4
6611	4
6613	4
6614	2
6615	2
6617	2
6618	3164
6619	8
6620	1118
6622	2
6623	4
6624	6
6625	8
6626	4
6628	6
6629	2
6630	4
6631	6
6632	3148
6634	4
6635	1116
6636	4
6639	2
6640	2
6641	2
6644	4
6645	8
6646	2
6647	6
6648	2
6649	2
6651	4
6652	6
6653	2
6654	2
6655	2
6656	4
6657	6
6658	2
6659	4
6660	4
6661	2
6662	2
6665	2
6666	8
6669	2
6671	4
6672	2
6675	6
6676	2
6678	2
6679	2
6680	4
6681	4
6682	4
6683	4
6684	2
6685	2
6687	2
6688	4
6689	2
6690	4
6691	2
6692	4
6693	2
6694	4
6695	6
6696	4
6697	2
6700	4
6701	2
6704	4
6705	2
6706	2
6707	6
6708	4
6709	2
6711	2
6712	2
6713	6
6714	4
6715	4
6716	2
6717	4
6718	2
6719	2
6720	2
6722	4
6723	2
6724	2
6725	4
6726	4
6727	8
6728	2
6730	2
6731	6
6732	2
6733	4
6734	4
6735	4
6736	2
6737	4
6738	6
6739	2
6741	10
6742	8
6743	6
6745	4
6746	2
6747	12
6748	2
6749	2
6750	4
6751	6
6752	6
6753	4
6754	6
6755	4
6757	4
6759	4
6760	2
6761	4
6762	4
6763	2
6764	4
6765	4
6768	2
6769	2
6772	4
6773	2
6774	2
6775	4
6776	2
6777	4
6778	4
6779	4
6781	2
6782	2
6783	4
6784	6
6785	2
6786	4
6787	4
6788	2
6789	2
6791	6
6792	2
6793	6
6794	2
6795	4
6796	2
6797	4
6798	2
6799	6
6800	2
6801	2
6802	2
6803	2
6804	8
6806	2
6807	6
6808	4
6809	2
6810	4
6811	4
6812	4
6814	4
6815	4
6816	6
6817	4
6819	6
6820	2
6821	4
6822	3148
6823	16
6824	2
6825	1120
6827	4
6828	4
6829	2
6830	6
6831	2
6833	4
6834	2
6835	6
6837	2
6838	2
6839	6
6840	6
6841	4
6842	8
6843	6
6846	4
6847	2
6849	4
6851	2
6852	8
6853	4
6854	4
6855	4
6856	2
6857	4
6858	4
6859	2
6860	8
6861	6
6862	2
6863	8
6865	2
6867	2
6868	2
6870	2
6871	2
6872	4
6873	4
6874	2
6876	2
6877	4
6879	2
6881	2
6882	2
6885	2
6887	2
6888	6
6889	2
6890	4
6891	2
6893	2
6894	2
6895	2
6896	6
6897	4
6898	2
6899	4
6900	2
6901	2
6902	6
6903	2
6904	6
6905	4
6906	2
6907	2
6908	4
6909	4
6911	2
6912	4
6913	2
6914	6
6916	8
6917	4
6919	4
6920	4
6922	2
6924	4
6925	6
6926	2
6927	4
6928	6
6929	4
6930	2
6931	4
6932	6
6933	8
6934	6
6935	4
6936	2
6937	2
6938	4
6939	6
6940	8
6941	14
6942	2
6943	6
6944	4
6945	8
6946	8
6947	3150
6948	10
6949	1114
6950	2
6952	2
6953	4
6954	8
6955	4
6960	6
6961	10
6962	2
6963	3146
6964	2
6965	2
6966	1116
6967	3154
6969	2
6970	1114
6971	2
6972	4
6973	2
6974	2
6975	4
6976	6
6977	2
6979	6
6981	3150
6983	2
6984	1114
6985	6
6988	2
6989	24
6990	3152
6991	8
6992	1126
6993	4
6994	6
6995	4
6997	4
6999	2
7001	2
7002	2
7004	8
7005	2
7006	4
7007	2
7008	2
7009	4
7010	2
7011	4
7012	4
7013	4
7015	2
7016	2
7017	6
7018	4
7019	2
7020	4
7021	2
7022	2
7023	4
7024	2
7026	2
7027	2
7028	2
7029	8
7030	2
7031	4
7032	2
7033	2
7034	6
7035	2
7036	2
7037	2
7038	4
7039	4
7040	4
7042	2
7044	2
7045	4
7046	2
7047	2
7048	6
7050	2
7052	8
7054	6
7055	4
7056	6
7057	2
7059	2
7060	2
7061	2
7064	2
7066	2
7068	2
7069	2
7070	4
7071	2
7072	6
7073	2
7075	2
7076	2
7077	2
7078	2
7080	8
7081	2
7082	2
7083	3146
7084	2
7085	2
7086	1116
7087	2
7088	4
7090	2
7091	2
7095	6
7099	2
7101	8
7102	4
7109	2
7112	2
7113	4
7114	2
7115	2
7116	2
7117	2
7119	2
7120	2
7122	4
7123	2
7124	2
7125	2
7126	2
7127	2
7129	2
7131	6
7133	2
7134	2
7136	2
7137	4
7138	4
7139	4
7140	2
7145	2
7146	2
7148	2
7149	4
7150	2
7151	4
7152	4
7154	6
7156	2
7157	4
7159	2
7160	2
7161	2
7162	4
7163	2
7166	4
7167	2
7168	6
7171	2
7174	4
7175	2
7180	2
7181	2
7182	2
7186	2
7189	6
7192	2
7193	2
7195	4
7197	2
7198	6
7199	2
7200	4
7201	2
7202	4
7203	4
7204	2
7205	2
7206	2
7207	2
7208	4
7211	4
7212	4
7214	2
7215	2
7216	2
7217	2
7219	2
7220	2
7224	4
7225	2
7226	2
7227	4
7228	4
7229	2
7230	2
7233	4
7234	2
7235	6
7240	6
7241	2
7243	2
7245	4
7247	2
7248	2
7249	2
7250	6
7251	2
7252	2
7253	4
7254	2
7257	8
7259	2
7266	6
7267	4
7268	2
7269	2
7274	2
7275	2
7276	4
7277	2
7279	2
7283	2
7286	4
7287	2
7290	2
7292	2
7293	2
7295	2
7298	4
7299	6
7301	4
7302	2
7303	4
7304	8
7306	4
7307	6
7308	2
7310	4
7311	4
7312	4
7315	2
7316	4
7321	6
7323	8
7324	2
7328	2
7329	4
7331	6
7332	4
7335	4
7337	2
7341	2
7342	2
7343	2
7345	2
7347	2
7348	4
7352	2
7354	2
7355	10
7356	2
7357	2
7359	4
7362	2
7363	8
7366	2
7368	2
7369	2
7370	2
7371	2
7373	3146
7376	1116
7378	2
7380	4
7381	2
7383	2
7385	2
7386	2
7388	3148
7389	8
7390	2
7391	1114
7393	2
7395	2
7396	2
7397	2
7398	2
7400	2
7401	4
7405	2
7409	4
7411	2
7423	4
7424	4
7425	2
7426	4
7428	8
7432	2
7435	2
7436	2
7438	4
7440	2
7442	6
7443	2
7444	4
7445	4
7446	2
7447	2
7448	2
7449	2
7450	2
7451	4
7452	2
7454	2
7455	4
7458	4
7462	2
7463	2
7465	4
7467	4
7469	4
7470	2
7472	4
7474	4
7478	2
7481	4
7483	2
7485	4
7487	2
7488	2
7492	2
7493	2
7494	2
7497	2
7499	2
7502	2
7506	2
7510	2
7513	2
7520	4
7521	2
7522	2
7524	2
7525	2
7527	4
7528	2
7529	2
7530	4
7532	6
7534	2
7535	2
7538	2
7541	6
7542	2
7543	4
7545	6
7546	2
7550	6
7553	4
7555	2
7556	2
7558	6
7559	2
7561	8
7562	8
7563	2
7565	4
7568	2
7571	6
7572	2
7574	2
7575	8
7576	2
7578	4
7580	2
7581	2
7584	2
7585	2
7586	2
7588	2
7589	4
7590	4
7592	4
7594	2
7595	6
7598	2
7599	2
7600	4
7601	4
7602	2
7603	2
7604	4
7606	4
7607	4
7608	8
7611	2
7612	2
7613	2
7614	6
7616	6
7618	2
7619	4
7622	4
7624	6
7625	4
7626	4
7627	6
7631	2
7632	8
7633	2
7634	2
7637	6
7638	2
7639	3146
7640	4
7641	2
7642	1116
7643	8
7644	2
7645	6
7646	6
7647	4
7648	2
7649	4
7651	2
7652	4
7653	4
7656	2
7657	2
7658	2
7659	2
7661	2
7662	4
7663	2
7665	2
7668	2
7669	2
7672	2
7673	2
7675	2
7678	6
7680	6
7681	6
7682	2
7683	2
7685	6
7686	4
7688	2
7690	4
7691	2
7692	2
7693	2
7694	4
7697	4
7698	2
7699	2
7701	4
7702	4
7703	2
7704	4
7705	3148
7706	2
7707	4
7708	1118
7709	2
7712	2
7713	2
7715	2
7716	2
7721	4
7723	4
7727	2
7728	2
7730	2
7733	2
7735	2
7737	2
7738	2
7739	2
7741	2
7742	2
7746	2
7748	2
7749	2
7751	2
7755	2
7756	2
7757	4
7758	2
7760	2
7762	2
7764	4
7765	2
7766	2
7767	2
7768	2
7769	6
7770	2
7773	2
7774	4
7776	4
7780	4
7787	2
7788	2
7794	2
7795	4
7798	6
7799	2
7801	2
7805	2
7806	4
7808	2
7810	4
7811	2
7812	6
7814	4
7815	2
7816	6
7817	2
7822	2
7823	2
7824	6
7825	2
7827	2
7828	2
7830	2
7831	2
7833	2
7836	2
7841	2
7847	2
7848	8
7851	4
7854	2
7859	2
7861	4
7862	2
7863	4
7865	2
7867	2
7868	2
7870	2
7872	2
7875	2
7876	2
7877	2
7879	6
7885	2
7886	2
7887	2
7888	2
7891	2
7892	2
7893	2
7894	2
7895	2
7896	8
7899	2
7901	4
7902	2
7903	4
7904	2
7905	6
7909	6
7910	2
7911	2
7917	2
7920	2
7923	2
7924	2
7925	2
7927	4
7928	4
7931	2
7933	2
7937	4
7939	4
7940	2
7941	2
7942	2
7944	2
7945	2
7946	2
7947	2
7948	4
7949	2
7950	2
7951	2
7952	4
7953	2
7954	4
7955	6
7957	4
7958	6
7960	4
7963	2
7965	2
7968	4
7969	2
7970	4
7971	2
7974	4
7975	2
7976	6
7978	8
7979	2
7980	4
7981	6
7983	2
7985	6
7987	4
7988	2
7989	2
7990	4
7991	6
7992	4
7993	2
7995	3146
7997	1114
7998	2
8002	2
8003	2
8004	2
8006	4
8007	4
8010	4
8012	2
8013	2
8015	4
8023	2
8025	4
8026	2
8029	2
8031	2
8037	2
8038	6
8039	2
8040	2
8041	2
8044	2
8045	6
8046	4
8047	2
8049	2
8050	2
8053	4
8054	8
8057	2
8059	2
8061	4
8064	2
8065	2
8070	2
8072	4
8074	4
8075	2
8076	2
8079	2
8087	3156
8088	18
8089	6
8090	1116
8091	6
8092	8
8093	2
8094	4
8096	2
8104	2
8105	4
8107	2
8108	2
8109	4
8111	2
8112	4
8113	2
8116	2
8117	2
8118	2
8119	2
8122	2
8123	6
8124	2
8125	2
8131	2
8132	2
8133	2
8135	6
8136	2
8140	4
8141	6
8143	6
8144	2
8147	4
8150	4
8152	2
8154	2
8155	4
8156	4
8158	4
8161	2
8162	2
8166	2
8168	2
8169	6
8170	2
8171	2
8173	2
8175	2
8176	6
8177	2
8178	10
8179	2
8180	4
8184	6
8188	2
8189	2
8191	4
8199	2
8200	2
8203	2
8204	2
8206	2
8208	4
8209	2
8210	4
8211	2
8212	6
8214	2
8215	4
8217	2
8218	4
8219	4
8221	2
8226	2
8236	4
8238	2
8242	4
8243	4
8245	2
8247	2
8249	2
8250	4
8252	2
8253	2
8255	2
8258	2
8259	4
8266	4
8268	2
8271	4
8275	2
8276	2
8277	2
8278	2
8280	8
8284	2
8285	4
8286	2
8287	4
8291	4
8295	4
8296	2
8297	2
8299	2
8302	4
8307	2
8310	4
8311	4
8312	2
8313	2
8314	2
8315	2
8316	4
8317	2
8321	2
8322	2
8323	2
8324	2
8330	2
8331	2
8332	4
8334	6
8335	4
8336	2
8337	4
8339	2
8340	2
8343	8
8344	2
8345	2
8346	4
8354	4
8356	2
8361	2
8363	4
8365	2
8366	2
8369	2
8371	4
8375	2
8376	4
8377	2
8379	2
8382	2
8385	2
8387	4
8389	2
8391	2
8395	2
8397	2
8398	2
8399	2
8401	2
8403	2
8404	2
8405	2
8406	2
8409	2
8410	2
8411	2
8412	2
8414	2
8416	2
8417	2
8420	2
8421	2
8423	2
8424	4
8425	2
8426	2
8428	4
8429	2
8430	2
8431	2
8433	4
8434	4
8436	2
8438	2
8440	2
8445	4
8446	8
8448	2
8450	4
8452	2
8453	2
8454	4
8457	4
8458	4
8459	4
8460	4
8461	2
8462	6
8466	2
8467	2
8471	2
8472	2
8474	4
8476	2
8477	2
8479	2
8480	2
8482	2
8484	2
8485	4
8486	4
8487	2
8488	4
8490	2
8491	4
8492	4
8493	2
8494	4
8495	2
8498	2
8500	2
8502	2
8503	6
8508	2
8511	6
8512	2
8516	2
8521	4
8522	2
8523	2
8527	2
8528	2
8530	8
8531	2
8532	2
8533	2
8536	2
8537	6
8541	6
8542	4
8543	2
8546	6
8547	2
8549	4
8551	2
8553	2
8554	2
8555	2
8556	2
8558	3156
8559	2
8560	1116
8561	2
8564	2
8566	2
8567	2
8569	2
8573	2
8574	2
8575	2
8576	2
8578	2
8581	2
8582	2
8583	2
8584	2
8585	4
8587	6
8588	2
8591	4
8592	2
8594	6
8595	2
8596	2
8598	2
8599	2
8601	2
8604	6
8608	4
8609	2
8610	4
8612	2
8614	2
8617	4
8619	2
8620	2
8621	2
8631	2
8632	4
8634	2
8638	2
8639	4
8640	4
8641	2
8642	6
8643	4
8646	4
8647	2
8648	4
8649	2
8650	2
8652	6
8653	4
8654	4
8655	2
8656	6
8658	6
8659	4
8660	6
8662	2
8664	4
8665	4
8668	6
8669	4
8670	2
8674	6
8675	2
8677	2
8678	2
8679	2
8680	2
8682	4
8683	2
8685	4
8687	4
8688	4
8689	2
8690	2
8691	3148
8692	2
8693	6
8694	1114
8698	2
8700	2
8705	2
8707	2
8716	2
8717	2
8718	2
8720	2
8721	2
8725	2
8726	4
8727	4
8732	4
8733	4
8735	2
8737	2
8739	2
8741	2
8743	4
8744	4
8745	2
8747	2
8749	4
8750	6
8755	6
8756	2
8757	4
8758	2
8759	2
8760	2
8761	8
8762	2
8763	2
8764	4
8765	2
8769	2
8770	2
8772	4
8773	3146
8774	8
8775	1114
8776	2
8778	2
8782	4
8783	8
8784	2
8786	2
8787	2
8788	4
8789	2
8790	2
8791	2
8793	2
8799	6
8802	2
8806	2
8811	2
8812	2
8813	2
8814	2
8816	6
8818	6
8819	2
8820	4
8823	2
8824	4
8825	2
8826	2
8830	2
8832	2
8833	2
8834	2
8835	4
8836	2
8837	4
8838	2
8840	2
8845	2
8846	6
8847	2
8849	2
8850	2
8851	4
8852	2
8853	4
8854	4
8855	4
8856	2
8857	2
8860	4
8861	2
8862	6
8866	2
8870	2
8871	2
8873	2
8875	4
8876	4
8877	2
8878	2
8879	2
8884	2
8886	4
8887	6
8888	2
8892	2
8893	2
8896	2
8898	2
8899	2
8901	2
8904	2
8905	4
8906	2
8908	2
8911	4
8915	2
8917	2
8919	2
8920	2
8921	2
8925	2
8928	2
8929	2
8931	2
8935	4
8936	4
8937	2
8938	2
8939	2
8943	4
8946	2
8950	2
8951	4
8952	2
8956	2
8958	2
8960	2
8962	2
8964	4
8968	4
8970	6
8971	4
8973	2
8976	2
8978	2
8980	2
8984	2
8991	4
8992	2
8993	2
8997	2
8999	2
9004	2
9005	2
9008	2
9014	2
9015	2
9016	2
9023	4
9024	2
9027	4
9028	2
9032	2
9033	4
9036	2
9038	2
9039	2
9040	2
9041	2
9042	2
9043	4
9046	4
9048	2
9053	2
9055	2
9056	2
9061	2
9065	2
9067	2
9071	2
9074	6
9075	4
9078	2
9081	2
9083	2
9087	2
9088	2
9089	2
9092	2
9100	2
9102	2
9104	2
9107	4
9114	2
9116	2
9118	6
9119	2
9120	2
9122	2
9124	2
9125	2
9126	4
9129	4
9130	4
9131	2
9132	2
9134	6
9135	4
9136	4
9139	2
9141	2
9142	2
9143	2
9146	4
9149	2
9150	2
9153	2
9154	2
9155	2
9156	2
9161	2
9162	2
9163	4
9164	2
9165	2
9167	2
9168	2
9174	4
9175	2
9178	4
9180	2
9183	2
9184	4
9185	4
9186	4
9187	2
9188	2
9189	2
9196	4
9198	2
9201	2
9202	2
9203	2
9204	2
9207	2
9210	6
9212	4
9213	4
9215	2
9216	2
9217	4
9221	2
9223	4
9228	4
9230	6
9231	2
9234	4
9236	2
9237	4
9238	2
9239	2
9240	4
9242	2
9243	4
9245	2
9246	2
9247	4
9248	4
9250	2
9252	4
9253	2
9255	6
9259	8
9260	2
9269	4
9271	6
9275	4
9277	2
9278	2
9279	2
9280	6
9281	2
9282	2
9283	6
9285	4
9287	2
9289	2
9290	2
9291	2
9292	6
9297	2
9299	2
9300	2
9301	4
9302	2
9305	2
9306	4
9308	2
9309	2
9310	4
9311	2
9312	3146
9313	2
9315	1114
9316	4
9317	2
9320	2
9321	2
9325	2
9326	4
9329	2
9331	2
9332	2
9334	2
9335	2
9336	4
9337	4
9338	2
9339	2
9340	2
9341	2
9342	2
9344	4
9345	4
9349	2
9350	2
9351	2
9353	2
9354	2
9355	2
9359	2
9360	6
9361	8
9362	2
9365	2
9366	6
9367	4
9368	4
9369	2
9370	2
9371	8
9373	6
9374	8
9375	2
9376	2
9377	6
9378	6
9379	2
9380	2
9382	2
9383	4
9384	4
9385	2
9387	3148
9388	10
9389	1114
9392	2
9393	4
9395	4
9396	2
9397	3146
9399	4
9400	1114
9401	4
9405	3146
9408	1116
9409	2
9412	2
9413	2
9416	2
9419	2
9421	2
9424	2
9428	4
9429	2
9430	4
9431	2
9432	4
9439	2
9442	4
9443	2
9444	2
9445	2
9446	2
9447	2
9450	2
9455	2
9459	2
9465	2
9469	2
9470	2
9471	4
9472	4
9474	6
9475	2
9483	2
9485	2
9487	2
9490	4
9492	4
9495	2
9496	6
9502	2
9505	2
9506	4
9508	2
9509	2
9512	2
9514	2
9517	4
9521	4
9522	4
9526	2
9527	2
9528	2
9529	2
9530	4
9532	10
9537	4
9540	2
9545	4
9547	2
9548	2
9551	4
9554	2
9555	2
9560	2
9566	2
9567	2
9568	2
9569	2
9571	4
9572	2
9574	2
9576	2
9583	2
9589	4
9590	2
9591	2
9596	2
9597	2
9598	2
9599	2
9601	2
9606	2
9607	2
9608	2
9610	2
9613	2
9614	2
9615	4
9616	2
9618	2
9621	2
9625	2
9626	2
9630	2
9632	4
9634	2
9635	2
9636	2
9640	2
9642	2
9645	2
9646	2
9649	2
9651	2
9655	2
9660	2
9662	4
9663	4
9668	2
9669	4
9670	2
9677	2
9679	2
9683	2
9685	2
9693	4
9694	2
9699	2
9702	2
9707	2
9708	2
9719	2
9722	4
9725	2
9726	2
9729	2
9730	4
9733	2
9737	2
9739	2
9743	6
9751	4
9753	2
9761	2
9762	2
9763	2
9768	2
9769	2
9772	2
9777	2
9778	2
9779	2
9780	2
9784	2
9785	4
9790	2
9796	2
9798	2
9799	4
9800	2
9807	2
9811	4
9816	2
9821	2
9825	2
9828	2
9841	4
9846	4
9848	2
9853	2
9856	2
9857	2
9859	2
9863	2
9865	2
9866	4
9871	2
9873	2
9880	2
9892	4
9896	2
9901	2
9903	2
9906	2
9907	2
9912	2
9916	2
9919	2
9920	6
9923	2
9924	2
9927	2
9928	2
9929	4
9931	2
9932	2
9934	4
9935	2
9938	2
9939	2
9941	2
9950	2
9951	4
9952	4
9953	2
9954	2
9958	4
9960	2
9968	4
9973	2
9975	2
9976	2
9977	2
9978	2
9979	2
9980	4
9981	2
9984	2
9987	2
9991	2
9994	2
9998	2
10002	2
10004	2
10006	2
10008	4
10009	2
10010	2
10011	2
10012	2
10014	2
10016	2
10020	2
10023	2
10025	2
10037	2
10039	2
10046	2
10047	2
10051	2
10057	2
10060	4
10064	2
10065	2
10072	2
10074	2
10077	2
10079	4
10083	2
10087	2
10099	2
10102	2
10106	2
10108	2
10109	2
10116	2
10124	2
10127	2
10132	2
10133	2
10137	2
10139	2
10143	2
10145	2
10149	4
10150	2
10151	2
10156	2
10157	2
10162	2
10163	4
10164	2
10172	2
10176	4
10177	4
10180	4
10181	4
10185	2
10187	2
10190	4
10192	6
10194	2
10195	2
10196	4
10202	2
10205	2
10206	2
10209	2
10214	2
10216	2
10222	2
10223	2
10227	2
10228	2
10231	4
10236	2
10240	4
10251	2
10252	2
10261	4
10262	2
10267	2
10268	2
10272	2
10276	2
10278	4
10280	2
10283	2
10287	4
10288	2
10290	2
10291	2
10292	2
10297	2
10298	2
10300	2
10303	2
10306	2
10308	6
10310	2
10312	2
10316	2
10318	2
10319	2
10322	2
10323	4
10324	2
10325	4
10327	6
10333	4
10334	2
10335	2
10336	2
10337	4
10339	2
10340	2
10341	2
10342	2
10343	4
10344	2
10345	2
10346	2
10349	2
10350	2
10351	2
10357	4
10358	2
10364	2
10373	4
10380	2
10384	2
10386	2
10390	2
10392	2
10393	2
10394	2
10395	2
10396	2
10397	2
10398	2
10404	2
10406	2
10407	4
10408	2
10411	2
10413	2
10414	2
10416	3146
10418	2
10419	1114
10420	6
10422	2
10423	4
10427	2
10431	2
10433	2
10437	2
10439	2
10440	2
10442	2
10445	4
10447	2
10449	6
10452	2
10453	4
10455	4
10457	2
10458	2
10464	2
10465	2
10469	2
10470	2
10471	2
10477	2
10486	2
10489	2
10492	2
10493	2
10499	2
10501	2
10503	2
10505	4
10506	2
10507	2
10509	2
10517	2
10518	6
10521	2
10527	2
10531	2
10535	2
10536	2
10540	2
10548	2
10551	2
10555	2
10559	2
10563	2
10571	2
10573	4
10576	2
10578	2
10588	2
10589	4
10590	4
10591	2
10595	2
10597	2
10599	2
10600	2
10601	4
10604	2
10606	2
10611	2
10612	2
10613	2
10614	2
10617	2
10619	4
10631	2
10632	2
10633	4
10636	2
10639	2
10640	2
10646	2
10647	2
10648	2
10652	2
10653	2
10655	2
10660	2
10667	4
10668	2
10678	4
10689	2
10693	2
10698	2
10699	2
10704	4
10710	4
10711	2
10713	4
10717	4
10721	2
10723	2
10728	2
10739	2
10749	2
10753	4
10755	2
10758	2
10759	2
10761	2
10763	6
10764	2
10765	2
10766	4
10772	2
10775	2
10779	2
10782	4
10783	4
10784	2
10785	6
10786	4
10787	4
10788	2
10792	4
10794	2
10796	4
10797	2
10805	4
10807	2
10808	2
10810	2
10816	2
10817	2
10818	2
10820	2
10822	2
10824	4
10825	2
10826	2
10830	2
10832	2
10833	2
10836	4
10837	2
10842	6
10844	2
10845	2
10846	2
10848	2
10852	4
10853	2
10855	2
10856	2
10857	2
10864	4
10867	2
10873	2
10874	2
10875	2
10876	6
10880	2
10882	2
10884	2
10894	2
10896	6
10897	2
10898	2
10908	2
10917	4
10919	2
10923	2
10927	2
10933	2
10935	4
10936	2
10940	4
10941	2
10942	2
10943	2
10945	2
10948	2
10949	2
10951	2
10954	2
10956	2
10959	2
10962	2
10965	2
10966	2
10967	2
10968	2
10970	2
10977	4
10990	2
10992	2
10993	2
10997	2
11001	2
11002	2
11003	2
11004	2
11007	2
11010	2
11011	2
11012	2
11013	2
11018	4
11022	4
11023	4
11028	2
11032	2
11034	2
11035	2
11037	2
11039	4
11042	4
11044	2
11046	2
11047	2
11050	2
11057	4
11058	2
11059	2
11060	2
11061	2
11062	4
11064	2
11067	2
11071	2
11072	2
11074	2
11077	4
11078	2
11081	2
11082	4
11083	2
11089	2
11095	2
11097	2
11099	2
11100	2
11103	2
11104	2
11108	2
11113	2
11117	4
11118	4
11123	2
11130	4
11136	6
11139	2
11141	2
11143	4
11144	2
11145	4
11147	2
11149	2
11150	2
11153	2
11156	2
11158	2
11159	2
11160	4
11161	2
11163	4
11164	2
11166	2
11167	2
11168	2
11169	4
11170	2
11173	2
11175	2
11176	4
11182	2
11183	2
11186	2
11189	4
11193	2
11197	6
11200	2
11202	2
11206	2
11207	2
11213	2
11214	2
11220	2
11221	2
11222	4
11223	6
11224	2
11225	2
11226	2
11227	4
11230	2
11231	2
11232	2
11233	4
11238	2
11239	4
11240	2
11241	2
11244	2
11245	2
11250	2
11251	2
11252	2
11254	4
11255	2
11257	4
11259	4
11260	3146
11262	2
11264	1114
11265	4
11266	2
11267	2
11271	2
11273	2
11275	2
11276	2
11277	2
11279	2
11282	2
11283	2
11284	2
11285	2
11289	4
11292	4
11295	2
11296	4
11299	2
11301	2
11302	2
11304	2
11305	2
11307	4
11308	2
11311	4
11314	2
11319	2
11326	2
11329	2
11331	4
11332	2
11337	2
11339	2
11342	2
11343	2
11348	2
11352	4
11356	2
11358	2
11361	2
11363	4
11366	2
11372	2
11379	2
11381	2
11385	4
11390	4
11393	4
11394	2
11396	2
11397	4
11400	2
11402	2
11404	2
11405	4
11408	4
11410	2
11413	2
11417	2
11418	2
11421	2
11423	6
11428	2
11430	4
11433	2
11434	2
11435	16
11436	6
11437	8
11438	10
11439	10
11440	2
11441	4
11442	3146
11444	1118
11446	2
11449	2
11451	2
11452	2
11453	2
11454	2
11457	6
11460	2
11462	6
11465	8
11466	4
11469	2
11471	2
11475	2
11477	2
11479	4
11481	6
11486	2
11487	2
11490	2
11492	2
11493	2
11497	2
11500	2
11501	2
11502	2
11503	2
11505	2
11507	2
11509	2
11514	4
11529	2
11531	2
11532	2
11533	2
11534	2
11536	2
11537	2
11540	2
11552	4
11562	2
11565	2
11567	2
11568	2
11572	6
11573	2
11575	2
11577	2
11578	2
11581	4
11582	2
11584	2
11586	2
11587	2
11591	2
11592	2
11593	2
11597	2
11598	2
11600	2
11604	2
11610	2
11612	2
11613	4
11616	4
11620	2
11621	2
11629	2
11633	2
11645	2
11649	2
11651	2
11652	4
11655	2
11656	2
11657	2
11658	4
11662	2
11663	2
11666	2
11669	2
11676	2
11682	6
11683	6
11686	2
11690	2
11693	2
11695	2
11697	2
11698	2
11699	2
11700	2
11702	2
11706	2
11709	2
11712	2
11714	2
11716	4
11718	2
11721	2
11725	2
11726	4
11727	2
11737	2
11738	2
11744	2
11746	2
11752	2
11754	2
11755	2
11756	2
11759	2
11760	4
11762	2
11763	2
11764	2
11766	4
11768	2
11770	2
11774	2
11776	6
11779	2
11782	2
11784	4
11785	6
11786	2
11789	4
11790	2
11792	2
11793	2
11795	2
11799	2
11804	2
11806	2
11807	2
11808	2
11810	6
11811	4
11812	2
11819	2
11820	2
11822	6
11823	2
11824	2
11825	4
11826	2
11828	2
11829	2
11831	4
11832	4
11833	2
11835	2
11836	2
11838	8
11839	2
11841	2
11843	2
11849	4
11855	2
11856	2
11862	2
11864	2
11865	2
11867	2
11869	2
11871	2
11873	2
11874	2
11879	4
11880	2
11881	2
11882	2
11883	2
11884	2
11885	2
11886	2
11887	2
11889	2
11890	2
11891	4
11893	4
11897	4
11898	2
11899	2
11900	2
11902	2
11904	2
11906	2
11908	2
11912	2
11913	2
11914	2
11915	2
11916	4
11918	2
11919	2
11923	2
11924	2
11925	4
11926	2
11930	2
11932	2
11934	2
11938	2
11939	2
11941	2
11944	2
11946	2
11947	2
11948	4
11950	2
11951	4
11953	4
11955	4
11956	12
11957	4
11960	4
11963	2
11964	2
11966	2
11968	2
11971	2
11973	2
11976	4
11977	4
11980	2
11983	4
11985	8
11986	2
11990	2
11991	2
11994	2
11999	2
12000	2
12001	4
12002	4
12003	2
12004	4
12005	2
12008	2
12009	8
12010	4
12011	2
12012	4
12014	2
12019	6
12020	2
12021	2
12022	6
12023	2
12025	2
12027	2
12028	4
12029	2
12030	4
12031	4
12032	6
12037	8
12038	6
12041	6
12042	4
12043	3146
12044	2
12045	1114
12047	2
12052	2
12053	2
12058	2
12059	2
12061	2
12070	2
12074	2
12075	2
12076	2
12077	4
12078	2
12079	2
12082	2
12085	2
12087	2
12089	4
12090	4
12092	6
12093	6
12094	2
12098	2
12107	2
12116	2
12117	6
12118	2
12120	2
12121	2
12122	2
12124	2
12126	2
12130	2
12132	2
12133	4
12136	4
12137	2
12138	4
12142	2
12144	4
12147	2
12149	2
12150	4
12151	2
12155	4
12156	4
12157	2
12164	2
12166	4
12167	2
12168	4
12170	2
12173	2
12174	2
12176	2
12177	2
12178	2
12179	2
12180	4
12181	2
12182	2
12186	2
12189	6
12190	2
12192	4
12193	4
12195	4
12196	2
12198	2
12199	6
12200	2
12201	2
12202	4
12207	2
12209	2
12214	4
12218	8
12219	2
12220	2
12221	2
12222	3150
12223	2
12224	2
12225	1114
12226	2
12227	2
12229	2
12230	2
12236	2
12240	2
12242	2
12243	2
12246	2
12247	2
12248	2
12250	4
12253	2
12257	2
12260	2
12263	4
12273	2
12277	2
12282	6
12284	2
12289	4
12290	2
12292	4
12293	2
12294	4
12298	2
12299	2
12301	6
12302	2
12303	2
12304	2
12305	2
12308	2
12312	2
12316	4
12317	2
12318	2
12320	4
12321	4
12322	2
12323	2
12325	2
12329	2
12339	2
12340	2
12342	4
12344	4
12345	4
12347	2
12349	2
12350	4
12353	2
12354	4
12355	2
12357	2
12361	4
12363	2
12364	2
12365	2
12367	2
12371	2
12373	2
12376	2
12377	2
12380	2
12381	2
12386	2
12388	6
12391	2
12394	2
12395	2
12398	4
12399	2
12400	2
12401	4
12402	2
12409	2
12413	2
12416	2
12420	2
12421	2
12422	2
12423	2
12424	4
12428	4
12429	4
12431	2
12433	2
12434	2
12435	4
12437	2
12438	2
12439	2
12440	6
12442	2
12446	2
12447	2
12449	6
12452	2
12453	2
12454	2
12457	4
12460	6
12462	4
12463	2
12464	4
12466	6
12467	2
12468	2
12469	2
12471	4
12472	2
12474	2
12476	2
12477	8
12480	2
12482	2
12484	2
12485	2
12492	4
12494	2
12498	4
12500	2
12502	2
12503	2
12507	2
12509	2
12511	2
12513	2
12519	4
12526	4
12530	2
12531	2
12534	4
12535	6
12537	4
12540	4
12542	4
12546	4
12547	2
12549	2
12550	2
12553	4
12554	2
12557	2
12561	4
12562	4
12563	2
12565	4
12567	6
12568	2
12569	2
12571	4
12574	2
12575	2
12577	2
12579	2
12583	2
12585	2
12587	2
12588	2
12589	6
12590	2
12591	2
12592	2
12603	2
12604	2
12609	2
12612	4
12616	4
12618	2
12619	4
12622	4
12624	2
12626	2
12629	4
12630	2
12634	2
12635	2
12637	2
12639	2
12640	2
12641	2
12642	4
12643	2
12646	4
12647	4
12648	2
12649	4
12652	2
12653	4
12660	2
12661	2
12669	2
12670	2
12672	2
12674	2
12675	2
12676	2
12677	2
12678	2
12680	2
12682	2
12685	4
12688	4
12690	2
12691	6
12692	2
12693	2
12694	2
12695	4
12697	2
12699	2
12701	2
12702	2
12703	6
12704	2
12705	2
12706	2
12707	4
12714	2
12717	4
12723	4
12724	2
12726	4
12729	2
12730	2
12733	2
12734	2
12735	2
12737	4
12741	2
12742	4
12745	4
12746	6
12747	2
12748	2
12750	4
12751	4
12755	4
12758	2
12759	4
12760	2
12761	2
12762	2
12763	2
12765	2
12768	2
12769	2
12770	6
12772	4
12773	2
12775	2
12777	2
12779	2
12783	2
12786	2
12788	2
12790	4
12791	2
12792	2
12794	2
12795	3146
12797	2
12798	1114
12799	2
12800	2
12804	8
12805	2
12806	2
12807	2
12809	2
12817	2
12818	4
12820	2
12821	2
12824	2
12826	4
12827	4
12829	4
12832	4
12835	6
12836	2
12837	2
12838	2
12839	2
12840	4
12841	2
12843	2
12844	2
12845	2
12846	2
12848	2
12849	4
12852	6
12854	4
12855	6
12857	2
12858	4
12859	4
12860	2
12862	2
12867	2
12868	2
12869	2
12872	2
12873	3148
12876	1114
12877	2
12878	6
12882	2
12884	6
12885	2
12899	2
12902	4
12903	4
12905	6
12914	2
12915	2
12917	4
12921	2
12922	2
12928	4
12930	6
12931	4
12934	2
12936	2
12937	8
12938	2
12941	6
12943	2
12944	2
12946	4
12949	2
12952	2
12955	2
12958	4
12963	2
12966	2
12967	2
12968	2
12972	8
12973	4
12975	2
12978	2
12979	4
12980	6
12981	2
12982	4
12986	4
12988	2
12989	2
12992	4
12993	4
12994	2
12995	2
12996	2
12997	2
12998	2
12999	2
13001	2
13004	2
13006	2
13008	4
13009	4
13011	2
13012	2
13013	2
13014	4
13016	4
13019	3146
13022	1118
13023	2
13024	4
13026	4
13030	2
13031	2
13034	2
13036	2
13038	4
13039	2
13042	4
13053	2
13060	2
13063	2
13067	2
13069	2
13070	2
13071	2
13075	4
13080	2
13081	2
13083	2
13085	4
13087	2
13088	4
13090	2
13092	2
13094	2
13097	2
13099	2
13100	4
13101	2
13103	2
13104	4
13110	2
13113	2
13114	4
13115	2
13117	2
13118	2
13121	2
13122	4
13125	2
13130	2
13135	2
13138	6
13139	2
13140	2
13141	2
13142	4
13143	4
13147	6
13148	4
13149	2
13150	2
13151	2
13152	4
13154	2
13155	2
13158	2
13160	4
13166	4
13167	2
13168	4
13173	2
13175	2
13178	6
13179	2
13182	4
13184	2
13185	2
13186	2
13188	4
13189	2
13194	2
13196	4
13199	2
13200	2
13202	2
13204	2
13206	2
13207	2
13209	2
13211	2
13214	2
13218	2
13220	2
13227	2
13229	2
13232	2
13237	2
13239	2
13242	2
13243	4
13244	2
13247	4
13248	4
13249	2
13252	2
13253	2
13255	4
13256	2
13257	2
13259	2
13260	2
13266	2
13267	2
13269	2
13272	2
13273	6
13276	4
13278	2
13282	2
13283	2
13284	4
13286	4
13287	2
13289	2
13290	2
13291	2
13295	4
13296	2
13297	2
13299	4
13302	2
13304	4
13305	2
13306	6
13307	2
13308	2
13310	6
13311	2
13313	4
13314	2
13316	4
13321	2
13323	2
13325	2
13326	4
13328	4
13329	2
13332	4
13334	2
13335	2
13336	2
13337	2
13339	2
13342	4
13348	2
13349	2
13350	4
13359	2
13360	2
13361	2
13363	4
13365	4
13366	2
13368	4
13369	2
13370	2
13371	4
13372	2
13375	2
13376	2
13377	2
13378	4
13380	4
13381	2
13382	2
13383	2
13384	2
13385	2
13387	2
13389	6
13390	4
13392	4
13394	2
13395	4
13396	2
13397	2
13398	6
13401	2
13403	4
13404	4
13406	2
13409	2
13411	2
13414	4
13415	2
13416	2
13422	2
13423	2
13426	6
13427	2
13429	2
13431	2
13432	4
13433	2
13436	2
13437	2
13439	2
13440	2
13441	6
13444	2
13445	2
13449	4
13450	8
13451	2
13454	8
13455	4
13457	8
13458	2
13460	2
13462	3146
13463	2
13464	2
13465	1118
13467	2
13468	2
13472	6
13473	2
13474	2
13475	6
13477	4
13478	4
13480	2
13481	2
13484	2
13485	4
13486	2
13487	4
13488	2
13490	3146
13491	6
13492	4
13493	1116
13495	2
13496	2
13500	2
13501	2
13503	2
13505	2
13508	4
13509	2
13510	4
13511	2
13512	2
13513	4
13517	2
13520	4
13521	4
13522	2
13523	2
13525	2
13526	2
13529	4
13531	2
13532	2
13538	2
13540	2
13542	4
13544	2
13549	2
13553	2
13554	2
13555	4
13556	2
13557	2
13559	2
13560	2
13561	2
13562	2
13568	2
13569	2
13570	4
13572	4
13574	2
13575	2
13578	4
13580	2
13583	2
13584	2
13588	6
13589	2
13590	2
13591	2
13592	2
13595	2
13600	6
13601	6
13602	6
13604	2
13605	2
13607	6
13609	4
13610	2
13611	6
13612	2
13616	2
13617	6
13618	2
13619	4
13620	2
13628	10
13629	2
13634	4
13635	2
13640	6
13641	6
13642	4
13644	2
13646	2
13647	2
13648	2
13650	4
13652	2
13653	2
13656	2
13657	3150
13660	1114
13661	2
13662	2
13663	2
13666	2
13668	2
13669	2
13670	2
13671	4
13675	6
13676	2
13679	2
13680	4
13681	2
13683	2
13684	2
13685	4
13686	2
13687	2
13688	4
13689	4
13690	2
13691	2
13694	2
13695	2
13696	3146
13699	1114
13700	2
13703	2
13704	2
13706	2
13712	2
13715	2
13716	2
13717	2
13721	3146
13725	1114
13732	2
13734	2
13738	2
13744	4
13755	2
13757	2
13762	2
13765	2
13776	2
13777	2
13779	2
13780	2
13784	2
13788	2
13791	2
13796	2
13798	2
13800	2
13802	2
13803	2
13808	2
13810	4
13811	2
13818	2
13821	2
13822	2
13824	2
13826	2
13829	2
13831	4
13833	2
13839	2
13841	2
13843	2
13857	4
13858	2
13859	2
13866	2
13871	2
13874	4
13877	4
13879	2
13884	2
13886	2
13893	2
13895	4
13897	2
13898	2
13901	6
13902	2
13903	2
13905	2
13907	2
13909	4
13910	2
13911	2
13912	2
13914	2
13921	2
13924	2
13927	2
13931	2
13933	2
13937	2
13940	2
13941	2
13942	2
13943	2
13944	2
13946	2
13947	3148
13949	2
13950	1114
13951	2
13952	4
13955	2
13966	2
13969	2
13973	2
13976	2
13978	2
13979	2
13980	2
13985	2
13987	2
13988	4
13990	2
13992	2
13994	2
14000	2
14004	2
14005	2
14011	2
14016	2
14021	2
14025	2
14028	4
14029	2
14030	2
14036	2
14037	6
14038	2
14039	2
14045	2
14046	2
14049	2
14052	2
14053	2
14065	2
14070	2
14075	4
14079	2
14080	2
14083	2
14092	2
14093	4
14094	2
14096	2
14098	4
14103	4
14104	2
14105	4
14106	4
14109	2
14110	2
14114	2
14117	4
14118	4
14119	2
14120	2
14121	4
14126	2
14129	2
14130	2
14131	4
14133	2
14135	4
14136	2
14139	2
14141	2
14145	2
14147	4
14149	2
14152	2
14156	3146
14160	1114
14164	2
14170	2
14175	2
14176	2
14177	2
14183	2
14186	2
14188	2
14190	2
14193	2
14196	2
14198	2
14204	2
14210	4
14213	4
14216	2
14218	2
14226	4
14227	2
14229	2
14233	2
14236	2
14243	2
14246	2
14256	2
14267	4
14277	2
14282	2
14284	2
14287	2
14290	4
14298	2
14299	2
14302	2
14309	2
14310	2
14313	2
14324	2
14326	2
14333	2
14342	2
14343	2
14344	2
14352	2
14354	2
14355	2
14357	2
14360	2
14370	2
14371	2
14383	4
14391	2
14392	4
14397	2
14406	4
14411	2
14412	2
14419	2
14422	2
14426	2
14429	2
14431	2
14433	2
14436	2
14438	2
14439	2
14440	2
14446	2
14450	4
14456	2
14457	2
14465	2
14467	6
14470	2
14472	2
14475	2
14479	2
14484	2
14485	2
14487	2
14488	2
14493	6
14494	2
14495	2
14496	2
14499	2
14502	2
14504	2
14505	2
14507	2
14511	6
14513	2
14515	4
14516	2
14518	2
14519	2
14520	4
14521	2
14525	4
14537	2
14538	4
14540	8
14541	2
14542	2
14544	4
14545	2
14547	2
14550	2
14553	2
14558	3146
14561	1116
14562	2
14570	2
14571	2
14573	2
14574	2
14579	2
14580	2
14581	2
14582	2
14584	2
14585	2
14586	2
14588	2
14598	2
14599	2
14603	2
14605	2
14606	2
14607	4
14609	4
14610	4
14611	2
14616	2
14621	4
14622	2
14623	3146
14626	1114
14638	2
14639	2
14641	2
14647	6
14654	2
14657	2
14659	2
14661	2
14669	2
14672	2
14675	2
14676	2
14697	2
14698	2
14713	4
14717	2
14733	2
14744	2
14746	4
14750	2
14766	2
14774	2
14779	2
14791	2
14817	2
14818	2
14825	2
14841	4
14843	2
14845	2
14851	2
14858	2
14860	2
14868	2
14869	2
14902	2
14907	2
14911	2
14912	2
14918	2
14919	2
14926	2
14929	2
14930	2
14931	2
14933	4
14934	2
14937	2
14957	2
14958	2
14960	2
14980	2
14992	2
14997	2
15007	2
15011	2
15015	2
15019	2
15020	2
15021	2
15026	2
15030	4
15032	2
15038	2
15045	2
15046	2
15049	4
15051	4
15056	2
15058	2
15069	2
15071	2
15073	2
15075	2
15084	2
15085	2
15087	2
15089	2
15104	2
15125	2
15137	2
15142	2
15143	2
15148	2
15155	2
15169	2
15174	2
15176	2
15179	4
15184	2
15185	2
15191	4
15197	2
15198	2
15199	2
15203	2
15210	2
15211	2
15214	2
15215	2
15220	2
15223	2
15224	2
15225	2
15228	2
15229	2
15230	2
15243	2
15245	2
15246	2
15250	2
15258	3146
15261	1114
15270	2
15274	2
15286	2
15295	2
15299	2
15305	2
15306	2
15313	2
15319	2
15323	2
15324	2
15332	2
15334	2
15335	2
15338	2
15345	2
15360	2
15361	2
15375	2
15378	2
15380	2
15383	2
15393	2
15397	2
15398	2
15400	2
15409	2
15432	2
15437	2
15443	2
15447	2
15448	2
15451	2
15464	2
15466	2
15468	2
15470	2
15479	2
15493	2
15497	2
15501	2
15507	2
15526	2
15530	2
15562	2
15565	2
15572	2
15586	2
15600	4
15604	2
15612	2
15613	2
15620	2
15622	2
15628	2
15631	2
15633	2
15635	2
15658	2
15672	2
15692	2
15701	2
15711	4
15716	2
15724	2
15729	2
15730	2
15735	2
15736	2
15740	2
15750	2
15753	2
15755	2
15756	2
15766	4
15778	2
15785	2
15788	2
15790	2
15799	2
15819	2
15830	4
15840	2
15841	2
15868	2
15877	2
15882	2
15883	4
15886	2
15887	2
15890	2
15899	2
15901	2
15906	2
15912	2
15927	4
15931	2
15937	2
15939	2
15944	2
15952	4
15976	2
15977	2
15984	2
15995	2
15996	2
16006	2
16031	2
16033	2
16035	2
16042	2
16047	2
16050	2
16054	2
16065	2
16075	2
16079	2
16087	2
16093	2
16099	4
16106	2
16110	2
16113	2
16166	2
16180	2
16193	2
16202	4
16210	2
16212	2
16213	4
16215	2
16223	2
16225	2
16226	2
16229	2
16243	2
16246	2
16247	2
16267	2
16274	2
16275	2
16276	4
16279	2
16286	2
16293	2
16311	2
16322	2
16323	2
16332	2
16333	2
16338	4
16340	4
16343	2
16344	2
16347	2
16349	2
16350	2
16354	2
16366	2
16368	2
16386	2
16395	2
16399	2
16413	2
16416	4
16420	2
16427	2
16431	2
16432	2
16439	2
16442	2
16445	2
16449	4
16450	2
16451	2
16453	2
16462	2
16474	2
16488	2
16489	2
16495	2
16496	2
16500	2
16503	2
16511	2
16512	2
16515	2
16518	2
16520	2
16526	2
16529	2
16531	2
16536	2
16542	2
16555	6
16561	2
16565	4
16567	2
16570	2
16576	2
16578	2
16581	4
16582	2
16583	2
16591	2
16603	2
16607	2
16609	2
16610	2
16616	2
16617	2
16625	2
16639	2
16647	2
16651	2
16652	4
16656	2
16659	2
16661	2
16663	2
16667	2
16668	4
16670	2
16672	6
16675	2
16678	4
16679	4
16680	2
16688	2
16689	2
16693	2
16698	2
16703	2
16705	2
16709	3146
16712	1114
16720	2
16725	2
16730	2
16749	2
16751	2
16752	2
16753	2
16757	2
16758	2
16779	2
16781	2
16792	2
16822	2
16824	2
16829	2
16831	2
16833	2
16856	2
16858	2
16862	2
16868	2
16870	2
16875	2
16878	2
16884	2
16886	2
16888	2
16899	2
16914	4
16919	2
16937	2
16967	2
16975	2
16977	2
16985	2
16993	2
16996	4
17001	2
17007	2
17028	2
17034	2
17037	2
17040	2
17044	2
17049	2
17067	2
17084	2
17114	2
17122	2
17123	2
17126	2
17139	2
17150	2
17159	4
17169	2
17179	2
17198	2
17201	2
17204	2
17219	2
17251	2
17253	2
17269	2
17277	2
17278	2
17293	2
17296	2
17307	2
17310	2
17312	2
17319	2
17322	2
17326	2
17360	2
17370	4
17372	2
17379	2
17382	2
17383	2
17385	2
17399	4
17404	2
17407	2
17408	2
17412	2
17415	2
17428	2
17430	2
17442	2
17484	2
17485	2
17486	2
17498	2
17504	2
17507	2
17510	2
17520	2
17525	4
17529	2
17543	4
17550	2
17552	2
17561	2
17567	4
17572	2
17574	2
17589	2
17597	2
17601	4
17613	4
17617	4
17620	2
17626	2
17638	2
17649	2
17657	2
17665	2
17673	4
17687	2
17693	2
17698	4
17699	2
17712	2
17715	2
17716	2
17727	2
17734	2
17744	2
17747	2
17749	2
17750	2
17754	2
17758	2
17763	2
17769	2
17770	2
17777	4
17783	2
17787	2
17793	2
17807	2
17810	2
17813	2
17816	2
17817	2
17820	2
17824	2
17835	2
17837	2
17854	2
17857	2
17861	2
17862	2
17867	2
17870	2
17871	2
17874	2
17880	2
17881	2
17884	2
17892	2
17894	2
17902	2
17912	2
17931	2
17936	2
17941	2
17944	2
17949	2
17953	2
17971	2
17974	2
17976	2
17983	2
17998	2
17999	2
18015	2
18020	2
18021	2
18023	2
18026	2
18028	2
18030	2
18035	2
18038	4
18039	2
18045	2
18046	2
18050	2
18053	2
18059	2
18081	2
18088	2
18093	2
18095	2
18108	2
18122	2
18124	2
18129	2
18133	2
18143	2
18144	2
18146	2
18152	2
18154	2
18156	2
18160	2
18164	2
18166	2
18168	2
18172	2
18188	2
18193	2
18209	4
18213	2
18217	2
18219	2
18224	2
18229	2
18230	2
18244	2
18246	2
18255	2
18272	2
18276	2
18281	2
18282	2
18291	2
18298	2
18300	2
18306	4
18312	2
18319	2
18328	2
18332	2
18339	2
18343	2
18354	2
18355	2
18356	4
18358	2
18367	2
18372	2
18374	2
18395	2
18398	2
18400	2
18415	4
18423	2
18444	4
18446	4
18449	2
18450	2
18452	2
18457	2
18461	2
18463	4
18469	4
18472	4
18483	4
18487	2
18491	2
18500	4
18503	4
18521	2
18524	2
18525	2
18526	2
18540	4
18541	2
18545	2
18548	2
18551	2
18552	2
18560	2
18562	2
18568	2
18583	2
18584	2
18593	4
18600	2
18604	6
18609	2
18610	2
18611	2
18612	2
18615	2
18617	2
18618	2
18622	2
18628	2
18631	4
18632	2
18637	2
18647	2
18649	2
18657	2
18664	2
18673	2
18677	2
18678	2
18682	2
18683	2
18685	2
18686	2
18687	2
18692	2
18693	4
18702	2
18703	2
18716	2
18719	2
18720	2
18721	2
18722	2
18725	4
18728	2
18729	6
18731	4
18737	4
18740	2
18744	2
18745	4
18750	2
18756	2
18758	2
18759	2
18763	2
18764	2
18765	2
18771	2
18772	2
18773	2
18779	2
18780	4
18781	2
18784	6
18788	2
18791	4
18792	4
18799	2
18801	2
18805	2
18807	2
18809	2
18815	2
18817	2
18818	2
18819	2
18821	3146
18824	1114
18825	2
18831	2
18839	2
18848	2
18850	2
18851	2
18863	2
18870	2
18878	2
18879	4
18880	2
18884	2
18885	6
18899	2
18901	2
18904	2
18908	2
18909	2
18912	2
18924	2
18925	2
18942	2
18947	2
18952	2
18955	4
18962	2
18964	2
18973	2
18978	2
18989	4
18993	2
19001	2
19004	2
19009	2
19010	2
19012	4
19020	2
19024	2
19028	4
19029	2
19033	2
19034	2
19039	2
19046	2
19054	2
19058	4
19059	2
19068	2
19069	4
19071	2
19072	2
19075	2
19081	2
19082	4
19084	2
19091	2
19100	2
19103	2
19105	2
19107	2
19109	2
19114	2
19116	2
19122	2
19123	2
19125	2
19126	2
19141	2
19150	2
19151	2
19152	2
19154	2
19158	2
19159	2
19160	4
19162	2
19164	4
19168	4
19169	2
19170	2
19172	2
19179	2
19180	6
19181	2
19184	2
19186	4
19188	2
19190	4
19191	2
19194	2
19195	4
19196	2
19200	2
19201	2
19206	4
19207	2
19210	2
19212	2
19215	4
19216	3148
19219	1114
19226	2
19228	2
19233	3146
19236	1114
19242	2
19244	2
19249	4
19265	2
19267	2
19288	2
19296	2
19322	4
19326	2
19327	2
19341	2
19357	2
19361	2
19371	2
19379	2
19380	2
19391	2
19393	2
19397	2
19406	2
19407	2
19429	2
19432	2
19435	2
19440	2
19442	2
19443	2
19455	2
19468	2
19469	2
19470	2
19472	2
19491	2
19493	2
19497	4
19508	2
19520	2
19535	2
19542	2
19543	2
19546	2
19547	2
19559	2
19561	2
19563	2
19570	2
19579	2
19584	2
19587	2
19595	2
19602	2
19603	2
19606	2
19610	2
19617	2
19621	2
19624	2
19626	2
19655	2
19665	2
19668	2
19675	2
19683	2
19687	2
19688	2
19697	2
19698	2
19701	2
19703	2
19705	2
19706	2
19709	2
19731	2
19773	2
19778	2
19785	4
19794	2
19798	2
19804	2
19808	2
19809	2
19810	2
19821	2
19831	2
19839	2
19850	2
19858	2
19866	4
19870	2
19874	2
19876	2
19881	2
19883	2
19890	2
19893	2
19903	4
19908	2
19910	2
19914	2
19925	4
19928	2
19938	2
19940	2
19971	2
19975	2
19976	2
19990	2
19993	2
19994	2
20008	2
20011	2
20041	2
20056	2
20062	2
20086	2
20092	2
20105	2
20108	4
20119	2
20139	2
20145	2
20147	2
20148	2
20149	2
20151	2
20155	2
20169	4
20177	2
20178	2
20184	2
20185	2
20188	2
20195	2
20200	2
20232	2
20241	2
20245	4
20250	2
20267	2
20269	2
20270	2
20274	2
20278	2
20279	6
20284	2
20299	2
20301	2
20304	2
20311	2
20315	2
20321	2
20324	2
20347	2
20354	2
20355	4
20374	2
20378	2
20381	2
20386	2
20393	2
20397	2
20402	4
20405	2
20413	2
20418	4
20421	2
20426	2
20433	2
20434	4
20443	2
20445	2
20450	2
20453	2
20454	2
20455	2
20459	2
20465	2
20470	2
20476	2
20477	2
20489	2
20498	2
20502	2
20506	2
20516	4
20519	2
20520	2
20526	2
20531	2
20532	2
20533	2
20539	4
20548	2
20551	2
20564	2
20566	2
20573	2
20575	2
20584	2
20600	2
20601	2
20605	2
20609	2
20613	4
20615	2
20618	2
20622	2
20630	2
20633	2
20635	2
20636	2
20643	2
20644	2
20645	2
20649	2
20653	2
20656	2
20672	2
20684	2
20695	2
20697	2
20698	2
20699	4
20700	2
20704	4
20708	2
20711	2
20712	2
20720	2
20721	2
20722	2
20728	2
20735	2
20746	4
20747	4
20751	2
20761	2
20765	2
20766	2
20767	2
20768	2
20780	2
20782	2
20783	2
20784	2
20785	2
20791	2
20792	2
20795	2
20796	2
20801	4
20802	2
20803	2
20804	2
20806	2
20808	4
20812	4
20821	2
20822	2
20825	2
20836	2
20837	2
20839	2
20844	3146
20847	1114
20851	2
20852	2
20868	2
20880	2
20881	2
20892	2
20911	2
20915	2
20916	2
20936	2
20955	2
20966	2
20970	2
20973	2
20981	2
20992	2
21000	2
21003	2
21006	4
21007	2
21009	4
21015	4
21017	2
21018	2
21025	2
21028	2
21032	2
21058	2
21059	2
21064	4
21067	2
21070	2
21084	2
21085	2
21086	2
21087	2
21093	6
21095	2
21098	2
21102	4
21103	2
21104	2
21121	2
21122	2
21127	2
21131	2
21132	2
21135	2
21138	2
21143	3146
21146	1114
21157	2
21160	2
21182	2
21191	2
21194	4
21198	2
21211	2
21226	2
21227	2
21236	2
21251	2
21257	2
21259	2
21284	2
21304	4
21316	2
21333	2
21335	2
21354	2
21356	2
21371	2
21386	2
21396	2
21402	2
21405	2
21407	2
21409	2
21427	2
21452	2
21454	2
21464	2
21465	2
21467	4
21478	2
21481	4
21491	2
21517	2
21545	2
21551	2
21564	2
21571	2
21573	2
21577	2
21587	2
21595	2
21618	2
21625	2
21656	2
21663	2
21665	2
21671	2
21675	2
21676	2
21699	2
21705	2
21713	2
21723	2
21737	2
21752	2
21765	2
21773	2
21777	4
21778	2
21783	2
21788	2
21790	2
21797	2
21802	2
21813	2
21815	2
21821	2
21825	2
21839	2
21840	2
21854	2
21857	4
21868	2
21883	2
21885	2
21901	2
21902	2
21910	2
21916	2
21920	2
21925	2
21926	2
21931	2
21951	2
21958	2
21964	2
21980	2
21983	4
22002	2
22003	2
22005	2
22009	2
22046	2
22056	4
22069	2
22080	2
22088	2
22096	2
22103	2
22106	2
22125	2
22126	2
22132	2
22134	2
22145	2
22147	2
22153	2
22163	2
22173	2
22204	2
22205	2
22227	2
22231	4
22232	2
22236	2
22243	2
22247	2
22253	2
22278	2
22281	2
22282	2
22305	2
22314	4
22322	2
22330	2
22341	2
22350	2
22353	2
22355	2
22361	2
22364	2
22366	2
22378	2
22383	4
22385	2
22389	2
22396	2
22402	2
22416	2
22417	2
22418	2
22423	2
22432	2
22433	2
22435	2
22437	2
22443	2
22449	2
22450	2
22451	2
22457	2
22470	2
22473	4
22477	2
22483	2
22490	2
22491	2
22522	2
22523	2
22531	2
22545	2
22548	4
22550	2
22553	2
22556	2
22558	2
22568	2
22571	2
22573	2
22578	2
22589	4
22590	2
22593	2
22594	2
22603	2
22604	2
22606	2
22607	2
22626	2
22627	2
22659	2
22663	2
22675	2
22679	2
22687	2
22690	2
22697	2
22700	2
22706	2
22708	2
22715	2
22718	2
22724	2
22725	2
22738	2
22746	6
22755	2
22769	2
22774	2
22786	2
22787	4
22801	2
22805	2
22808	2
22809	2
22816	2
22818	2
22821	2
22827	4
22833	2
22834	2
22842	2
22848	2
22853	2
22859	2
22864	2
22865	2
22867	2
22875	2
22877	2
22878	2
22883	4
22884	2
22887	2
22890	2
22891	4
22892	2
22893	2
22897	2
22904	2
22907	2
22911	2
22915	2
22917	2
22919	2
22922	2
22926	3148
22929	1114
22931	2
22933	2
22934	2
22937	4
22940	2
22954	2
22966	2
22973	2
22982	2
22991	2
22993	2
23002	2
23007	2
23021	2
23029	2
23040	4
23047	4
23050	2
23051	2
23053	2
23054	2
23059	2
23064	2
23082	2
23092	2
23095	2
23116	2
23121	2
23128	2
23136	2
23142	2
23148	2
23165	2
23167	2
23174	2
23182	2
23185	2
23197	2
23215	2
23219	2
23222	2
23226	2
23260	2
23273	2
23274	2
23275	2
23281	2
23283	2
23292	2
23299	2
23301	2
23302	2
23312	2
23331	2
23332	2
23335	2
23337	2
23341	2
23344	2
23358	2
23361	2
23373	2
23383	2
23385	2
23398	2
23401	2
23403	2
23406	2
23421	2
23423	2
23435	2
23438	2
23441	2
23452	2
23463	4
23472	2
23492	2
23508	2
23510	2
23515	2
23536	2
23540	2
23543	2
23548	2
23562	2
23570	2
23578	2
23586	2
23603	2
23609	2
23622	2
23626	2
23629	2
23631	2
23637	2
23642	2
23656	2
23665	4
23676	2
23677	2
23679	2
23682	2
23687	2
23703	2
23718	2
23719	4
23723	2
23727	2
23729	2
23731	2
23735	2
23742	2
23745	2
23746	2
23752	2
23763	2
23774	2
23775	2
23777	2
23780	2
23783	2
23795	2
23836	2
23838	2
23842	2
23868	2
23884	2
23904	2
23907	2
23915	4
23940	2
23957	2
23959	2
23965	2
23969	2
23988	2
23993	2
23994	2
24005	2
24009	2
24020	2
24021	4
24023	4
24025	2
24033	2
24036	2
24039	2
24041	2
24063	2
24065	2
24067	2
24072	2
24075	2
24077	2
24080	2
24086	2
24091	2
24094	2
24104	2
24121	2
24125	4
24161	2
24163	2
24166	2
24169	2
24173	2
24175	2
24184	2
24187	2
24190	2
24192	2
24200	2
24206	4
24211	2
24221	2
24224	2
24226	2
24227	2
24234	2
24241	2
24247	2
24249	2
24252	2
24253	2
24256	2
24261	2
24263	2
24266	2
24272	2
24273	2
24276	2
24281	2
24286	2
24290	2
24292	2
24295	2
24296	2
24298	4
24313	2
24323	2
24325	2
24329	2
24337	2
24340	2
24341	2
24350	2
24359	2
24364	2
24367	2
24373	2
24375	2
24400	2
24410	2
24416	2
24425	2
24430	2
24431	4
24433	4
24443	2
24444	2
24450	4
24456	2
24464	2
24466	2
24471	4
24472	2
24476	2
24479	2
24489	2
24490	2
24491	2
24494	2
24495	2
24506	2
24507	2
24527	2
24528	2
24535	2
24548	2
24558	2
24561	2
24563	2
24566	2
24567	2
24572	2
24573	2
24575	2
24582	2
24585	2
24587	2
24596	2
24602	4
24603	2
24615	2
24621	4
24628	4
24629	2
24630	2
24632	2
24644	2
24646	2
24647	4
24654	2
24655	2
24668	2
24670	2
24672	2
24673	2
24682	6
24693	2
24706	2
24715	2
24722	2
24723	2
24724	2
24725	2
24729	2
24730	2
24731	4
24734	2
24740	2
24742	4
24751	2
24759	2
24761	2
24769	2
24775	2
24800	2
24814	2
24815	2
24816	4
24840	2
24848	2
24852	2
24854	2
24856	2
24858	2
24866	2
24867	2
24872	2
24875	2
24877	2
24889	2
24894	2
24895	2
24898	2
24909	2
24913	2
24917	4
24918	2
24923	2
24926	2
24927	4
24928	2
24930	2
24940	2
24942	2
24943	4
24950	2
24956	2
24962	2
24968	2
24970	2
24975	2
24982	2
24985	2
24989	2
24992	2
24996	2
25004	2
25007	2
25008	2
25012	2
25014	4
25015	2
25017	2
25018	2
25020	2
25021	2
25022	2
25023	2
25024	4
25025	2
25026	2
25030	2
25033	2
25035	2
25036	2
25045	4
25050	2
25051	2
25056	2
25061	2
25062	2
25063	4
25064	2
25066	2
25070	3148
25072	2
25073	1114
25083	2
25089	2
25093	2
25102	2
25107	2
25108	2
25109	2
25125	4
25128	2
25129	2
25132	2
25136	2
25138	2
25143	2
25146	2
25155	4
25159	2
25170	2
25175	4
25180	2
25200	2
25202	4
25211	2
25221	4
25222	2
25240	2
25241	2
25251	2
25253	2
25267	4
25273	2
25276	2
25286	2
25306	2
25308	2
25309	2
25311	2
25322	2
25324	2
25326	2
25332	2
25339	2
25341	2
25342	2
25349	2
25352	2
25356	2
25357	2
25370	2
25371	4
25374	2
25378	2
25383	2
25387	2
25390	2
25391	2
25394	2
25404	2
25405	2
25418	2
25421	2
25422	2
25424	2
25429	2
25432	2
25434	2
25435	2
25442	2
25447	8
25452	2
25455	2
25456	4
25457	2
25459	2
25462	2
25463	2
25465	2
25472	4
25474	2
25478	2
25482	2
25492	2
25500	2
25501	2
25502	2
25504	4
25509	2
25511	2
25515	4
25517	4
25519	2
25520	2
25521	4
25523	2
25524	2
25525	4
25527	2
25528	2
25529	4
25531	2
25532	2
25533	2
25536	4
25537	2
25547	2
25549	2
25552	2
25564	2
25566	2
25570	3146
25574	1114
25580	2
25591	2
25602	2
25603	2
25613	2
25618	4
25619	2
25620	2
25627	2
25630	2
25641	2
25674	4
25683	2
25684	2
25685	2
25692	4
25701	2
25704	2
25705	2
25712	2
25713	2
25721	2
25730	2
25731	2
25734	2
25750	4
25751	2
25758	2
25759	2
25764	2
25774	2
25776	2
25777	2
25781	2
25789	2
25793	2
25797	2
25801	2
25805	2
25807	2
25808	2
25809	2
25814	2
25816	2
25824	2
25829	2
25836	2
25837	2
25841	2
25851	2
25852	2
25854	2
25866	2
25867	2
25868	2
25870	2
25872	6
25875	2
25878	2
25879	4
25880	2
25887	2
25893	2
25895	2
25899	2
25904	2
25905	2
25909	3146
25911	2
25912	1114
25913	2
25921	2
25937	2
25938	2
25940	2
25944	2
25945	2
25948	2
25960	2
25966	2
25979	2
25981	2
25995	2
26006	2
26024	2
26047	2
26053	2
26061	2
26078	2
26083	2
26084	2
26103	2
26107	2
26118	2
26119	2
26123	2
26129	2
26132	2
26138	2
26143	2
26156	2
26157	2
26159	2
26163	2
26167	2
26168	2
26176	2
26177	2
26180	2
26190	2
26193	2
26196	2
26202	4
26214	2
26227	2
26233	2
26235	2
26237	2
26241	2
26258	2
26262	2
26264	2
26267	2
26268	2
26278	2
26291	2
26296	4
26297	2
26299	2
26308	2
26311	2
26326	2
26334	2
26341	2
26357	2
26371	2
26375	2
26404	2
26405	2
26413	4
26418	2
26419	2
26425	2
26426	2
26427	2
26433	4
26441	2
26442	6
26445	2
26446	4
26447	2
26448	2
26450	2
26461	2
26463	2
26470	2
26473	2
26480	3146
26483	1114
26488	2
26500	2
26506	2
26513	2
26520	2
26533	2
26547	2
26559	2
26561	2
26564	2
26573	2
26579	2
26583	2
26606	2
26640	2
26652	2
26655	2
26663	4
26670	2
26672	2
26681	2
26685	2
26692	2
26713	2
26720	2
26752	2
26753	2
26764	2
26788	4
26793	2
26815	2
26821	2
26845	2
26854	2
26856	2
26867	2
26878	2
26886	2
26891	2
26894	2
26896	2
26908	2
26910	2
26923	2
26924	2
26931	2
26939	2
26946	2
26951	2
26954	2
26955	2
26958	2
26959	2
26961	2
26974	2
26978	2
26981	2
27013	2
27015	2
27042	2
27045	2
27048	2
27049	2
27057	4
27065	2
27075	4
27086	2
27089	2
27102	2
27108	2
27110	2
27123	2
27126	2
27136	2
27140	2
27158	2
27162	2
27166	2
27175	2
27184	2
27201	2
27212	4
27225	2
27236	2
27238	2
27243	2
27263	2
27264	2
27275	2
27289	2
27306	2
27307	2
27308	2
27315	2
27319	2
27320	2
27324	2
27333	2
27338	2
27351	4
27353	2
27356	2
27386	2
27396	2
27401	2
27402	2
27407	2
27412	2
27422	2
27426	2
27427	2
27428	2
27437	2
27443	2
27454	2
27459	2
27462	2
27470	2
27474	2
27496	2
27505	2
27530	4
27536	2
27537	2
27543	2
27544	2
27554	2
27558	2
27561	2
27569	2
27578	2
27589	2
27603	2
27609	2
27613	2
27615	2
27626	2
27631	2
27634	2
27644	2
27659	2
27664	2
27674	2
27680	2
27683	2
27697	4
27702	2
27712	2
27713	2
27714	2
27715	4
27729	2
27731	2
27737	2
27738	2
27739	6
27742	2
27744	2
27748	2
27751	4
27756	2
27758	2
27759	2
27767	4
27768	2
27773	2
27785	2
27786	2
27806	2
27807	2
27816	2
27817	2
27832	2
27837	2
27842	2
27843	2
27848	6
27852	2
27866	2
27869	2
27871	4
27875	2
27878	2
27879	2
27880	2
27884	4
27894	2
27895	2
27898	2
27901	4
27912	2
27913	2
27917	2
27933	2
27934	4
27937	2
27945	2
27949	2
27959	2
27963	2
27966	2
27971	2
27979	2
27981	2
27990	2
27996	2
28000	2
28015	2
28022	2
28031	2
28033	2
28041	2
28042	4
28052	2
28054	2
28059	2
28071	2
28075	2
28084	4
28085	2
28089	2
28090	2
28094	2
28095	2
28098	2
28101	2
28103	2
28105	4
28107	2
28108	2
28109	2
28113	2
28115	2
28116	2
28119	4
28121	2
28123	4
28127	2
28129	2
28140	2
28148	2
28155	2
28162	4
28168	2
28169	4
28174	2
28176	2
28183	4
28184	2
28185	2
28189	4
28193	2
28196	2
28197	2
28198	4
28200	2
28201	2
28202	2
28209	4
28212	4
28214	2
28215	8
28218	2
28221	4
28222	4
28223	2
28228	4
28230	6
28233	2
28235	3146
28238	1114
28245	2
28246	2
28247	2
28248	2
28249	2
28256	2
28259	2
28264	2
28267	4
28270	2
28272	4
28275	2
28277	3150
28280	1116
28283	4
28284	2
28290	2
28297	2
28300	2
28306	2
28307	2
28309	2
28313	3146
28316	1114
28344	2
28376	2
28380	2
28382	2
28384	2
28395	2
28421	2
28447	2
28468	2
28509	2
28538	2
28554	2
28562	2
28600	2
28611	2
28697	2
28810	2
28812	2
28830	4
28840	2
28849	2
28884	2
28912	2
28960	2
29034	2
29081	2
29086	2
29122	2
29145	2
29166	2
29195	2
29205	2
29219	2
29256	2
29265	4
29270	2
29286	2
29295	2
29298	2
29335	2
29339	2
29347	2
29368	2
29372	2
29378	2
29381	2
29403	2
29418	2
29419	2
29422	2
29429	2
29430	2
29432	2
29444	2
29461	2
29504	2
29521	2
29524	2
29533	2
29542	2
29548	2
29566	2
29580	2
29591	2
29596	2
29608	2
29619	2
29631	2
29633	2
29634	2
29652	2
29655	2
29658	2
29659	2
29667	2
29668	2
29670	2
29678	2
29680	2
29716	2
29738	4
29739	2
29744	4
29748	2
29749	4
29753	4
29754	2
29757	2
29772	2
29774	2
29786	2
29788	2
29793	3146
29796	1114
29831	2
29927	2
30143	2
30214	2
30468	2
30475	2
30483	2
30553	2
30573	2
30638	2
30650	2
30681	2
30685	2
30770	2
30895	2
30924	2
30940	2
31037	2
31105	2
31137	2
31146	2
31165	2
31195	2
31205	2
31275	2
31284	2
31303	2
31333	2
31438	2
31444	2
31496	2
31566	2
31590	2
31642	2
31735	2
31809	6
31978	2
32006	2
32013	2
32061	2
32080	2
32113	2
32134	2
32136	2
32283	2
32377	2
32387	2
32405	2
32443	2
32478	2
32492	2
32684	2
32711	2
32816	2
32951	2
33010	2
33055	2
33215	2
33256	2
33308	2
33319	2
33327	2
33331	2
33353	2
33503	2
33544	2
33622	2
33661	2
33837	2
33863	2
33939	4
33952	2
33973	2
34151	2
34192	2
34200	2
34214	2
34265	2
34275	2
34329	2
34401	2
34450	2
34486	2
34528	2
34679	2
34723	2
34743	4
34769	2
34820	2
34872	2
34912	2
35082	2
35086	2
35094	2
35121	2
35131	2
35143	2
35180	2
35186	2
35216	2
35224	2
35227	2
35232	2
35256	2
35262	2
35284	2
35338	2
35343	2
35397	2
35406	2
35413	2
35446	2
35455	2
35465	2
35523	2
35550	2
35583	2
35592	2
35600	2
35610	2
35622	2
35641	2
35649	2
35672	2
35678	2
35680	2
35710	2
35797	2
35800	2
35848	2
35849	2
35861	2
35900	2
35929	2
35948	2
35972	2
35980	2
36003	2
36023	2
36029	2
36058	2
36064	2
36075	4
36080	2
36085	2
36095	2
36105	4
36114	2
36129	2
36130	2
36137	2
36151	2
36186	2
36205	2
36207	2
36208	2
36222	2
36230	2
36237	2
36275	2
36302	2
36318	2
36328	2
36329	2
36361	2
36371	2
36377	2
36411	2
36425	2
36444	2
36445	2
36448	2
36449	2
36457	2
36458	4
36459	2
36469	2
36503	2
36510	2
36520	2
36523	4
36524	2
36529	2
36530	2
36534	2
36538	4
36539	2
36542	2
36555	2
36556	2
36569	2
36571	2
36576	3146
36579	1114
36715	2
36896	2
36929	2
37106	2
37114	2
37194	2
37267	2
37308	2
37355	2
37356	2
37357	4
37397	2
37401	2
37499	2
37564	2
37702	2
37723	2
37748	2
37765	2
37885	2
37952	2
37959	2
38038	2
38108	2
38152	2
38165	2
38337	2
38370	2
38374	2
38454	2
38476	2
38583	2
38602	2
38687	2
38790	4
38840	2
38850	2
38855	2
38866	2
39021	2
39034	2
39073	2
39234	2
39246	2
39247	2
39311	2
39324	2
39383	2
39399	2
39457	2
39478	2
39607	2
39609	2
39825	2
39876	2
39916	2
39925	2
40039	2
40140	2
40274	2
40375	2
40426	2
40532	2
40640	2
40734	2
40741	2
40745	2
40767	2
40835	2
40937	2
40992	2
41006	2
41051	2
41072	2
41080	2
41088	2
41151	2
41259	2
41267	2
41269	2
41292	2
41320	2
41337	2
41650	2
41688	2
41706	2
41723	2
41818	2
41858	2
41866	2
41875	2
41924	2
41987	2
42057	2
42090	2
42111	2
42124	2
42163	2
42237	2
42285	2
42353	2
42446	2
42485	2
42493	2
42536	2
42553	2
42614	2
42689	2
42693	2
42727	2
42739	2
42740	2
42746	2
42812	2
42850	2
42895	2
42944	2
42977	2
42990	2
42995	2
43001	2
43002	2
43026	2
43041	2
43048	2
43050	2
43088	2
43106	2
43112	2
43158	2
43167	2
43209	2
43218	2
43231	2
43237	2
43243	2
43246	2
43290	2
43292	2
43299	2
43307	2
43321	2
43327	2
43345	2
43366	2
43425	2
43457	2
43463	2
43520	2
43530	2
43569	2
43589	2
43609	2
43637	2
43642	2
43657	2
43661	2
43684	2
43690	2
43699	2
43704	2
43726	2
43744	2
43777	2
43813	2
43822	2
43829	2
43844	2
43860	2
43868	2
43919	2
43937	2
43947	2
43963	2
43983	2
43987	2
43988	2
44010	2
44018	4
44023	2
44024	2
44027	2
44041	4
44065	2
44072	2
44082	2
44113	2
44116	2
44125	2
44134	2
44135	2
44136	2
44141	2
44164	2
44181	2
44197	2
44199	2
44201	2
44202	2
44264	2
44269	2
44287	2
44290	2
44299	2
44325	2
44335	2
44345	2
44350	2
44355	2
44385	2
44389	2
44404	2
44406	2
44419	2
44426	2
44427	2
44430	2
44431	2
44439	2
44441	2
44443	2
44452	2
44464	2
44479	2
44489	2
44499	2
44505	2
44511	2
44512	2
44515	2
44516	2
44517	2
44518	4
44523	2
44527	2
44528	2
44529	2
44532	2
44546	2
44548	2
44561	2
44564	2
44569	3146
44572	1114
44574	2
44584	2
44592	2
44670	2
44686	2
44697	2
44738	2
44803	2
44806	2
44808	2
44827	2
44848	2
44891	2
44960	2
44975	2
44983	2
44985	2
44992	2
45041	2
45063	2
45070	2
45109	2
45161	2
45164	2
45224	2
45276	2
45315	2
45368	2
45402	2
45476	2
45508	2
45568	2
45595	2
45618	2
45668	2
45767	2
45779	2
45903	2
45909	2
46086	2
46093	2
46136	2
46171	2
46174	2
46180	2
46265	2
46315	2
46371	2
46411	2
46419	2
46423	2
46454	2
46459	2
46499	2
46563	2
46582	2
46672	2
46734	2
46744	2
46879	2
46888	2
46938	2
46980	2
47030	2
47036	2
47062	2
47075	2
47081	2
47100	2
47110	2
47261	2
47266	2
47302	2
47317	2
47332	2
47372	4
47380	2
47437	2
47455	2
47458	2
47554	2
47609	2
47612	2
47636	2
47658	2
47662	2
47684	2
47720	2
47746	2
47821	2
47844	2
47856	2
47872	2
47893	2
47895	2
47905	2
47908	2
47914	2
47973	2
47982	2
48029	2
48126	2
48128	2
48162	2
48188	2
48205	2
48224	2
48227	2
48239	2
48245	2
48254	4
48286	2
48305	2
48317	2
48323	2
48368	2
48369	2
48378	2
48388	2
48412	2
48413	2
48434	2
48446	2
48470	2
48491	2
48495	2
48515	2
48535	4
48556	2
48585	2
48620	2
48646	2
48653	2
48677	2
48678	2
48704	2
48720	2
48725	2
48729	2
48740	2
48760	2
48768	2
48777	4
48778	2
48792	2
48810	2
48820	2
48857	2
48859	2
48874	2
48889	2
48901	2
48925	2
48931	2
48941	2
48977	2
49012	2
49030	2
49036	2
49048	2
49059	2
49061	2
49063	2
49072	2
49087	2
49115	2
49117	2
49122	2
49124	2
49157	2
49159	4
49164	2
49177	2
49181	2
49185	2
49194	2
49195	2
49197	2
49210	2
49223	2
49245	2
49274	4
49285	2
49291	2
49296	2
49311	2
49336	4
49355	2
49364	2
49365	2
49380	2
49391	2
49394	2
49398	2
49411	2
49422	2
49432	2
49439	2
49455	2
49456	2
49473	2
49475	2
49480	2
49506	2
49520	2
49539	2
49541	2
49544	2
49545	4
49553	2
49555	2
49559	2
49565	2
49600	2
49604	2
49608	2
49613	4
49615	2
49617	2
49619	2
49620	2
49621	4
49627	4
49631	2
49635	2
49636	2
49637	2
49640	2
49641	2
49649	4
49653	2
49654	2
49667	2
49669	2
49674	3146
49677	1114
49696	2
49716	2
49752	2
49758	2
49786	2
49790	2
49805	2
49806	2
49807	2
49815	2
49866	2
49868	2
49869	2
49872	2
49908	2
49909	2
49921	2
49931	2
49945	2
49992	2
50031	2
50050	2
50058	2
50068	2
50071	2
50094	2
50098	2
50099	2
50109	2
50112	2
50124	2
50126	2
50141	2
50168	2
50194	2
50195	2
50201	2
50202	2
50203	2
50207	2
50212	4
50213	2
50214	4
50226	2
50234	2
50241	2
50251	2
50254	2
50260	3146
50263	1114
