-227000000	1
-199900000	1
-161300000	1
-158100000	1
-155300000	1
-154100000	1
-150500000	1
-150300000	1
-149200000	1
-143700000	1
-142500000	1
-142300000	1
-140500000	1
-140200000	1
-140100000	1
-139800000	1
-139700000	1
-138700000	1
-137100000	1
-136700000	1
-135900000	1
-135800000	1
-135600000	1
-134900000	1
-133500000	1
-131100000	1
-130200000	1
-130100000	1
-129800000	1
-128300000	1
-127900000	1
-127200000	1
-126900000	1
-126600000	1
-126500000	1
-126200000	2
-126100000	1
-125500000	1
-125000000	1
-124400000	1
-123300000	1
-123200000	1
-122800000	1
-122700000	1
-121700000	1
-121400000	1
-120700000	2
-120300000	1
-119400000	1
-119200000	1
-118900000	1
-118800000	1
-118600000	1
-118400000	1
-118200000	1
-117600000	2
-117100000	1
-116200000	1
-116000000	1
-115900000	2
-115800000	1
-115600000	1
-115200000	1
-115100000	1
-115000000	1
-114700000	1
-114600000	1
-114000000	2
-113800000	1
-113500000	1
-113400000	1
-112900000	1
-112700000	1
-112600000	1
-112400000	1
-112200000	1
-111900000	2
-111500000	1
-111300000	1
-110700000	1
-110600000	2
-110300000	1
-109700000	1
-109500000	1
-109200000	1
-109000000	1
-108700000	1
-108500000	1
-108400000	3
-108200000	1
-108100000	2
-107600000	1
-107500000	1
-107300000	1
-106000000	1
-105900000	2
-105400000	1
-105300000	1
-104900000	1
-104700000	2
-104600000	2
-104400000	1
-104200000	1
-102500000	1
-102400000	2
-101800000	3
-101100000	1
-100900000	1
-100800000	1
-100600000	1
-100500000	2
-100300000	1
-100100000	1
-99700000	2
-99500000	1
-99300000	1
-99200000	2
-99100000	1
-98900000	1
-98400000	2
-98100000	1
-97300000	2
-97100000	1
-96800000	1
-96700000	2
-96400000	1
-96300000	1
-96200000	1
-95500000	1
-95400000	1
-94900000	1
-94700000	3
-94000000	1
-93300000	2
-93100000	1
-93000000	1
-92800000	1
-92700000	1
-92300000	1
-91800000	1
-91600000	1
-90700000	1
-90600000	2
-90400000	2
-90200000	1
-90100000	1
-89400000	2
-89200000	2
-89000000	1
-88800000	1
-88600000	1
-88200000	1
-87600000	1
-87300000	1
-87100000	1
-86800000	2
-86300000	1
-86200000	1
-85900000	1
-85800000	1
-85500000	2
-85400000	1
-84200000	1
-84100000	1
-83800000	1
-83600000	2
-83400000	1
-83100000	1
-82700000	2
-82600000	1
-82500000	2
-82200000	1
-82000000	1
-81900000	1
-81800000	1
-81500000	2
-81300000	1
-81200000	1
-81100000	2
-80900000	1
-80300000	1
-80000000	1
-79500000	2
-79400000	2
-79200000	1
-79000000	1
-78800000	2
-78700000	1
-78600000	1
-78500000	1
-78300000	1
-78200000	1
-78000000	1
-77900000	1
-77700000	2
-77500000	3
-77400000	3
-77300000	1
-77100000	1
-77000000	1
-76900000	1
-76600000	1
-76400000	1
-76300000	1
-76100000	1
-75900000	1
-75800000	5
-75600000	2
-75400000	1
-75300000	1
-75200000	1
-74900000	2
-74800000	1
-74700000	1
-74600000	1
-74500000	2
-74200000	1
-73900000	1
-73800000	1
-73700000	1
-73200000	1
-73100000	1
-72700000	1
-72600000	2
-72400000	1
-72200000	1
-72000000	2
-71500000	2
-71400000	1
-71300000	2
-71200000	1
-71000000	1
-70900000	1
-70700000	2
-70500000	1
-70400000	1
-70300000	3
-70200000	2
-70000000	1
-69800000	1
-69700000	1
-69100000	2
-68900000	4
-68800000	1
-68600000	5
-68400000	2
-68300000	2
-68200000	2
-68100000	1
-67900000	2
-67800000	1
-67600000	1
-67500000	2
-67400000	1
-67300000	1
-67200000	1
-67100000	2
-66900000	2
-66800000	2
-66700000	3
-66600000	2
-66400000	1
-66300000	3
-66200000	2
-66100000	2
-66000000	4
-65900000	1
-65800000	1
-65700000	2
-65600000	1
-65500000	2
-65400000	1
-65300000	1
-65100000	9
-65099900	1
-65000000	4
-64900000	2
-64800000	3
-64500000	3
-64400000	5
-64300000	1
-64200000	1
-64100000	1
-64000000	1
-63900000	2
-63800000	2
-63600000	4
-63500000	5
-63400000	2
-63300000	1
-63200000	1
-63100000	1
-63000000	1
-62900000	3
-62800000	2
-62700000	4
-62600000	1
-62500000	3
-62300000	3
-62200000	2
-61900000	2
-61800000	1
-61700000	6
-61600000	4
-61500000	1
-61400000	3
-61300000	2
-61100000	1
-61000000	6
-60800000	2
-60600000	4
-60400000	3
-60300000	3
-60100000	1
-60000000	1
-59800000	2
-59700000	3
-59600000	2
-59500000	1
-59400000	4
-59300000	2
-59200000	1
-59100000	2
-59000000	3
-58800000	3
-58700000	4
-58600000	2
-58500000	2
-58400100	1
-58400000	6
-58200000	4
-58100000	1
-58000000	1
-57900000	3
-57800000	1
-57700000	1
-57600000	6
-57500000	4
-57300000	2
-57100000	3
-57000000	1
-56900000	2
-56800000	2
-56700000	3
-56500000	5
-56400000	3
-56200000	4
-56100000	3
-55900000	11
-55800000	1
-55700000	10
-55600000	2
-55500000	2
-55400000	1
-55300000	4
-55100000	6
-55000000	2
-54800000	6
-54700000	1
-54600000	3
-54500000	1
-54400000	9
-54300000	1
-54200000	4
-54100000	3
-54000000	11
-53900000	4
-53800000	5
-53700000	3
-53600000	2
-53500000	1
-53400000	6
-53300000	4
-53200000	4
-53000000	1
-52900000	2
-52800000	3
-52700000	2
-52600000	9
-52500000	2
-52200000	1
-52100000	1
-52000000	4
-51900000	13
-51800000	2
-51700000	3
-51600000	4
-51500000	5
-51400000	1
-51300000	2
-51200000	3
-51100000	1
-51000000	3
-50900000	7
-50800000	2
-50700000	5
-50500000	7
-50400000	2
-50300100	1
-50300000	17
-50200000	2
-50100000	7
-50000000	3
-49900000	1
-49800000	4
-49700000	3
-49600000	3
-49500000	3
-49400000	5
-49100000	2
-49000000	4
-48900000	4
-48800000	1
-48700000	3
-48600000	4
-48500000	4
-48400000	6
-48300000	1
-48200000	14
-48100000	3
-48000000	3
-47900000	2
-47800000	14
-47700000	2
-47600100	1
-47600000	6
-47500000	2
-47400000	2
-47300100	1
-47300000	8
-47200000	4
-47100000	14
-47000000	6
-46900000	2
-46800000	3
-46700000	10
-46600000	3
-46500000	3
-46400000	5
-46300000	4
-46200000	1
-46100000	3
-46000000	2
-45900000	2
-45800000	3
-45700000	1
-45500000	13
-45400000	1
-45300000	5
-45200000	5
-45100000	3
-45000000	13
-44900000	1
-44700000	3
-44600000	1
-44500000	4
-44400000	5
-44300000	2
-44200000	4
-44100000	5
-44000000	5
-43900000	4
-43800000	2
-43700000	2
-43600000	20
-43400100	1
-43400000	17
-43300000	3
-43200000	18
-43100000	2
-43000000	4
-42900000	4
-42800000	13
-42700000	1
-42600000	5
-42500000	5
-42400000	4
-42300000	6
-42200000	4
-42100000	21
-42000000	5
-41900100	1
-41900000	27
-41800000	3
-41700000	27
-41600000	8
-41500000	6
-41400000	2
-41300000	5
-41200000	6
-41100000	19
-41000000	3
-40900000	11
-40800000	9
-40700100	1
-40700000	12
-40600000	2
-40500000	10
-40400000	2
-40300000	3
-40200000	2
-40100000	21
-40000000	5
-39900000	3
-39800000	3
-39700000	10
-39600000	28
-39500100	1
-39500000	9
-39400000	22
-39300100	1
-39300000	9
-39200000	7
-39100000	3
-39000000	16
-38900000	4
-38800000	16
-38700000	4
-38600100	1
-38600000	8
-38500000	3
-38400000	10
-38300100	1
-38300000	24
-38200100	1
-38200000	11
-38100100	1
-38100000	7
-38000000	1
-37900100	1
-37900000	10
-37800000	15
-37700100	2
-37700000	14
-37600000	10
-37500000	12
-37400000	11
-37300000	49
-37200100	1
-37200000	8
-37100000	13
-37000000	14
-36900000	27
-36800000	19
-36700000	11
-36600100	1
-36600000	19
-36500000	13
-36400000	6
-36300000	43
-36200000	2
-36100000	24
-36000100	1
-36000000	10
-35900000	8
-35800000	23
-35700100	1
-35700000	27
-35600100	1
-35600000	32
-35500100	1
-35500000	15
-35400000	11
-35300100	1
-35300000	52
-35200000	55
-35100000	65
-35000000	112
-34900100	2
-34900000	49
-34800100	1
-34800000	33
-34700000	35
-34600000	10
-34500000	33
-34400100	4
-34400000	54
-34300000	39
-34200100	1
-34200000	32
-34100000	8
-34000100	1
-34000000	26
-33900000	27
-33800000	41
-33700000	1
-33600100	1
-33600000	58
-33500000	66
-33400100	1
-33400000	43
-33300000	33
-33200100	4
-33200000	95
-33100100	1
-33100000	80
-33000100	1
-33000000	77
-32900100	1
-32900000	48
-32800000	36
-32700100	1
-32700000	66
-32600100	1
-32600000	41
-32500100	3
-32500000	81
-32400000	55
-32300100	3
-32300000	77
-32200000	39
-32100100	1
-32100000	30
-32000100	1
-32000000	51
-31900100	1
-31900000	77
-31800100	2
-31800000	47
-31700000	6
-31600100	1
-31600000	31
-31500000	31
-31400000	49
-31300100	4
-31300000	81
-31200000	4
-31100100	1
-31100000	54
-31000100	2
-31000000	118
-30900100	4
-30900000	109
-30800100	2
-30800000	79
-30700100	4
-30700000	55
-30600100	1
-30600000	53
-30500000	32
-30400100	2
-30400000	56
-30300100	1
-30300000	73
-30200000	73
-30100100	2
-30100000	58
-30000100	3
-30000000	117
-29900100	2
-29900000	58
-29800100	4
-29800000	88
-29700000	45
-29600100	1
-29600000	100
-29500100	1
-29500000	66
-29400100	3
-29400000	59
-29300000	93
-29200100	2
-29200000	78
-29100000	72
-29000100	1
-29000000	59
-28900100	3
-28900000	67
-28800100	1
-28800000	71
-28700000	5
-28600100	2
-28600000	88
-28500100	2
-28500000	60
-28400000	47
-28300100	2
-28300000	77
-28200000	62
-28100000	39
-28000100	1
-28000000	93
-27900100	1
-27900000	49
-27800100	2
-27800000	78
-27700100	2
-27700000	94
-27600100	2
-27600000	81
-27500100	3
-27500000	227
-27400000	49
-27300100	1
-27300000	58
-27200000	54
-27100000	67
-27000100	1
-27000000	119
-26900000	83
-26800100	1
-26800000	60
-26700100	2
-26700000	64
-26600100	2
-26600000	110
-26500100	1
-26500000	72
-26400000	96
-26300100	2
-26300000	155
-26200000	5
-26100100	3
-26100000	101
-26000000	60
-25900000	143
-25800100	2
-25800000	77
-25700100	3
-25700000	90
-25600000	85
-25500100	3
-25500000	58
-25400100	1
-25400000	69
-25300100	2
-25300000	80
-25200000	74
-25100100	1
-25100000	104
-25000000	146
-24900100	1
-24900000	80
-24800000	98
-24700100	3
-24700000	56
-24600000	95
-24500100	3
-24500000	73
-24400100	2
-24400000	77
-24300100	3
-24300000	101
-24200100	3
-24200000	103
-24100000	117
-24000100	1
-24000000	73
-23900100	1
-23900000	99
-23800100	3
-23800000	106
-23700000	2
-23600100	1
-23600000	109
-23500100	2
-23500000	67
-23400000	59
-23300000	117
-23200100	2
-23200000	129
-23100100	1
-23100000	101
-23000000	101
-22900100	1
-22900000	142
-22800000	108
-22700000	71
-22600000	110
-22500100	1
-22500000	225
-22400100	1
-22400000	41
-22300100	1
-22300000	163
-22200100	1
-22200000	85
-22100100	1
-22100000	138
-22000000	76
-21900100	1
-21900000	118
-21800100	1
-21800000	79
-21700000	88
-21600100	1
-21600000	109
-21500100	1
-21500000	122
-21400100	1
-21400000	89
-21300000	130
-21200000	6
-21100000	87
-21000000	134
-20900100	2
-20900000	148
-20800100	2
-20800000	85
-20700100	3
-20700000	134
-20600000	87
-20500100	2
-20500000	144
-20400100	2
-20400000	195
-20300000	81
-20200100	2
-20200000	172
-20100000	103
-20000100	2
-20000000	199
-19900100	1
-19900000	65
-19800000	103
-19700100	1
-19700000	79
-19600000	145
-19500000	110
-19400100	1
-19400000	101
-19300000	6
-19200100	2
-19200000	148
-19100100	1
-19100000	78
-19000000	111
-18900100	1
-18900000	188
-18800000	113
-18700100	2
-18700000	215
-18600000	142
-18500100	1
-18500000	87
-18400100	1
-18400000	117
-18300000	72
-18200000	105
-18100000	5
-18000000	112
-17900000	141
-17800100	1
-17800000	63
-17700100	1
-17700000	149
-17600000	81
-17500100	1
-17500000	269
-17400100	1
-17400000	90
-17300000	145
-17200000	147
-17100000	48
-17000000	84
-16900000	114
-16800000	3
-16700100	2
-16700000	124
-16600000	161
-16500000	66
-16400000	141
-16300000	138
-16200000	298
-16100000	106
-16000000	90
-15900000	110
-15800000	138
-15700100	1
-15700000	86
-15600000	5
-15500000	143
-15400000	179
-15300000	102
-15200000	117
-15100000	128
-15000100	1
-15000000	256
-14900000	112
-14800100	2
-14800000	114
-14700000	90
-14600100	1
-14600000	121
-14500100	1
-14500000	132
-14400000	142
-14300000	9
-14200000	177
-14100000	126
-14000000	142
-13900000	132
-13800000	151
-13700000	265
-13600000	143
-13500100	1
-13500000	131
-13400000	81
-13300000	107
-13200100	1
-13200000	112
-13100000	5
-13000000	114
-12900000	102
-12800000	170
-12700000	98
-12600000	170
-12500000	225
-12400000	130
-12300000	70
-12200000	120
-12100000	192
-12000000	140
-11900000	142
-11800000	4
-11700000	121
-11600000	178
-11500000	110
-11400000	128
-11300000	120
-11200000	285
-11100000	136
-11000000	117
-10900100	1
-10900000	118
-10800000	158
-10700000	141
-10600000	8
-10500000	75
-10400000	117
-10300000	134
-10200000	173
-10100000	112
-10000000	275
-9999990	22
-9999980	1
-9900030	1
-9900020	2
-9900010	4
-9900000	118
-9899990	11
-9800020	2
-9800010	12
-9800000	126
-9799990	11
-9700020	1
-9700010	2
-9700000	66
-9699990	2
-9500020	1
-9500010	14
-9500000	85
-9499990	7
-9499980	1
-9400020	2
-9400010	4
-9400000	151
-9399990	5
-9300040	1
-9300030	2
-9300020	1
-9300010	9
-9300000	182
-9299990	12
-9299980	1
-9200050	1
-9200030	2
-9200010	4
-9200000	109
-9199990	4
-9100020	1
-9100010	10
-9100000	101
-9099990	5
-9000000	2
-8900020	1
-8900010	11
-8900000	128
-8899990	12
-8800020	4
-8800010	6
-8800000	94
-8799990	5
-8700040	2
-8700030	2
-8700010	10
-8700000	285
-8699990	16
-8699980	1
-8600010	11
-8600000	63
-8599990	6
-8500060	1
-8500030	1
-8500020	2
-8500010	12
-8500000	99
-8499990	5
-8400010	1
-8400000	3
-8300030	1
-8300020	1
-8300010	12
-8300000	105
-8299990	7
-8200020	1
-8200010	7
-8200000	150
-8199990	6
-8100050	1
-8100020	3
-8100010	12
-8100000	229
-8099990	17
-8000030	1
-8000020	1
-8000010	10
-8000000	151
-7999990	4
-7999980	1
-7900020	1
-7900010	3
-7900000	135
-7899990	9
-7800000	5
-7700050	1
-7700030	1
-7700020	1
-7700010	10
-7700000	179
-7699990	14
-7600030	1
-7600020	1
-7600010	7
-7600000	150
-7599990	4
-7500030	1
-7500020	2
-7500010	14
-7500000	247
-7499990	15
-7499980	1
-7400020	4
-7400010	6
-7400000	102
-7399990	2
-7300030	1
-7300020	1
-7300010	10
-7300000	126
-7299990	7
-7200020	2
-7200010	9
-7200000	144
-7199990	7
-7100010	1
-7100000	2
-7000020	4
-7000010	4
-7000000	96
-6999990	6
-6900010	2
-6900000	107
-6899990	2
-6800030	1
-6800020	2
-6800010	20
-6800000	252
-6799990	10
-6799980	1
-6700020	3
-6700010	9
-6700000	138
-6699990	5
-6600010	8
-6600000	110
-6599990	1
-6500000	3
-6400020	2
-6400010	2
-6400000	78
-6399990	2
-6300020	2
-6300010	7
-6300000	128
-6299990	5
-6200020	4
-6200010	15
-6200000	318
-6199990	10
-6100020	2
-6100010	11
-6100000	130
-6099990	3
-6000010	8
-6000000	136
-5999990	5
-5900000	1
-5800020	1
-5800010	6
-5800000	103
-5799990	6
-5799980	1
-5700020	1
-5700010	3
-5700000	99
-5699990	2
-5699980	1
-5600020	1
-5600010	10
-5600000	301
-5599990	11
-5500020	2
-5500010	6
-5500000	109
-5499990	9
-5499980	1
-5400020	2
-5400010	5
-5400000	100
-5399990	5
-5399970	1
-5300010	2
-5300000	4
-5299990	2
-5200010	6
-5200000	103
-5199990	1
-5100040	1
-5100020	1
-5100010	4
-5100000	107
-5099990	4
-5000030	1
-5000020	3
-5000010	8
-5000000	213
-4999990	6
-4999980	2
-4900010	1
-4900000	99
-4899990	4
-4800010	1
-4800000	1
-4700020	1
-4700010	4
-4700000	121
-4699990	8
-4600010	13
-4600000	278
-4599990	11
-4500000	4
-4400040	1
-4400020	1
-4400010	2
-4400000	159
-4399990	9
-4300030	1
-4300020	1
-4300010	7
-4300000	262
-4299990	10
-4200010	1
-4200000	4
-4199990	1
-4100020	2
-4100010	7
-4100000	144
-4099990	3
-4099980	1
-4000010	5
-4000000	186
-3999990	7
-3900000	1
-3800020	1
-3800010	7
-3800000	157
-3799990	3
-3799980	1
-3700020	5
-3700010	12
-3700000	235
-3699990	8
-3699980	1
-3600010	8
-3600000	145
-3599990	3
-3599980	1
-3500000	3
-3499990	1
-3400010	6
-3400000	227
-3399990	8
-3300020	1
-3300010	6
-3300000	149
-3299990	2
-3200010	1
-3200000	1
-3100010	6
-3100000	266
-3099990	6
-3000020	1
-3000010	2
-3000000	108
-2999990	5
-2900000	1
-2800010	7
-2800000	220
-2799990	11
-2799970	1
-2700050	1
-2700020	1
-2700010	5
-2700000	130
-2699990	4
-2699960	1
-2600000	4
-2599990	1
-2500010	12
-2500000	248
-2499990	7
-2499980	2
-2400010	3
-2400000	6
-2300030	1
-2300010	6
-2300000	270
-2299990	14
-2299980	1
-2200010	1
-2200000	1
-2100020	2
-2100010	5
-2100000	136
-2099990	10
-2099980	1
-2000010	8
-2000000	205
-1999990	10
-1900010	1
-1900000	2
-1800040	1
-1800020	1
-1800010	9
-1800000	295
-1799990	9
-1700010	2
-1700000	111
-1699990	7
-1699980	1
-1600010	1
-1600000	1
-1599990	1
-1500020	2
-1500010	7
-1500000	257
-1499990	4
-1499970	1
-1400010	5
-1400000	198
-1399990	10
-1300000	1
-1299990	1
-1200010	7
-1200000	167
-1199990	7
-1199980	1
-1100010	1
-1100000	127
-1099990	6
-1000010	10
-1000000	102
-999999	84
-999998	27
-999997	13
-999996	5
-999995	1
-999994	4
-999993	1
-999992	1
-999991	1
-999990	1
-999983	1
-999982	1
-900015	1
-900010	1
-900009	1
-900007	2
-900006	1
-900005	1
-900004	2
-900003	3
-900002	7
-900001	15
-900000	42
-899999	59
-899998	27
-899997	12
-899996	3
-899995	2
-899994	3
-899992	2
-899983	1
-800004	1
-800003	1
-799999	2
-799993	1
-700016	1
-700014	1
-700008	2
-700007	2
-700006	2
-700005	2
-700004	1
-700003	7
-700002	6
-700001	13
-700000	62
-699999	90
-699998	42
-699997	10
-699996	11
-699995	7
-699994	3
-699993	2
-699992	1
-699991	1
-699987	1
-600001	1
-600000	3
-599999	1
-599997	1
-599989	1
-500026	1
-500010	1
-500008	2
-500007	2
-500005	1
-500004	1
-500003	3
-500002	12
-500001	26
-500000	55
-499999	113
-499998	42
-499997	20
-499996	11
-499995	5
-499994	3
-499992	1
-499990	1
-499989	1
-499988	1
-499982	1
-399998	1
-399997	1
-399993	1
-300012	1
-300009	1
-300008	1
-300006	1
-300005	3
-300004	2
-300003	2
-300002	9
-300001	10
-300000	36
-299999	55
-299998	24
-299997	10
-299996	3
-299995	4
-299993	1
-299992	1
-299990	1
-299987	1
-200008	2
-200006	1
-200005	2
-200004	1
-200003	4
-200001	6
-200000	21
-199999	41
-199998	21
-199997	8
-199996	3
-199995	5
-199994	3
-199993	3
-199974	1
-100006	1
-100001	3
-100000	5
-99999	41
-99998	20
-99997	6
-99996	5
-99995	2
-99994	2
-99990	2
-389	557
-232	557
-230	557
-226	1
-217	1
-214	557
-213	557
-212	557
-211	557
-210	557
-208	557
-204	1
-203	557
-192	558
-186	1
-182	1
-178	2
-177	1
-176	1
-175	2
-173	1
-170	1115
-168	557
-166	3
-165	1
-164	1118
-163	1
-162	2
-160	7
-159	558
-158	2
-157	3
-156	561
-155	557
-154	1
-152	561
-151	5
-150	6
-149	2
-148	5
-147	2
-146	3
-145	2
-144	4
-143	4
-142	6
-141	5
-140	3
-139	4
-138	4
-137	3
-136	5
-135	6
-134	4
-133	5
-132	8
-131	2
-130	1
-129	2
-128	3
-127	4
-126	3
-125	10
-124	1122
-123	3
-122	570
-121	561
-120	5
-119	3
-118	9
-117	5
-116	8
-115	3
-114	7
-113	9
-112	7
-111	5
-110	8
-109	11
-108	10
-107	3
-106	572
-105	6
-104	562
-103	14
-102	9
-101	570
-100	18
-99	572
-98	20
-97	569
-96	26
-95	18
-94	580
-93	587
-92	1140
-91	29
-90	583
-89	43
-88	1153
-87	593
-86	598
-85	53
-84	1151
-83	1169
-82	624
-81	616
-80	64
-79	1186
-78	80
-77	640
-76	645
-75	89
-74	1205
-73	1215
-72	84
-71	657
-70	91
-69	92
-68	652
-67	106
-66	106
-65	126
-64	692
-63	718
-62	726
-61	174
-60	712
-59	1303
-58	173
-57	189
-56	744
-55	190
-54	2432
-53	1318
-52	1329
-51	1889
-50	774
-49	1939
-48	816
-47	843
-46	830
-45	861
-44	864
-43	333
-42	2026
-41	2023
-40	1482
-39	2061
-38	2111
-37	1036
-36	3341
-35	2812
-34	2838
-33	3434
-32	1276
-31	6433
-30	2529
-29	3681
-28	3819
-27	4986
-26	2829
-25	4056
-24	7405
-23	5350
-22	5449
-21	5035
-20	5884
-19	6106
-18	12342
-17	10947
-16	9101
-15	13280
-14	12186
-13	12714
-12	16358
-11	22419
-10	26317
-9	30652
-8	43468
-7	39899
-6	52278
-5	61233
-4	75879
-3	116538
-2	160813
-1	220503
0	2191977
1	1073248
2	242594
3	128607
4	79884
5	51125
6	41607
7	42580
8	38260
9	37128
10	32789
11	27445
12	25398
13	23349
14	17608
15	14584
16	11606
17	7719
18	9536
19	9763
20	7945
21	12165
22	5758
23	5111
24	7736
25	4751
26	4615
27	3405
28	3261
29	2610
30	3645
31	1891
32	2390
33	2923
34	1689
35	3886
36	2772
37	1557
38	2668
39	2614
40	3166
41	2003
42	894
43	854
44	1937
45	1374
46	1348
47	1329
48	777
49	772
50	1874
51	1267
52	729
53	1250
54	167
55	1822
56	699
57	1249
58	125
59	128
60	116
61	2330
62	653
63	1774
64	106
65	1223
66	1187
67	622
68	629
69	620
70	56
71	1174
72	1160
73	620
74	60
75	612
76	51
77	615
78	42
79	1161
80	37
81	592
82	591
83	40
84	28
85	35
86	588
87	28
88	25
89	575
90	583
91	25
92	18
93	11
94	17
95	575
96	576
97	8
98	19
99	574
100	566
101	16
102	8
103	571
104	7
105	8
106	1120
107	6
108	8
109	5
110	6
111	3
112	563
113	5
114	559
115	2
116	3
117	4
118	3
120	1120
121	2
122	3
123	1
124	1
125	2
126	2
127	2
129	1
130	1
131	560
132	558
133	1
134	560
139	1
141	1
148	2
149	2
153	557
154	557
162	558
174	557
175	557
182	557
188	557
204	557
214	557
230	557
247	557
274	557
99994	1
99995	1
99997	2
99998	5
99999	10
100000	15
100001	50
100002	16
100003	7
100004	2
100005	2
100006	1
100009	1
100010	1
100011	1
100013	2
100015	1
100016	1
199979	1
199986	1
199990	1
199993	1
199994	1
199995	2
199996	2
199997	3
199998	7
199999	8
200000	25
200001	61
200002	19
200003	13
200004	5
200005	2
200006	3
200013	1
200027	1
299986	1
299987	1
299990	1
299995	2
299996	2
299997	4
299998	2
299999	6
300000	20
300001	28
300002	18
300003	6
300004	3
300005	1
300009	2
300021	1
400000	2
400009	1
400012	1
499983	1
499986	1
499989	1
499992	1
499993	2
499995	2
499996	2
499997	2
499998	5
499999	13
500000	37
500001	100
500002	30
500003	13
500004	8
500005	2
500006	6
500008	1
500009	2
500012	1
500017	1
599978	1
599996	1
599997	1
599999	1
600000	1
600002	1
600012	1
699983	2
699992	2
699993	2
699995	1
699996	3
699997	4
699998	6
699999	16
700000	67
700001	105
700002	46
700003	22
700004	11
700005	8
700006	4
700007	1
700009	2
700011	1
700015	1
700019	1
799997	2
800001	1
800008	1
899993	1
899995	1
899997	2
899998	2
899999	3
900000	16
900001	22
900002	10
900003	1
900004	2
900008	2
900010	2
999982	1
999990	1
999993	1
999995	3
999996	4
999997	3
999998	8
999999	14
1000000	166
1000010	13
1000020	1
1099990	6
1100000	132
1100010	16
1199980	3
1199990	5
1200000	127
1200010	7
1300010	1
1399990	2
1400000	136
1400010	8
1400020	1
1400030	1
1499990	2
1500000	251
1500010	19
1600000	3
1600010	1
1699990	3
1700000	119
1700010	11
1700020	1
1799980	1
1799990	8
1800000	250
1800010	9
1800020	2
1800040	1
1900000	2
1900010	1
1999980	1
1999990	6
2000000	240
2000010	13
2000020	1
2099990	2
2100000	115
2100010	2
2100020	2
2200000	1
2200010	1
2299990	6
2300000	260
2300010	14
2300020	1
2400000	2
2499990	8
2500000	235
2500010	21
2500020	1
2500030	1
2599990	1
2600000	2
2699990	3
2700000	113
2700010	5
2799990	7
2800000	167
2800010	14
2800020	1
2899990	1
2900000	1
2999990	3
3000000	139
3000010	2
3099990	1
3100000	254
3100010	14
3100020	4
3100030	1
3200000	2
3200010	1
3299970	1
3299990	4
3300000	141
3300010	15
3300020	2
3399990	5
3400000	197
3400010	10
3500000	1
3500010	1
3599990	1
3600000	98
3600010	9
3600020	1
3699980	2
3699990	5
3700000	292
3700010	24
3700020	1
3799990	1
3800000	87
3800010	5
3800020	1
3899990	1
3900000	2
3999990	11
4000000	274
4000010	16
4000020	1
4099990	2
4100000	98
4100010	3
4100020	1
4200000	3
4200010	1
4299970	1
4299990	4
4300000	168
4300010	11
4300020	1
4399980	1
4399990	3
4400000	143
4400010	15
4400020	1
4500000	4
4599980	1
4599990	6
4600000	255
4600010	20
4600020	1
4699990	2
4700000	103
4700010	9
4700020	1
4700030	1
4800000	1
4800010	1
4800020	1
4899990	3
4900000	120
4900010	5
4900020	2
4900030	1
4900040	1
4999980	1
4999990	4
5000000	254
5000010	32
5000020	2
5099990	1
5100000	135
5100010	5
5199990	1
5200000	118
5200010	10
5200020	3
5299990	1
5300000	4
5300010	2
5399990	2
5400000	84
5400010	11
5400020	3
5499990	5
5500000	130
5500010	11
5599990	7
5600000	221
5600010	20
5600020	2
5699990	2
5700000	75
5700010	10
5700020	1
5799980	1
5799990	2
5800000	86
5800010	10
5800020	2
5800030	1
5899990	1
5900000	1
5999990	4
6000000	141
6000010	24
6000020	3
6000030	1
6099990	2
6100000	117
6100010	8
6100020	3
6100040	1
6199990	3
6200000	244
6200010	21
6200020	4
6299990	2
6300000	99
6300010	15
6300020	3
6399980	1
6399990	2
6400000	96
6400010	18
6400020	1
6400030	3
6500000	2
6599990	4
6600000	117
6600010	3
6600020	1
6699990	2
6700000	142
6700010	7
6700020	1
6799980	1
6799990	5
6800000	245
6800010	19
6800020	4
6800030	1
6899990	4
6900000	115
6900010	11
6900020	2
6999990	2
7000000	165
7000010	15
7099990	1
7100000	7
7199980	1
7199990	2
7200000	147
7200010	6
7299980	1
7299990	2
7300000	104
7300010	14
7300020	1
7300030	1
7399990	4
7400000	170
7400010	13
7400020	3
7499990	8
7500000	218
7500010	36
7500020	2
7500030	1
7599990	1
7600000	71
7600010	8
7699990	7
7700000	179
7700010	22
7700030	1
7799990	1
7800000	1
7800010	2
7899990	5
7900000	108
7900010	10
7900030	1
7900040	1
7999980	1
7999990	4
8000000	95
8000010	17
8000020	5
8000040	1
8099990	2
8100000	196
8100010	35
8100020	2
8199980	1
8199990	3
8200000	89
8200010	20
8200020	2
8299990	5
8300000	124
8300010	20
8300020	3
8300030	1
8400000	7
8499980	1
8499990	3
8500000	89
8500010	22
8500020	2
8599990	3
8600000	127
8600010	20
8699980	1
8699990	7
8700000	224
8700010	26
8700020	2
8700030	1
8799990	5
8800000	177
8800010	19
8899990	3
8900000	110
8900010	16
8900040	1
9000000	3
9000010	1
9099980	1
9099990	6
9100000	155
9100010	11
9100020	1
9199990	1
9200000	59
9200010	8
9200020	2
9299990	6
9300000	234
9300010	41
9300020	7
9300030	3
9300040	1
9399990	6
9400000	111
9400010	15
9400020	1
9499990	3
9500000	151
9500010	12
9500030	1
9600000	3
9600010	1
9699990	6
9700000	139
9700010	16
9700020	1
9799980	1
9799990	1
9800000	108
9800010	19
9800020	2
9899980	2
9899990	5
9900000	118
9900010	11
9900020	2
9900030	1
9999980	1
9999990	11
10000000	363
10100000	137
10200000	149
10300000	184
10400000	201
10500000	114
10500100	1
10600000	2
10700000	190
10800000	159
10900000	128
11000000	130
11100000	121
11200000	402
11200100	1
11300000	145
11400000	131
11500000	185
11600000	161
11700000	176
11800000	3
11900000	217
12000000	160
12100000	105
12200000	185
12300000	208
12400000	122
12500000	296
12600000	169
12700000	146
12800000	153
12800100	1
12900000	134
13000000	185
13100000	7
13200000	143
13300000	94
13300100	1
13400000	80
13500000	108
13600000	162
13700000	302
13800000	163
13900000	185
14000000	97
14100000	171
14200000	174
14300000	4
14400000	117
14500000	164
14600000	173
14700000	138
14800000	133
14900000	95
15000000	245
15000100	1
15100000	149
15200000	118
15300000	107
15300100	1
15400000	167
15500000	148
15600000	4
15700000	137
15700100	1
15800000	138
15800100	2
15900000	174
16000000	106
16100000	114
16200000	326
16300000	157
16400000	126
16500000	120
16600000	165
16600100	3
16700000	159
16800000	3
16900000	131
17000000	96
17100000	139
17200000	127
17300000	128
17400000	149
17500000	245
17600000	216
17700000	124
17800000	130
17800100	1
17900000	174
18000000	176
18100000	3
18200000	101
18300000	181
18400000	209
18500000	113
18600000	129
18700000	313
18800000	112
18900000	104
19000000	99
19100000	100
19200000	116
19200100	1
19300000	4
19400000	127
19400100	1
19500000	107
19500100	1
19600000	149
19700000	108
19800000	119
19900000	146
19900100	1
20000000	319
20100000	154
20200000	96
20300000	160
20400000	171
20400100	2
20500000	97
20500100	1
20600000	144
20700000	141
20700100	1
20800000	170
20800100	1
20900000	162
20900100	1
21000000	107
21100000	125
21200000	7
21300000	154
21300100	1
21400000	133
21400100	1
21500000	110
21500100	1
21600000	89
21700000	161
21700100	1
21800000	94
21800100	2
21900000	166
22000000	113
22000100	1
22100000	134
22200000	117
22200100	2
22300000	101
22300100	1
22400000	139
22500000	285
22500100	3
22600000	101
22600100	1
22700000	108
22800000	136
22900000	98
22900100	3
23000000	134
23000100	4
23100000	160
23100100	2
23200000	144
23300000	150
23300100	2
23400000	159
23400100	1
23500000	99
23500100	1
23600000	80
23600100	2
23700000	4
23800000	142
23900000	140
23900100	3
24000000	99
24000100	4
24100000	150
24100100	1
24200000	101
24200100	1
24300000	123
24300100	3
24400000	142
24400100	3
24500000	157
24500100	3
24600000	139
24600100	2
24700000	141
24700100	1
24800000	135
24800100	1
24900000	93
24900100	1
25000000	185
25000100	2
25100000	153
25100100	1
25200000	118
25200100	1
25300000	112
25400000	157
25400100	3
25500000	129
25500100	1
25600000	97
25700000	130
25700100	1
25800000	90
25900000	119
25900100	1
26000000	153
26000100	2
26100000	118
26100100	4
26200000	5
26300000	159
26300100	1
26400000	95
26400100	2
26500000	141
26600000	89
26600100	1
26700000	129
26700100	1
26800000	163
26800100	3
26900000	76
26900100	2
27000000	150
27000100	2
27100000	117
27100100	3
27200000	57
27300000	144
27300100	2
27400000	131
27400100	3
27500000	174
27500100	2
27600000	147
27600100	3
27700000	58
27700100	1
27800000	139
27900000	120
27900100	1
28000000	100
28100000	119
28100100	1
28200000	66
28200100	1
28300000	114
28300100	2
28400000	87
28400100	3
28500000	91
28600000	94
28700000	3
28800000	95
28900000	48
28900100	1
29000000	102
29000100	2
29100000	76
29100100	3
29200000	97
29300000	122
29300100	1
29400000	76
29400100	1
29500000	66
29500100	2
29600000	147
29600100	4
29700000	110
29700100	1
29800000	88
29900000	84
30000000	205
30000100	1
30100000	75
30100100	3
30200000	130
30200100	1
30300000	150
30300100	1
30400000	112
30500000	111
30500100	3
30600000	114
30600100	1
30700000	103
30700100	2
30800000	132
30800100	2
30900000	93
30900100	1
31000000	103
31000100	1
31100000	103
31200000	4
31300000	85
31400000	57
31400100	1
31500000	87
31500100	1
31600000	74
31600100	2
31700000	64
31700100	1
31800000	93
31800100	4
31900000	129
31900100	4
32000000	95
32100000	121
32200000	56
32300000	102
32400000	65
32400100	1
32500000	160
32500100	3
32600000	109
32600100	1
32700000	59
32700100	1
32800000	104
32800100	2
32900000	58
32900100	3
33000000	78
33000100	1
33100000	107
33100100	3
33200000	80
33200100	3
33300000	82
33300100	1
33400000	73
33400100	1
33500000	77
33500100	2
33600000	95
33600100	1
33700000	7
33800000	71
33900000	111
33900100	3
34000000	86
34100000	84
34100100	1
34200000	71
34200100	1
34300000	81
34400000	66
34400100	1
34500000	75
34500100	1
34600000	111
34600100	2
34700000	99
34700100	1
34800000	50
34800100	2
34900000	82
34900100	2
35000000	150
35000100	3
35100000	112
35100100	1
35200000	95
35200100	3
35300000	66
35400000	76
35400100	1
35500000	53
35600000	46
35600100	1
35700000	89
35800000	84
35800100	1
35900000	58
35900100	1
36000000	60
36100000	75
36200000	6
36300000	95
36300100	2
36400000	70
36500000	74
36500100	1
36600000	73
36700000	63
36700100	2
36800000	76
36900000	76
36900100	1
37000000	110
37000100	1
37100000	65
37200000	62
37200100	1
37300000	75
37300100	1
37400000	40
37400100	1
37500000	121
37500100	1
37600000	88
37600100	2
37700000	44
37700100	1
37800000	95
37900000	84
37900100	2
38000000	78
38100000	78
38100100	1
38200000	141
38200100	1
38300000	46
38300100	1
38400000	66
38400100	1
38500000	62
38500100	1
38600000	104
38600100	3
38700000	7
38800000	80
38800100	2
38900000	80
39000000	90
39000100	2
39100000	68
39200000	53
39300000	71
39300100	1
39400000	82
39400100	2
39500000	35
39500100	1
39600000	77
39600100	1
39700000	42
39800000	52
39800100	1
39900000	67
39900100	2
40000000	82
40000100	1
40100000	194
40100100	1
40200000	2
40300000	164
40300100	2
40400000	5
40500000	82
40500100	1
40700000	175
40700100	5
40800000	5
40900000	138
40900100	2
41000000	6
41100000	175
41200000	3
41300000	122
41300100	4
41400000	2
41500000	173
41600000	7
41700000	213
41700100	4
41800000	5
41900000	144
41900100	3
42000000	6
42100000	125
42100100	5
42200000	5
42300000	157
42300100	2
42400000	6
42500000	30
42600000	131
42600100	4
42700000	2
42800000	191
42800100	2
42900000	3
43000000	168
43000100	1
43100000	4
43200000	106
43200100	2
43300000	3
43400000	142
43500000	4
43600000	163
43600100	1
43700000	8
43800000	106
43800100	1
43900000	3
44000000	117
44100000	2
44200000	142
44200100	7
44300000	8
44400000	161
44500000	5
44600000	139
44600100	3
44700000	2
44800000	102
44800100	2
44900000	2
45000000	58
45000100	3
45100000	152
45100100	2
45200000	6
45300000	97
45300100	2
45400000	3
45500000	83
45500100	3
45600000	2
45700000	175
45700100	4
45800000	2
45900000	89
45900100	3
46000000	1
46100000	128
46100100	3
46200000	1
46300000	109
46400000	3
46500000	166
46500100	1
46600000	2
46700000	187
46700100	3
46800000	5
46900000	111
46900100	2
47000000	5
47100000	141
47100100	6
47200000	2
47300000	150
47300100	1
47400000	4
47500000	127
47600000	127
47600100	4
47700000	4
47800000	97
47800100	2
47900000	2
48000000	152
48000100	2
48100000	2
48200000	118
48200100	4
48300000	4
48400000	132
48400100	3
48500000	1
48600000	172
48600100	1
48700000	3
48800000	204
48800100	3
48900000	6
49000000	105
49000100	1
49100000	6
49200000	74
49200100	2
49300000	4
49400000	109
49400100	3
49500000	3
49600000	141
49600100	2
49700000	9
49800000	157
49800100	6
49900000	4
50000000	91
50100000	126
50100100	5
50200000	5
50300000	138
50300100	3
50400000	3
50500000	163
50500100	1
50600000	4
50700000	145
50700100	2
50800000	2
50900000	110
50900100	4
51000000	1
51100000	112
51100100	4
51200000	2
51300000	148
51300100	6
51400000	2
51500000	112
51500100	1
51600000	3
51700000	144
51700100	1
51800000	4
51900000	114
51900100	2
52000000	3
52100000	167
52100100	5
52200000	3
52300000	81
52300100	1
52400000	3
52500000	65
52500100	2
52599900	1
52600000	134
52600100	2
52700000	2
52800000	87
52800100	1
52900000	2
53000000	148
53000100	8
53100000	1
53200000	143
53200100	4
53300000	3
53400000	97
53400100	2
53500000	1
53600000	109
53600100	3
53700000	2
53800000	118
53800100	3
53900000	3
54000000	164
54000100	7
54100000	3
54200000	110
54200100	1
54300000	4
54400000	140
54400100	2
54500000	4
54600000	158
54600100	7
54700000	6
54800000	129
54800100	2
54900000	3
55000000	64
55000100	1
55100000	126
55100100	4
55100200	1
55200000	5
55299900	1
55300000	64
55300100	2
55400000	4
55500000	135
55500100	6
55600000	4
55700000	158
55700100	8
55800000	6
55899900	1
55900000	117
55900100	7
56100000	106
56100100	8
56200000	3
56300000	128
56300100	4
56400000	1
56500000	99
56500100	6
56600000	3
56700000	99
56700100	7
56700200	1
56800000	5
56899900	2
56900000	66
57000000	4
57100000	93
57100100	3
57200000	5
57300000	103
57300100	3
57300200	1
57400000	4
57499900	1
57500000	47
57599900	1
57600000	146
57600100	6
57600200	1
57700000	5
57800000	138
57800100	6
57900000	4
57999900	1
58000000	164
58000100	7
58000200	1
58100000	1
58200000	113
58200100	4
58200200	1
58300000	2
58399900	2
58400000	99
58400100	1
58500000	2
58599900	2
58600000	116
58600100	6
58700000	3
58800000	88
58800100	1
58900000	6
58999900	1
59000000	78
59000100	4
59100000	2
59200000	146
59200100	3
59300000	5
59399900	2
59400000	90
59400100	2
59500000	3
59599900	2
59600000	96
59600100	5
59700000	3
59800000	116
59800100	10
59900000	3
60000000	59
60000100	5
60099900	2
60100000	146
60100100	6
60100200	1
60200000	3
60299900	1
60300000	128
60300100	11
60300200	1
60400000	3
60500000	99
60500100	6
60600000	2
60699900	1
60700000	112
60700100	5
60800000	4
60900000	29
60900100	2
61000000	3
61099900	1
61100000	64
61100100	3
61200000	3
61299900	1
61300000	143
61300100	9
61300200	1
61400000	1
61499900	2
61500000	107
61500100	4
61699900	1
61700000	76
61700100	4
61800000	3
61899900	1
61900000	70
61900100	6
62000000	2
62099900	2
62100000	140
62100100	5
62200000	1
62300000	101
62300100	5
62400000	2
62499900	1
62500000	58
62500100	1
62600000	73
62600100	7
62799900	1
62800000	130
62800100	4
62900000	1
62999900	1
63000000	109
63000100	10
63100000	2
63199900	1
63200000	101
63200100	9
63200200	1
63399900	1
63400000	142
63400100	8
63500000	5
63599900	1
63600000	87
63600100	4
63700000	2
63800000	54
63800100	5
63900000	1
63999900	2
64000000	120
64000100	3
64100000	1
64199900	1
64200000	78
64200100	3
64300000	2
64400000	111
64400100	7
64500000	1
64599900	1
64600000	60
64600100	4
64700000	7
64800000	64
64800100	3
64900000	2
64999900	1
65000000	31
65000100	1
65100000	42
65100100	8
65100200	1
65200000	1
65299900	1
65300000	94
65300100	7
65300200	1
65499900	1
65500000	66
65500100	2
65600000	4
65700000	72
65700100	10
65700200	2
65800000	3
65899900	3
65900000	105
65900100	4
65900200	2
66000000	4
66099900	1
66100000	57
66100100	5
66100200	1
66200000	1
66300000	63
66300100	6
66300200	1
66400000	4
66499900	1
66500000	86
66500100	7
66500200	1
66600000	1
66699900	4
66700000	104
66700100	4
66700200	1
66800000	3
66899900	3
66900000	113
66900100	5
67000000	3
67099900	2
67100000	29
67100100	2
67100200	1
67200000	3
67299904	3
67300000	118
67300096	3
67400000	1
67500000	30
67500096	5
67500200	1
67599904	2
67600000	136
67600096	11
67700000	2
67799904	2
67800000	107
67800096	9
67800200	2
67900000	5
67999904	2
68000000	66
68000096	6
68000200	1
68100000	3
68200000	54
68200096	3
68300000	2
68399904	1
68400000	92
68400096	9
68400200	3
68500000	3
68600000	89
68600096	6
68600200	2
68700000	1
68799904	1
68800000	74
68800096	3
68900000	5
68999904	4
69000000	92
69000096	5
69100000	2
69199904	1
69200000	79
69200096	14
69200200	2
69300000	1
69400000	59
69400096	4
69400200	2
69500000	2
69599904	2
69600000	76
69600096	7
69600200	3
69700000	2
69799904	2
69800000	100
69800096	2
69900000	2
69999904	1
70000000	63
70000096	1
70100000	43
70100096	7
70100200	2
70200000	1
70299904	1
70300000	132
70300096	5
70300200	1
70400000	3
70500000	68
70500096	4
70500200	2
70600000	2
70699904	1
70700000	77
70700096	6
70700200	1
70800000	2
70899904	2
70900000	91
70900096	7
70900200	2
71000000	3
71099904	1
71100000	48
71100096	7
71100200	3
71200000	3
71299904	2
71300000	103
71300096	12
71300200	5
71400000	3
71499904	1
71500000	88
71500096	7
71500200	2
71600000	2
71699904	2
71700000	104
71700096	11
71700200	3
71899904	1
71900000	83
71900096	2
72000000	5
72099904	3
72100000	98
72100096	7
72100200	1
72200000	1
72299904	1
72300000	39
72300096	3
72300200	2
72400000	2
72500000	55
72500096	4
72599904	2
72600000	94
72600096	5
72600200	2
72700000	1
72799904	1
72800000	121
72800096	10
72800200	2
72900000	3
72999904	1
73000000	88
73000096	5
73000200	2
73100000	1
73200000	72
73200096	10
73200200	4
73300000	3
73399904	2
73400000	63
73400096	3
73500000	5
73599904	1
73600000	54
73600096	6
73600200	2
73700000	2
73799904	2
73800000	130
73800096	7
73800200	1
73900000	1
73999904	1
74000000	74
74000096	6
74000200	2
74100000	6
74200000	56
74200096	3
74300000	2
74399904	2
74400000	70
74400096	4
74400200	1
74500000	4
74599904	3
74600000	87
74600096	4
74799904	3
74800000	86
74800096	6
74800200	1
74900000	1
75000000	40
75000096	5
75000200	2
75099904	3
75100000	115
75100096	6
75100200	1
75200000	2
75299904	3
75300000	108
75300096	3
75300200	1
75499904	1
75500000	71
75500096	11
75500200	4
75600000	4
75699904	3
75700000	137
75700096	4
75800000	5
75899904	1
75900000	59
75900096	3
75900200	1
76000000	3
76100000	47
76100096	5
76100200	2
76200000	2
76300000	28
76300096	5
76300200	1
76499904	1
76500000	68
76500096	2
76600000	5
76699904	2
76700000	67
76700096	2
76800000	3
76899904	4
76900000	69
76900096	2
76900200	1
77000000	1
77099904	1
77100000	87
77100096	8
77100200	4
77200000	5
77299904	1
77300000	71
77300096	7
77300200	1
77400000	5
77500000	31
77500096	2
77500200	1
77600000	43
77600096	2
77700000	2
77799904	1
77800000	40
77800096	3
77800200	1
77900000	3
78000000	54
78000096	1
78100000	3
78199904	2
78200000	28
78200096	2
78200200	1
78300000	4
78399904	2
78400000	77
78400096	3
78400200	1
78500000	3
78600000	37
78600096	1
78700000	2
78799904	1
78800000	51
78800096	1
78900000	2
78999904	2
79000000	58
79000096	8
79000200	3
79100000	2
79199904	2
79200000	57
79200096	4
79200200	1
79300000	3
79399904	2
79400000	35
79400096	1
79500000	5
79600000	37
79600096	3
79700000	3
79800000	55
79800096	1
79900000	2
80000000	28
80099904	1
80100000	46
80199904	2
80200000	47
80200096	3
80300000	4
80400000	6
80499904	1
80500000	28
80500096	4
80500200	1
80599904	1
80600000	71
80600096	1
80700000	21
80700096	4
80700200	2
80800000	2
80899904	1
80900000	22
80999904	1
81000000	32
81000096	2
81000200	1
81099904	1
81100000	20
81100096	1
81200000	4
81299904	2
81300000	39
81300096	1
81399904	1
81400000	24
81400096	1
81500000	37
81500096	4
81500200	1
81600000	2
81700000	11
81700096	2
81700200	1
81799904	3
81800000	50
81800096	1
81899904	2
81900000	19
81900096	1
82099904	1
82100000	22
82100096	1
82199904	1
82200000	60
82200096	1
82299904	1
82300000	46
82300096	3
82300200	1
82400000	3
82499904	2
82500000	24
82599904	1
82600000	31
82700000	30
82700096	3
82700200	1
82800000	11
82900000	3
83000000	25
83099904	1
83100000	17
83100096	2
83100200	1
83200000	20
83200096	3
83200200	1
83300000	3
83400000	10
83400096	2
83400200	1
83499904	2
83500000	86
83500096	3
83600000	12
83600096	1
83700000	3
83800000	31
83900000	41
83900096	1
83999904	1
84000000	24
84100000	2
84199904	2
84200000	36
84200096	1
84299904	2
84300000	62
84300096	4
84300200	1
84399904	1
84400000	29
84400096	1
84500000	2
84600000	44
84600096	1
84700000	52
84700096	3
84799904	1
84800000	29
84900000	5
85000000	18
85000096	2
85099904	1
85100000	24
85100096	3
85100200	1
85199904	1
85200000	31
85200096	3
85200200	1
85300000	11
85400000	1
85500000	12
85500096	1
85600000	22
85600096	3
85699904	1
85700000	17
85700096	2
85800000	2
85899904	1
85900000	16
86000000	39
86100000	20
86100096	1
86300000	29
86300096	1
86399904	1
86400000	49
86400096	3
86400200	1
86500000	18
86500096	1
86600000	2
86700000	15
86700096	1
86800000	8
86800096	2
86800200	1
86900000	8
86900096	1
87000000	2
87100000	9
87200000	28
87200096	2
87200200	1
87300000	4
87300096	2
87300200	1
87400000	1
87500000	7
87600000	1
87700000	16
87700096	1
87800000	13
87800096	2
87800200	1
88000000	5
88099904	1
88100000	25
88100096	2
88100200	1
88200000	1
88300000	2
88400000	10
88500000	6
88600000	5
88600096	2
88700000	4
88800000	12
88800096	2
88800200	1
88900000	19
88900096	1
88999904	1
89000000	10
89100000	2
89200000	4
89200096	2
89200200	1
89300000	14
89300096	2
89400000	26
89400096	1
89500000	1
89600000	13
89600096	1
89700000	10
89800000	7
89800096	2
89900000	5
90000000	13
90000096	2
90000200	1
90100000	11
90199904	1
90200000	17
90300000	6
90300096	4
90300200	2
90500000	6
90600000	20
90700000	3
90800000	1
90900000	12
90900096	2
91000000	13
91000096	3
91000200	1
91100000	1
91200000	4
91299904	1
91300000	18
91300096	2
91300200	1
91400000	4
91400096	1
91499904	1
91500000	23
91500096	2
91600000	2
91700000	2
91800000	12
91800096	4
91800200	2
91900000	6
91999904	2
92000000	1
92099904	1
92100000	7
92200000	15
92300000	20
92300096	2
92400000	3
92500000	4
92500096	1
92600000	12
92600096	1
92699904	1
92700000	15
92700096	1
92800000	10
93000000	12
93100000	8
93100096	2
93200000	6
93300000	1
93400000	3
93499904	1
93500000	24
93500096	2
93500200	1
93600000	10
93700000	2
93800000	1
93900000	17
94000000	8
94100000	4
94200000	2
94300000	8
94500000	6
94600000	13
94700000	9
94700096	2
94700200	1
94800000	6
94900000	2
95000000	13
95100000	12
95200000	2
95300000	6
95400000	1
95500000	6
95600000	4
95600096	2
95600200	1
95700000	6
95800000	1
95899904	1
95900000	11
95900096	2
95900200	1
96000000	11
96000096	1
96100000	10
96100096	1
96200000	2
96300000	2
96400000	3
96600000	4
96800000	3
96900000	1
97000000	3
97100000	1
97200000	11
97300000	2
97600000	9
97600096	2
97600200	1
97700000	1
97800000	4
97900000	1
98000000	10
98000096	1
98100000	1
98200000	7
98300000	3
98300096	1
98400000	3
98500000	2
98600000	2
98700000	2
98800000	2
98900000	1
98999904	1
99000000	7
99100000	1
99300000	7
99300096	2
99300304	1
99400000	4
99400096	1
99500000	8
99700000	3
99900000	4
100100000	3
100200000	9
100300000	4
100500000	8
100600000	2
100700000	16
100800000	2
100900000	5
101000000	11
101100000	1
101300000	2
101500000	2
101700000	1
101800000	11
101900000	6
102000000	2
102100000	10
102200000	9
102300000	1
102400000	2
102500000	1
102600000	2
102700000	14
102800000	4
102900000	4
103000000	3
103100000	3
103300000	3
103400000	4
103500000	10
103600000	2
103700000	2
103800000	22
103900000	16
104000000	3
104100000	3
104300000	10
104500000	3
104600000	1
104700000	6
104800000	1
104900000	5
105300000	8
105500000	11
105700000	15
105800000	4
105900000	11
106000000	10
106100000	1
106200000	2
106300000	3
106400000	3
106500000	2
106700000	1
106900000	12
107000000	1
107100000	1
107200000	2
107300000	1
107400000	3
107600000	7
107800000	4
108000000	1
108100000	1
108200000	6
108400000	3
108500000	28
108600000	2
108700000	4
108800000	3
108900000	10
109100000	1
109200000	3
109400000	2
109700000	3
109800000	3
109900000	3
110100000	4
110300000	1
110500000	3
110600000	8
110700000	1
110900000	3
111000000	4
111200000	1
111300000	4
111400000	1
111500000	2
111600000	2
111700000	1
112000000	4
112100000	2
112200000	1
112400000	1
112600000	4
112800000	3
112900000	1
113000000	5
113100000	7
113200000	3
113300000	3
113400000	2
113500000	2
113600000	1
113800000	1
113900000	5
114000000	1
114100000	1
114300000	4
114500000	2
114700000	13
114900000	4
115000000	4
115100000	4
115300000	3
115500000	2
115600000	11
115700000	2
115800000	1
115900000	3
116100000	10
116200000	3
116400000	19
116600000	2
116700000	3
116800000	4
116900000	2
117000000	4
117100000	5
117200000	5
117300000	10
117400000	5
117500000	1
117600000	5
117700000	8
117800000	5
117900000	1
118000000	3
118100000	7
118400000	3
118700000	1
118900000	2
119000000	1
119200000	1
119300000	2
119400000	2
119500000	2
119600000	1
119700000	15
119800000	1
119900000	3
120100000	4
120200000	1
120300000	2
120500000	1
120600000	7
120700000	3
120800000	2
120900000	2
121100000	3
121300000	3
121400000	3
121500000	1
121600000	3
121700000	8
121800000	5
122000000	1
122100000	2
122200000	3
122400000	5
122500000	1
122600000	5
122700000	1
122900000	1
123000000	2
123100000	4
123200000	4
123300000	1
123400000	1
123500000	1
123600000	2
123700000	2
123800000	3
123900000	2
124100000	5
124300000	1
124500000	3
124700000	4
124800000	1
124900000	2
125100000	3
125200000	1
125300000	4
125400000	2
125600000	3
125700000	1
125800000	3
125900000	5
126000000	3
126100000	3
126200000	1
126300000	1
126400000	1
126500000	3
126600000	1
126700000	3
126800000	2
127000000	2
127200000	4
127300000	1
127400000	1
127500000	1
127600000	2
127700000	2
127800000	3
128000000	2
128200000	5
128400000	2
128500000	3
128900000	3
129100000	1
129400000	1
129700000	1
129900000	3
130100000	2
130200000	1
130300000	1
130500000	1
130700000	1
130800000	2
130900000	5
131000000	1
131300000	1
131400000	1
131700000	1
131800000	4
131900000	1
132000000	3
132200000	2
132300000	1
132400000	3
132600000	1
132800000	4
132900000	1
133000000	1
133100000	2
133200000	2
133300000	2
133400000	3
133600000	1
133900000	2
134200000	3
134300000	1
134900000	4
135200000	1
135400000	2
135500000	1
135700000	4
135800000	2
135900000	2
136000000	2
136100000	1
136200000	1
136300000	2
136400000	4
136800000	1
136900000	1
137000000	3
137200000	4
137300000	1
137600000	4
137700000	1
137800000	5
137900000	2
138000000	5
138100000	1
138200000	3
138300000	2
138500000	1
138600000	1
138700000	2
138800000	1
138900000	2
139000000	4
139100000	3
139300000	2
139400000	1
139600000	1
139700000	3
139900000	2
140100000	5
140200000	1
140300000	2
140500000	3
140600000	3
140700000	2
140800000	2
140900000	1
141000000	1
141100000	2
141200000	1
141300000	1
141400000	1
141500000	1
141600000	3
141700000	1
142000000	1
142200000	1
142400000	1
142600000	2
142800000	2
142900000	1
143000000	1
143100000	1
143200000	2
143300000	1
143400000	2
143500000	1
143700000	2
143800000	2
143900000	2
144000000	1
144100000	2
144400000	2
144700000	2
144800000	1
144900000	1
145000000	1
145200000	1
145300000	3
145400000	1
145500000	3
145600000	1
145700000	3
145800000	1
145900000	3
146000000	1
146200000	2
146400000	3
146500000	1
146600000	4
146700000	3
146900000	1
147000000	2
147100000	2
147200000	5
147400000	2
147600000	1
147800000	4
148000000	3
148100000	1
148200000	2
148300000	1
148500000	1
148600000	2
148700000	1
148800000	3
148900000	1
149000000	3
149100000	3
149300000	1
149400000	1
149500000	1
149900000	3
150300000	2
150400000	1
150600000	2
150700000	1
150800000	2
150900000	1
151000000	4
151100000	1
151300000	3
151400000	2
151500000	2
151600000	2
151800000	1
152000000	1
152100000	1
152200000	1
152300000	1
152400000	5
152600000	2
152700000	2
152800000	2
152900000	1
153000000	2
153100000	1
153200000	1
153300000	1
153500000	1
153600000	2
153800000	2
153900000	1
154000000	1
154100000	2
154200000	3
154300000	1
154800000	1
154900000	4
155000000	3
155100000	1
155300000	5
155400000	1
155600000	2
155700000	1
155800000	1
155900000	1
156100000	1
156200000	1
156400000	1
156500000	2
156600000	1
156700000	3
157000000	2
157100000	3
157300000	2
157400000	1
157500000	1
157800000	2
157900000	2
158000000	2
158300000	1
158400000	1
158500000	2
158600000	2
159100000	1
159200000	2
159300000	1
159400000	1
159500000	1
159600000	1
159700000	1
159800000	1
159900000	1
160200000	2
160500000	1
160600000	1
160700000	1
160800000	1
161000000	1
161100000	1
161600000	1
161900000	2
162000000	1
162100000	1
162200000	1
162300000	1
162500000	2
162600000	2
162700000	1
162800000	1
163000000	1
163200000	1
163300000	1
163400000	2
163600000	1
163700000	1
163800000	1
164000000	1
164100000	2
164300000	1
164500000	2
164600000	3
164700000	1
164900000	2
165000000	1
165100000	1
165200000	1
165400000	1
165700000	2
165800000	1
166400000	1
166600000	2
166800000	2
167000000	1
167100000	1
167200000	1
167300000	3
167700000	1
168000000	1
168100000	1
168400000	1
168600000	1
168900000	1
169000000	5
169100000	1
169200000	1
169400000	1
169600000	1
169800000	2
170000000	2
170200000	2
170300000	3
170400000	1
170500000	1
171000000	1
171100000	1
171200000	1
171500000	3
171700000	1
171800000	2
172000000	1
172100000	1
172400000	1
172700000	1
172800000	1
172900000	1
173000000	1
173600000	1
173900000	1
174100000	1
174900000	1
175000000	2
175500000	1
175900000	1
176000000	1
176100000	1
176300000	1
176400000	1
176500000	2
176600000	2
176800000	1
177000000	1
177100000	2
177400000	1
177900000	1
178200000	3
178300000	2
178800000	1
179000000	1
179100000	2
179300000	1
179400000	1
179500000	1
179900000	1
180300000	1
180700000	2
180900000	1
181000000	1
181300000	1
181400000	2
181500000	1
181600000	2
181800000	1
182300000	2
182400000	2
182500000	2
182900000	1
183200000	3
183700000	1
183800000	1
183900000	1
184200000	1
184800000	2
184900000	1
185100000	1
185200000	1
185300000	1
185700000	1
186000000	1
186200000	1
186500000	1
187300000	2
187400000	1
187500000	1
187700000	1
187900000	1
188200000	1
188300000	1
188500000	1
189000000	1
189200000	1
189700000	1
190200000	1
190800000	1
191100000	1
191300000	1
191500000	1
191700000	1
192100000	1
192600000	1
192800000	3
193100000	1
193800000	1
194000000	1
194100000	1
194400000	1
195600000	1
195800000	1
196800000	1
197400000	1
197600000	1
197700000	1
197900000	1
198100000	1
198200000	1
198500000	1
199000000	1
199900000	2
200000000	1
200100000	1
200400000	33978
200600000	1
200700000	2
201100000	1
201500000	2
201900000	1
202200000	1
202700000	1
203500000	1
203600000	1
203700000	1
204300000	1
204400000	1
204700000	2
204800000	1
205100000	1
205300000	1
206700000	1
206800000	2
206900000	1
207200000	1
207700000	1
208100000	1
208700000	1
209300000	1
209600000	1
209800000	2
209900000	1
210400000	2
210700000	1
211400000	1
211700000	1
212600000	1
212900000	3
213200000	1
213500000	1
214500000	1
214700000	1
215400000	1
216000000	1
216600000	1
217500000	1
218500000	1
218800000	1
219600000	1
219900000	1
220300000	1
220400000	1
220800000	1
221100000	1
221200000	1
222600000	2
222900000	1
223000000	1
223300000	1
223400000	1
224300000	1
224400000	1
224800000	1
225800000	1
226200000	1
226300000	1
226800000	1
227300000	1
228100000	1
228200000	1
228600000	1
228900000	1
229000000	1
229700000	1
229900000	1
230300000	1
230400000	1
230800000	4
231000000	1
232000000	1
232800000	2
232900000	1
233300000	1
233500000	1
234000000	1
234800000	1
235400000	1
235600000	1
236700000	2
237100000	1
237500000	2
238000000	2
238300000	1
238400000	1
238500000	1
239100000	1
239200000	1
239500000	1
239900000	1
240100000	1
240700000	1
241700000	1
241800000	1
242400000	1
242500000	1
243500000	1
244500000	1
244800000	1
245000000	1
245600000	1
246700000	1
248000000	1
248300000	3
249200000	1
250000000	1
250300000	1
250400000	1
250600000	1
252100000	1
252400000	1
252600000	1
252700000	1
252800000	1
253100000	1
253300000	1
254000000	1
254300000	1
254400000	1
256400000	1
256900000	1
258500000	1
258700000	1
258900000	1
259200000	1
259400000	1
259600000	1
260100000	1
260600000	1
261900000	1
262100000	1
262200000	1
262500000	2
263200000	1
264000000	1
264400000	1
265500000	1
265700000	1
265900000	1
267200000	1
267600000	1
269400000	1
271200000	1
271900000	1
272600000	1
273400000	1
273800000	1
274400000	1
274600000	1
275800000	2
277100000	1
277800000	1
278800000	1
279100000	1
279600000	2
280500000	1
280800000	2
281300000	1
282100000	1
282200000	1
282500000	1
283000000	1
283100000	1
284200000	1
284800000	2
285000000	2
285200000	2
285900000	1
286600000	1
287900000	1
288300000	1
288400000	2
289800000	1
290300000	1
290400000	2
290900000	2
292900000	1
293800000	1
294400000	1
294900000	1
295600000	1
298400000	1
298500000	1
299100000	1
300200000	1
300900000	1
302000000	1
302600000	1
304000000	1
304400000	1
305700000	1
305800000	1
306200000	1
306300000	1
307200000	1
307600000	1
308700000	1
309800000	1
310000000	1
310700000	1
311600000	1
311800000	1
312000000	1
312300000	1
312800000	1
313700000	1
314200000	1
314500000	1
315200000	1
315300000	1
315900000	1
316500000	1
317100000	1
318100000	1
318700000	1
319000000	1
319700000	1
321600000	1
321900000	1
322400000	1
322500000	1
322600000	2
323700000	1
324900000	1
325300000	1
326600000	1
326700000	1
327200000	1
328600000	1
330900000	1
333300000	1
333900000	1
334300000	1
336000000	1
337400000	1
340400000	1
345700000	1
348600000	1
349400000	1
357500000	1
359800000	1
366100000	1
367200000	1
369100000	1
370700000	1
372800000	1
383900000	1
400800000	1672
402000000	1
413100000	1
426400000	1
451200000	1
473000000	1
801600000	557
