0	0.976801
1	0.976968
2	0.977091
3	0.977172
4	0.977412
5	0.977612
6	0.977773
7	0.977854
8	0.977894
9	0.977894
10	0.978005
11	0.97806
12	0.978058
13	0.978236
14	0.978355
15	0.978414
16	0.978331
17	0.978196
18	0.978011
19	0.978302
20	0.97857
21	0.978813
22	0.979472
23	0.980094
24	0.980674
25	0.98066
26	0.98059
27	0.980464
28	0.980622
29	0.980741
30	0.980822
31	0.981146
32	0.981413
33	0.98162
34	0.981913
35	0.982177
36	0.982409
37	0.982549
38	0.982649
39	0.982709
40	0.982306
41	0.98189
42	0.981466
43	0.981371
44	0.981273
45	0.981175
46	0.981126
47	0.981063
48	0.980992
49	0.980523
50	0.980043
51	0.979559
52	0.979254
53	0.978921
54	0.978564
55	0.978592
56	0.978607
57	0.978608
58	0.977874
59	0.977067
60	0.976192
61	0.976216
62	0.976205
63	0.97616
64	0.976271
65	0.976362
66	0.976433
67	0.976743
68	0.97698
69	0.977139
70	0.977695
71	0.978143
72	0.978481
73	0.978317
74	0.97812
75	0.977889
76	0.977954
77	0.97795
78	0.977873
79	0.977919
80	0.977918
81	0.977872
82	0.978382
83	0.978844
84	0.979248
85	0.979195
86	0.979084
87	0.978913
88	0.9789
89	0.978863
90	0.978803
91	0.978655
92	0.978466
93	0.978232
94	0.978366
95	0.978464
96	0.978527
97	0.978659
98	0.978713
99	0.978687
100	0.978659
101	0.978603
102	0.978518
103	0.978214
104	0.977876
105	0.977507
106	0.977752
107	0.977965
108	0.978145
109	0.978109
110	0.978043
111	0.97795
112	0.977832
113	0.977678
114	0.977489
115	0.977545
116	0.977585
117	0.97761
118	0.977882
119	0.978119
120	0.978318
121	0.978742
122	0.979106
123	0.979409
124	0.979906
125	0.980341
126	0.980711
127	0.980585
128	0.980414
129	0.980198
130	0.980633
131	0.981027
132	0.981381
133	0.981488
134	0.981563
135	0.981607
136	0.981833
137	0.982039
138	0.982223
139	0.982441
140	0.982642
141	0.982827
142	0.982819
143	0.982792
144	0.982745
145	0.982825
146	0.982871
147	0.982886
148	0.982806
149	0.982708
150	0.982593
151	0.98264
152	0.982667
153	0.982673
154	0.982434
155	0.982172
156	0.981891
157	0.981855
158	0.981805
159	0.981742
160	0.981404
161	0.981049
162	0.980683
163	0.980052
164	0.979393
165	0.978713
166	0.978071
167	0.977411
168	0.976741
169	0.9764
170	0.976012
171	0.975582
172	0.975168
173	0.974732
174	0.974279
175	0.974086
176	0.973879
177	0.973658
178	0.973378
179	0.973048
180	0.972674
181	0.972456
182	0.972205
183	0.971923
184	0.971868
185	0.97178
186	0.971661
187	0.971323
188	0.971002
189	0.970702
190	0.970923
191	0.971121
192	0.97129
193	0.971154
194	0.970974
195	0.97075
196	0.970788
197	0.970812
198	0.970821
199	0.971349
200	0.971825
201	0.972245
202	0.972797
203	0.973292
204	0.973727
205	0.974275
206	0.974752
207	0.975157
208	0.975922
209	0.976594
210	0.977173
211	0.977353
212	0.97749
213	0.977585
214	0.978419
215	0.979184
216	0.979875
217	0.980063
218	0.980201
219	0.980291
220	0.980243
221	0.980165
222	0.980056
223	0.979955
224	0.979809
225	0.979621
226	0.979683
227	0.979707
228	0.979688
229	0.979868
230	0.979974
231	0.980009
232	0.980147
233	0.980289
234	0.980433
235	0.980371
236	0.980273
237	0.980141
238	0.979729
239	0.979285
240	0.978813
241	0.978415
242	0.978007
243	0.977592
244	0.977149
245	0.976719
246	0.976312
247	0.976052
248	0.97579
249	0.975531
250	0.975333
251	0.975172
252	0.97505
253	0.975027
254	0.975022
255	0.975032
256	0.974795
257	0.974639
258	0.974562
259	0.974699
260	0.974858
261	0.975034
262	0.974714
263	0.974459
264	0.974279
265	0.974202
266	0.974141
267	0.974098
268	0.973902
269	0.973755
270	0.973659
271	0.973327
272	0.973003
273	0.972691
274	0.972351
275	0.972009
276	0.971672
277	0.971099
278	0.970501
279	0.969884
280	0.96983
281	0.969815
282	0.96984
283	0.969208
284	0.968563
285	0.967913
286	0.968346
287	0.968779
288	0.969204
289	0.968987
290	0.968727
291	0.968423
292	0.968824
293	0.969224
294	0.96962
295	0.970348
296	0.970996
297	0.971555
298	0.971462
299	0.971366
300	0.971268
301	0.972489
302	0.973667
303	0.974779
304	0.97588
305	0.97688
306	0.977771
307	0.978675
308	0.979495
309	0.980226
310	0.980706
311	0.981101
312	0.981407
313	0.981451
314	0.981424
315	0.981329
316	0.981382
317	0.981401
318	0.981388
319	0.981356
320	0.981307
321	0.98124
322	0.981224
323	0.981181
324	0.981111
325	0.981047
326	0.980981
327	0.980915
328	0.980943
329	0.980991
330	0.981058
331	0.981168
332	0.981294
333	0.981433
334	0.981369
335	0.981285
336	0.981184
337	0.981067
338	0.980926
339	0.980762
340	0.980518
341	0.980262
342	0.979997
343	0.979785
344	0.979571
345	0.979359
346	0.979276
347	0.979176
348	0.97906
349	0.978926
350	0.978773
351	0.9786
352	0.978367
353	0.978139
354	0.977922
355	0.97752
356	0.977108
357	0.976691
358	0.976569
359	0.976426
360	0.976263
361	0.976248
362	0.976175
363	0.976047
364	0.975985
365	0.975917
366	0.97585
367	0.976071
368	0.976275
369	0.976462
370	0.977011
371	0.977497
372	0.977917
373	0.977921
374	0.977859
375	0.977729
376	0.97756
377	0.977333
378	0.977054
379	0.977147
380	0.977189
381	0.977185
382	0.977912
383	0.978583
384	0.979194
385	0.979157
386	0.979091
387	0.978998
388	0.97921
389	0.979392
390	0.979542
391	0.979728
392	0.979865
393	0.979951
394	0.979956
395	0.979928
396	0.979868
397	0.979902
398	0.979899
399	0.979858
400	0.980082
401	0.980264
402	0.980403
403	0.980376
404	0.980313
405	0.980216
406	0.980643
407	0.981009
408	0.981308
409	0.981531
410	0.981722
411	0.981878
412	0.981852
413	0.981792
414	0.981696
415	0.981741
416	0.981747
417	0.981715
418	0.981925
419	0.982082
420	0.982187
421	0.982188
422	0.982134
423	0.982025
424	0.981853
425	0.981625
426	0.981347
427	0.981424
428	0.981454
429	0.98144
430	0.981417
431	0.981347
432	0.981225
433	0.981174
434	0.981061
435	0.980889
436	0.980641
437	0.980356
438	0.980037
439	0.979986
440	0.97989
441	0.979749
442	0.979696
443	0.979604
444	0.979475
445	0.97947
446	0.979435
447	0.979374
448	0.979154
449	0.978902
450	0.978624
451	0.978466
452	0.978285
453	0.978079
454	0.97819
455	0.978264
456	0.9783
457	0.978278
458	0.978207
459	0.978086
460	0.977915
461	0.977739
462	0.977561
463	0.977484
464	0.977386
465	0.977268
466	0.976905
467	0.976507
468	0.976074
469	0.975955
470	0.975801
471	0.975614
472	0.975963
473	0.976253
474	0.976479
475	0.976466
476	0.97642
477	0.976345
478	0.976305
479	0.976231
480	0.97612
481	0.976123
482	0.976079
483	0.975988
484	0.976049
485	0.97606
486	0.976021
487	0.976002
488	0.975952
489	0.975872
490	0.976014
491	0.976107
492	0.976149
493	0.976355
494	0.976532
495	0.976682
496	0.977276
497	0.977821
498	0.978313
499	0.978329
500	0.97832
501	0.978287
502	0.97813
503	0.977962
504	0.977786
505	0.977559
506	0.977279
507	0.976953
508	0.977048
509	0.977119
510	0.977167
511	0.977086
512	0.97698
513	0.976844
514	0.976959
515	0.977038
516	0.977082
517	0.977215
518	0.977312
519	0.977371
520	0.977707
521	0.978026
522	0.978323
523	0.978337
524	0.978312
525	0.978249
526	0.978056
527	0.977851
528	0.977631
529	0.97688
530	0.97609
531	0.975268
532	0.975194
533	0.975118
534	0.975039
535	0.974636
536	0.974204
537	0.973745
538	0.973289
539	0.972796
540	0.972272
541	0.971875
542	0.971429
543	0.970939
544	0.970979
545	0.970985
546	0.970954
547	0.971292
548	0.971643
549	0.972004
550	0.972314
551	0.972621
552	0.972921
553	0.973537
554	0.974088
555	0.974567
556	0.975157
557	0.975709
558	0.976215
559	0.976548
560	0.976835
561	0.977073
562	0.97745
563	0.977811
564	0.978152
565	0.978185
566	0.978175
567	0.978121
568	0.978241
569	0.97833
570	0.978389
571	0.978515
572	0.978618
573	0.978698
574	0.979217
575	0.979682
576	0.98009
577	0.980439
578	0.980735
579	0.980975
580	0.981116
581	0.981185
582	0.981182
583	0.981327
584	0.981429
585	0.981484
586	0.981696
587	0.981849
588	0.981944
589	0.982032
590	0.982048
591	0.981993
592	0.982229
593	0.982393
594	0.982485
595	0.982625
596	0.982696
597	0.982703
598	0.982603
599	0.982435
600	0.982199
601	0.982258
602	0.982241
603	0.982149
604	0.982205
605	0.982214
606	0.982172
607	0.982178
608	0.982146
609	0.982073
610	0.981953
611	0.981786
612	0.981573
613	0.981716
614	0.981814
615	0.981867
616	0.982047
617	0.982201
618	0.982332
619	0.982197
620	0.982056
621	0.981906
622	0.98159
623	0.981234
624	0.98084
625	0.980441
626	0.97999
627	0.979489
628	0.97905
629	0.978594
630	0.978122
631	0.977831
632	0.977518
633	0.977186
634	0.976865
635	0.976515
636	0.97614
637	0.976228
638	0.976275
639	0.976277
640	0.976
641	0.975688
642	0.975344
643	0.97507
644	0.974777
645	0.97447
646	0.974667
647	0.974852
648	0.975022
649	0.974432
650	0.973784
651	0.973085
652	0.972694
653	0.972275
654	0.97183
655	0.971819
656	0.971783
657	0.971724
658	0.971758
659	0.97176
660	0.971727
661	0.971414
662	0.971038
663	0.970599
664	0.97074
665	0.970852
666	0.970933
667	0.971091
668	0.971238
669	0.971374
670	0.971865
671	0.972333
672	0.972774
673	0.972543
674	0.972255
675	0.971913
676	0.972177
677	0.97241
678	0.972611
679	0.972829
680	0.973011
681	0.973156
682	0.973322
683	0.973453
684	0.97355
685	0.974246
686	0.974905
687	0.975524
688	0.976292
689	0.977025
690	0.977712
691	0.978049
692	0.978366
693	0.978657
694	0.979039
695	0.979381
696	0.979682
697	0.980325
698	0.980892
699	0.981382
700	0.982038
701	0.98259
702	0.983036
703	0.983384
704	0.98367
705	0.98389
706	0.984261
707	0.984578
708	0.984837
709	0.985076
710	0.985276
711	0.985433
712	0.985624
713	0.985809
714	0.985985
715	0.986126
716	0.986259
717	0.986384
718	0.986151
719	0.985893
720	0.985615
721	0.985472
722	0.985336
723	0.985208
724	0.984814
725	0.984428
726	0.984056
727	0.983888
728	0.983725
729	0.98357
730	0.983226
731	0.982882
732	0.982545
733	0.982078
734	0.981606
735	0.981136
736	0.980731
737	0.980387
738	0.98011
739	0.979515
740	0.978926
741	0.978351
742	0.977787
743	0.977206
744	0.976617
745	0.97579
746	0.974921
747	0.97402
748	0.973508
749	0.972994
750	0.972483
751	0.97223
752	0.971974
753	0.97172
754	0.971901
755	0.972101
756	0.972317
757	0.972277
758	0.972262
759	0.972275
760	0.971981
761	0.971754
762	0.971602
763	0.971164
764	0.970764
765	0.970407
766	0.970219
767	0.970078
768	0.969988
769	0.969652
770	0.969344
771	0.969068
772	0.96903
773	0.969068
774	0.969178
775	0.970382
776	0.971571
777	0.972726
778	0.973926
779	0.975052
780	0.976088
781	0.97717
782	0.978144
783	0.979
784	0.979405
785	0.97976
786	0.980063
787	0.980645
788	0.981207
789	0.981741
790	0.981991
791	0.982197
792	0.982357
793	0.982332
794	0.982262
795	0.982148
796	0.981892
797	0.981614
798	0.981318
799	0.981316
800	0.981286
801	0.981228
802	0.980918
803	0.980584
804	0.980227
805	0.980105
806	0.979963
807	0.979803
808	0.979588
809	0.979356
810	0.97911
811	0.978687
812	0.978263
813	0.977843
814	0.977541
815	0.977244
816	0.976952
817	0.976269
818	0.975582
819	0.974902
820	0.974189
821	0.973482
822	0.972789
823	0.972253
824	0.971792
825	0.971416
826	0.970947
827	0.970506
828	0.970099
829	0.969921
830	0.969746
831	0.969578
832	0.969683
833	0.969845
834	0.970061
835	0.969583
836	0.969198
837	0.968915
838	0.969165
839	0.969428
840	0.969701
841	0.970465
842	0.971297
843	0.972182
844	0.972477
845	0.9728
846	0.97315
847	0.973552
848	0.973992
849	0.974463
850	0.974781
851	0.9751
852	0.975416
853	0.976096
854	0.976769
855	0.977426
856	0.978128
857	0.978838
858	0.97954
859	0.97929
860	0.979106
861	0.978991
862	0.978549
863	0.97815
864	0.977804
865	0.977407
866	0.977027
867	0.97667
868	0.975988
869	0.975332
870	0.974713
871	0.974501
872	0.974268
873	0.97402
874	0.97358
875	0.973108
876	0.972609
877	0.972447
878	0.972262
879	0.972057
880	0.972081
881	0.972117
882	0.972168
883	0.972434
884	0.972727
885	0.973042
886	0.973074
887	0.973111
888	0.973152
889	0.973078
890	0.973023
891	0.972983
892	0.972969
893	0.972967
894	0.972976
895	0.972959
896	0.972941
897	0.972921
898	0.973035
899	0.973153
900	0.973275
901	0.973225
902	0.973169
903	0.973111
904	0.973222
905	0.973295
906	0.97333
907	0.972825
908	0.972326
909	0.971842
910	0.971936
911	0.972078
912	0.972271
913	0.973066
914	0.973901
915	0.974753
916	0.97563
917	0.976414
918	0.977088
919	0.977854
920	0.978534
921	0.97912
922	0.979422
923	0.979685
924	0.979908
925	0.980089
926	0.98023
927	0.980328
928	0.980163
929	0.979977
930	0.979774
931	0.979811
932	0.979856
933	0.979908
934	0.979707
935	0.979469
936	0.979197
937	0.979005
938	0.97878
939	0.978527
940	0.978307
941	0.97808
942	0.977849
943	0.977785
944	0.977718
945	0.977645
946	0.977665
947	0.977678
948	0.977684
949	0.977198
950	0.976699
951	0.976195
952	0.976105
953	0.976001
954	0.975886
955	0.975831
956	0.975785
957	0.975751
958	0.975325
959	0.974877
960	0.974408
961	0.974148
962	0.973866
963	0.973568
964	0.973486
965	0.973391
966	0.973284
967	0.973079
968	0.97287
969	0.972661
970	0.972218
971	0.971751
972	0.971261
973	0.970945
974	0.97062
975	0.970294
976	0.970349
977	0.970402
978	0.970453
979	0.970536
980	0.970671
981	0.970859
982	0.97066
983	0.970472
984	0.970299
985	0.96987
986	0.969475
987	0.969118
988	0.969037
989	0.968961
990	0.968891
991	0.969227
992	0.969557
993	0.969873
994	0.969932
995	0.969967
996	0.96998
997	0.970467
998	0.970929
999	0.971361
1000	0.97162
1001	0.971866
1002	0.972096
1003	0.972008
1004	0.971954
1005	0.971937
1006	0.971772
1007	0.971656
1008	0.971592
1009	0.97105
1010	0.970484
1011	0.969904
1012	0.969652
1013	0.969414
1014	0.969191
1015	0.969387
1016	0.969601
1017	0.969831
1018	0.970449
1019	0.971007
1020	0.971501
1021	0.972025
1022	0.972513
1023	0.972957
1024	0.973911
1025	0.974793
1026	0.975596
1027	0.976007
1028	0.976368
1029	0.976684
1030	0.977217
1031	0.977699
1032	0.978128
1033	0.977962
1034	0.977775
1035	0.977568
1036	0.977921
1037	0.978221
1038	0.978472
1039	0.978523
1040	0.97853
1041	0.978494
1042	0.978829
1043	0.979116
1044	0.979355
1045	0.979375
1046	0.979348
1047	0.979274
1048	0.979566
1049	0.979834
1050	0.980079
1051	0.980031
1052	0.979944
1053	0.97982
1054	0.979766
1055	0.979673
1056	0.979541
1057	0.979473
1058	0.979373
1059	0.979239
1060	0.979083
1061	0.978891
1062	0.978664
1063	0.978566
1064	0.978436
1065	0.978272
1066	0.977981
1067	0.977638
1068	0.977246
1069	0.977357
1070	0.977406
1071	0.977393
1072	0.977682
1073	0.977939
1074	0.97816
1075	0.978478
1076	0.978778
1077	0.979059
1078	0.978955
1079	0.978811
1080	0.978629
1081	0.978699
1082	0.978739
1083	0.978747
1084	0.978535
1085	0.978269
1086	0.97795
1087	0.977516
1088	0.977047
1089	0.976547
1090	0.976192
1091	0.975797
1092	0.975365
1093	0.975336
1094	0.975296
1095	0.97525
1096	0.975516
1097	0.975778
1098	0.97603
1099	0.975774
1100	0.975567
1101	0.975413
1102	0.974994
1103	0.974626
1104	0.974319
1105	0.974089
1106	0.973889
1107	0.973724
1108	0.973594
1109	0.973554
1110	0.973602
1111	0.973421
1112	0.973293
1113	0.973225
1114	0.973284
1115	0.973451
1116	0.973722
1117	0.973961
1118	0.974235
1119	0.974537
1120	0.974478
1121	0.974486
1122	0.974559
1123	0.974786
1124	0.975057
1125	0.975366
1126	0.975646
1127	0.975997
1128	0.976412
1129	0.976613
1130	0.976809
1131	0.976998
1132	0.977267
1133	0.977507
1134	0.977714
1135	0.977705
1136	0.977682
1137	0.977644
1138	0.977503
1139	0.977374
1140	0.977256
1141	0.977295
1142	0.977309
1143	0.977301
1144	0.977293
1145	0.977327
1146	0.977399
1147	0.976811
1148	0.976253
1149	0.975736
1150	0.975654
1151	0.975588
1152	0.975544
1153	0.975589
1154	0.97564
1155	0.975697
1156	0.97586
1157	0.97602
1158	0.976175
1159	0.976472
1160	0.976748
1161	0.976996
1162	0.977172
1163	0.977328
1164	0.977462
1165	0.978068
1166	0.978638
1167	0.979165
1168	0.979659
1169	0.98015
1170	0.980626
1171	0.980486
1172	0.980378
1173	0.9803
1174	0.980274
1175	0.980237
1176	0.980188
1177	0.980005
1178	0.97981
1179	0.979605
1180	0.979436
1181	0.979259
1182	0.979075
1183	0.97888
1184	0.978678
1185	0.978474
1186	0.978265
1187	0.97802
1188	0.97774
1189	0.977782
1190	0.977812
1191	0.97783
1192	0.978022
1193	0.978233
1194	0.978458
1195	0.978302
1196	0.97814
1197	0.977972
1198	0.977811
1199	0.97765
1200	0.977492
1201	0.976899
1202	0.976262
1203	0.975586
1204	0.975936
1205	0.976259
1206	0.976557
1207	0.976474
1208	0.976374
1209	0.976258
1210	0.976134
1211	0.976011
1212	0.975893
1213	0.976113
1214	0.976301
1215	0.976456
1216	0.976762
1217	0.977069
1218	0.977376
1219	0.977084
1220	0.976829
1221	0.976617
1222	0.976357
1223	0.976149
1224	0.976002
1225	0.975882
1226	0.975753
1227	0.975617
1228	0.975714
1229	0.975809
1230	0.975902
1231	0.975851
1232	0.975819
1233	0.975806
1234	0.975445
1235	0.975105
1236	0.974794
1237	0.974467
1238	0.974117
1239	0.973751
1240	0.973563
1241	0.9734
1242	0.973265
1243	0.973279
1244	0.973312
1245	0.97336
1246	0.973646
1247	0.973938
1248	0.974233
1249	0.974469
1250	0.974662
1251	0.974807
1252	0.975285
1253	0.975691
1254	0.976021
1255	0.97647
1256	0.976887
1257	0.977271
1258	0.977409
1259	0.977508
1260	0.977566
1261	0.977493
1262	0.977372
1263	0.977202
1264	0.977217
1265	0.977211
1266	0.977184
1267	0.977499
1268	0.977789
1269	0.978049
1270	0.978437
1271	0.978791
1272	0.979104
1273	0.978584
1274	0.978025
1275	0.977435
1276	0.977518
1277	0.977569
1278	0.977586
1279	0.977711
1280	0.977798
1281	0.977847
1282	0.977829
1283	0.97776
1284	0.977641
1285	0.97739
1286	0.977101
1287	0.976779
1288	0.976837
1289	0.976869
1290	0.976871
1291	0.976862
1292	0.976841
1293	0.976809
1294	0.976932
1295	0.977024
1296	0.977084
1297	0.976417
1298	0.975736
1299	0.975056
1300	0.975147
1301	0.975243
1302	0.975346
1303	0.97576
1304	0.976142
1305	0.976488
1306	0.976592
1307	0.97666
1308	0.97669
1309	0.976576
1310	0.976423
1311	0.976238
1312	0.976801
1313	0.977337
1314	0.97784
1315	0.977699
1316	0.977565
1317	0.977442
1318	0.977493
1319	0.977546
1320	0.977601
1321	0.977221
1322	0.976849
1323	0.976495
1324	0.976394
1325	0.976301
1326	0.976221
1327	0.975997
1328	0.975784
1329	0.975584
1330	0.975497
1331	0.975425
1332	0.97537
1333	0.975556
1334	0.975741
1335	0.975926
1336	0.976307
1337	0.976674
1338	0.977024
1339	0.977335
1340	0.977638
1341	0.977933
1342	0.978227
1343	0.978496
1344	0.978738
1345	0.978681
1346	0.978577
1347	0.978425
1348	0.978217
1349	0.977976
1350	0.977702
1351	0.977655
1352	0.977571
1353	0.977449
1354	0.97752
1355	0.97754
1356	0.977506
1357	0.977761
1358	0.977947
1359	0.978063
1360	0.978312
1361	0.978545
1362	0.97876
1363	0.978941
1364	0.979091
1365	0.979209
1366	0.979297
1367	0.979338
1368	0.979329
1369	0.979257
1370	0.979158
1371	0.979031
1372	0.978991
1373	0.978894
1374	0.978741
1375	0.978386
1376	0.977985
1377	0.977542
1378	0.977861
1379	0.978131
1380	0.978353
1381	0.978383
1382	0.97835
1383	0.978258
1384	0.978415
1385	0.978533
1386	0.978612
1387	0.97855
1388	0.978484
1389	0.978415
1390	0.978326
1391	0.978191
1392	0.978008
1393	0.977745
1394	0.977441
1395	0.977096
1396	0.976873
1397	0.976609
1398	0.9763
1399	0.975809
1400	0.975263
1401	0.97466
1402	0.974695
1403	0.974683
1404	0.974625
1405	0.974835
1406	0.974972
1407	0.975035
1408	0.974717
1409	0.974394
1410	0.974071
1411	0.9738
1412	0.973537
1413	0.973282
1414	0.973005
1415	0.972723
1416	0.97244
1417	0.97211
1418	0.971767
1419	0.971415
1420	0.971425
1421	0.971407
1422	0.971363
1423	0.97115
1424	0.970929
1425	0.970702
1426	0.971174
1427	0.971622
1428	0.972039
1429	0.972119
1430	0.972193
1431	0.97226
1432	0.972634
1433	0.972987
1434	0.973313
1435	0.973342
1436	0.973394
1437	0.973466
1438	0.973952
1439	0.974453
1440	0.974961
1441	0.975257
1442	0.975504
1443	0.975696
1444	0.976347
1445	0.976942
1446	0.977476
1447	0.977719
1448	0.977921
1449	0.978078
1450	0.978384
1451	0.978636
1452	0.97883
1453	0.979531
1454	0.980162
1455	0.980716
1456	0.981471
1457	0.982144
1458	0.982737
1459	0.9831
1460	0.983412
1461	0.983672
1462	0.983558
1463	0.983405
1464	0.983214
1465	0.982947
1466	0.982614
1467	0.982211
1468	0.982268
1469	0.982276
1470	0.982232
1471	0.982192
1472	0.982097
1473	0.981954
1474	0.981899
1475	0.98179
1476	0.981632
1477	0.981883
1478	0.982086
1479	0.982237
1480	0.982627
1481	0.982933
1482	0.983159
1483	0.983351
1484	0.983511
1485	0.98364
1486	0.983253
1487	0.982829
1488	0.982364
1489	0.98226
1490	0.982096
1491	0.981868
1492	0.981904
1493	0.981898
1494	0.981849
1495	0.981868
1496	0.981855
1497	0.981813
1498	0.981846
1499	0.981832
1500	0.981767
1501	0.982163
1502	0.982508
1503	0.982798
1504	0.98296
1505	0.983068
1506	0.983123
1507	0.983056
1508	0.982959
1509	0.982834
1510	0.982732
1511	0.982605
1512	0.982453
1513	0.982045
1514	0.981614
1515	0.981168
1516	0.981195
1517	0.981211
1518	0.981216
1519	0.981108
1520	0.980984
1521	0.980847
1522	0.980423
1523	0.97997
1524	0.97949
1525	0.979493
1526	0.979461
1527	0.979399
1528	0.978948
1529	0.978569
1530	0.978274
1531	0.977779
1532	0.977343
1533	0.976976
1534	0.977099
1535	0.977244
1536	0.977408
1537	0.977071
1538	0.976719
1539	0.976358
1540	0.976308
1541	0.976259
1542	0.97621
1543	0.975932
1544	0.975638
1545	0.975336
1546	0.97538
1547	0.975415
1548	0.975439
1549	0.97549
1550	0.975494
1551	0.975453
1552	0.975229
1553	0.975059
1554	0.974947
1555	0.974296
1556	0.973639
1557	0.972981
1558	0.972604
1559	0.972249
1560	0.971922
1561	0.971322
1562	0.97077
1563	0.970274
1564	0.970392
1565	0.970516
1566	0.97064
1567	0.971306
1568	0.971893
1569	0.972396
1570	0.972815
1571	0.9732
1572	0.973548
1573	0.97387
1574	0.974182
1575	0.974486
1576	0.974598
1577	0.97467
1578	0.974707
1579	0.975112
1580	0.975483
1581	0.975814
1582	0.975875
1583	0.975924
1584	0.975957
1585	0.976443
1586	0.976883
1587	0.977275
1588	0.977688
1589	0.978062
1590	0.978395
1591	0.978456
1592	0.978492
1593	0.978501
1594	0.978347
1595	0.978163
1596	0.977947
1597	0.977789
1598	0.977604
1599	0.977394
1600	0.977366
1601	0.977306
1602	0.977219
1603	0.977322
1604	0.977401
1605	0.977456
1606	0.97732
1607	0.977173
1608	0.977018
1609	0.976999
1610	0.97696
1611	0.976903
1612	0.977213
1613	0.977474
1614	0.977684
1615	0.977884
1616	0.978042
1617	0.978156
1618	0.977915
1619	0.977642
1620	0.977338
1621	0.977409
1622	0.977447
1623	0.97745
1624	0.977313
1625	0.977162
1626	0.977
1627	0.976861
1628	0.976721
1629	0.976581
1630	0.976196
1631	0.975828
1632	0.975483
1633	0.975228
1634	0.974972
1635	0.974716
1636	0.974374
1637	0.974014
1638	0.973636
1639	0.973303
1640	0.972925
1641	0.972509
1642	0.972274
1643	0.972002
1644	0.971692
1645	0.971391
1646	0.971075
1647	0.970748
1648	0.970464
1649	0.970221
1650	0.970022
1651	0.970076
1652	0.970146
1653	0.970233
1654	0.969996
1655	0.969771
1656	0.969564
1657	0.96958
1658	0.969612
1659	0.969662
1660	0.96979
1661	0.969904
1662	0.970001
1663	0.9701
1664	0.970207
1665	0.970324
1666	0.970693
1667	0.971046
1668	0.971378
1669	0.97094
1670	0.970541
1671	0.970184
1672	0.97036
1673	0.970597
1674	0.970892
1675	0.970721
1676	0.97055
1677	0.970383
1678	0.971019
1679	0.971623
1680	0.972189
1681	0.972492
1682	0.972782
1683	0.973055
1684	0.973165
1685	0.973236
1686	0.973272
1687	0.973796
1688	0.974294
1689	0.97476
1690	0.974977
1691	0.975167
1692	0.975326
1693	0.97524
1694	0.975144
1695	0.97504
1696	0.975541
1697	0.976007
1698	0.976431
1699	0.976567
1700	0.976679
1701	0.976765
1702	0.977163
1703	0.977555
1704	0.977938
1705	0.978076
1706	0.978156
1707	0.97818
1708	0.978576
1709	0.97889
1710	0.979121
1711	0.979108
1712	0.979071
1713	0.979011
1714	0.979032
1715	0.979004
1716	0.978929
1717	0.978797
1718	0.978603
1719	0.978351
1720	0.978133
1721	0.977899
1722	0.977649
1723	0.977876
1724	0.978064
1725	0.978212
1726	0.978325
1727	0.978412
1728	0.978469
1729	0.978299
1730	0.97808
1731	0.977817
1732	0.977816
1733	0.977793
1734	0.977747
1735	0.977897
1736	0.978005
1737	0.978065
1738	0.978016
1739	0.97795
1740	0.977866
1741	0.97796
1742	0.977994
1743	0.977967
1744	0.978005
1745	0.978025
1746	0.978027
1747	0.978289
1748	0.978552
1749	0.978815
1750	0.978752
1751	0.978676
1752	0.978588
1753	0.978346
1754	0.978074
1755	0.977773
1756	0.977608
1757	0.977413
1758	0.977189
1759	0.977063
1760	0.976895
1761	0.976685
1762	0.976715
1763	0.976712
1764	0.976675
1765	0.9767
1766	0.976697
1767	0.976668
1768	0.976781
1769	0.976869
1770	0.976931
1771	0.976908
1772	0.976867
1773	0.976806
1774	0.976849
1775	0.976867
1776	0.976861
1777	0.976407
1778	0.975912
1779	0.975379
1780	0.975154
1781	0.974906
1782	0.974638
1783	0.974908
1784	0.975149
1785	0.975359
1786	0.975201
1787	0.975022
1788	0.974822
1789	0.974956
1790	0.975062
1791	0.975141
1792	0.975091
1793	0.975048
1794	0.975012
1795	0.97526
1796	0.975504
1797	0.975737
1798	0.976044
1799	0.976338
1800	0.976616
1801	0.976432
1802	0.976247
1803	0.976064
1804	0.975936
1805	0.97577
1806	0.975567
1807	0.975411
1808	0.975226
1809	0.975011
1810	0.974934
1811	0.974822
1812	0.974676
1813	0.974598
1814	0.974507
1815	0.974402
1816	0.974355
1817	0.974305
1818	0.974255
1819	0.974219
1820	0.97419
1821	0.974171
1822	0.97457
1823	0.974972
1824	0.97537
1825	0.97467
1826	0.973958
1827	0.97324
1828	0.973309
1829	0.973351
1830	0.973364
1831	0.973579
1832	0.97377
1833	0.973935
1834	0.974278
1835	0.974588
1836	0.97486
1837	0.975103
1838	0.975307
1839	0.97547
1840	0.975792
1841	0.976107
1842	0.976408
1843	0.97627
1844	0.976151
1845	0.97605
1846	0.97562
1847	0.975175
1848	0.97472
1849	0.973985
1850	0.973255
1851	0.972547
1852	0.972676
1853	0.9728
1854	0.972919
1855	0.972757
1856	0.972597
1857	0.972438
1858	0.972259
1859	0.972092
1860	0.971936
1861	0.972349
1862	0.97277
1863	0.97319
1864	0.97327
1865	0.973379
1866	0.973514
1867	0.973104
1868	0.972716
1869	0.972352
1870	0.971958
1871	0.971588
1872	0.971249
1873	0.97134
1874	0.971437
1875	0.971539
1876	0.971814
1877	0.972066
1878	0.972298
1879	0.972297
1880	0.97225
1881	0.972158
1882	0.972092
1883	0.971984
1884	0.971834
1885	0.971818
1886	0.971779
1887	0.971721
1888	0.971821
1889	0.971892
1890	0.971933
1891	0.972196
1892	0.972452
1893	0.972704
1894	0.973034
1895	0.97333
1896	0.973588
1897	0.973883
1898	0.974162
1899	0.974423
1900	0.974949
1901	0.975432
1902	0.975868
1903	0.976409
1904	0.976897
1905	0.977331
1906	0.97756
1907	0.977747
1908	0.97789
1909	0.977891
1910	0.977872
1911	0.977833
1912	0.978394
1913	0.978917
1914	0.979398
1915	0.979576
1916	0.979713
1917	0.979812
1918	0.979456
1919	0.979073
1920	0.978665
1921	0.978515
1922	0.978309
1923	0.978046
1924	0.978233
1925	0.978361
1926	0.978428
1927	0.978847
1928	0.979196
1929	0.979471
1930	0.979363
1931	0.979187
1932	0.978942
1933	0.979163
1934	0.979293
1935	0.979332
1936	0.979807
1937	0.980182
1938	0.980457
1939	0.980644
1940	0.980766
1941	0.980829
1942	0.980602
1943	0.980335
1944	0.980028
1945	0.979484
1946	0.978869
1947	0.978185
1948	0.97831
1949	0.978366
1950	0.978352
1951	0.978479
1952	0.978552
1953	0.97857
1954	0.978732
1955	0.978829
1956	0.978862
1957	0.979207
1958	0.979517
1959	0.979789
1960	0.979889
1961	0.979966
1962	0.980021
1963	0.979987
1964	0.979953
1965	0.979918
1966	0.979703
1967	0.979474
1968	0.979231
1969	0.978838
1970	0.978422
1971	0.977989
1972	0.978027
1973	0.978033
1974	0.978005
1975	0.977969
1976	0.977912
1977	0.977835
1978	0.977661
1979	0.977469
1980	0.977259
1981	0.977266
1982	0.977244
1983	0.977195
1984	0.977073
1985	0.976959
1986	0.976852
1987	0.976901
1988	0.976972
1989	0.977062
1990	0.976929
1991	0.976802
1992	0.976682
1993	0.976042
1994	0.97538
1995	0.974706
1996	0.974644
1997	0.974564
1998	0.97447
1999	0.975201
2000	0.975902
2001	0.976563
2002	0.976905
2003	0.977226
2004	0.977522
2005	0.977898
2006	0.978225
2007	0.978499
2008	0.978894
2009	0.979263
2010	0.979604
2011	0.979575
2012	0.979549
2013	0.979526
2014	0.979484
2015	0.979442
2016	0.979401
2017	0.97891
2018	0.978409
2019	0.977907
2020	0.978184
2021	0.978441
2022	0.978675
2023	0.979053
2024	0.979396
2025	0.979698
2026	0.979922
2027	0.980101
2028	0.980237
2029	0.980701
2030	0.981114
2031	0.981479
2032	0.981749
2033	0.981985
2034	0.982187
2035	0.982221
2036	0.982238
2037	0.982236
2038	0.982153
2039	0.982043
2040	0.981904
2041	0.981514
2042	0.981107
2043	0.980686
2044	0.980571
2045	0.980436
2046	0.980281
2047	0.980334
2048	0.980369
2049	0.980387
2050	0.980577
2051	0.980739
2052	0.980869
2053	0.981132
2054	0.981333
2055	0.981474
2056	0.981619
2057	0.981727
2058	0.981797
2059	0.981437
2060	0.981082
2061	0.980738
2062	0.980596
2063	0.98043
2064	0.980238
2065	0.979493
2066	0.978779
2067	0.978114
2068	0.977747
2069	0.977382
2070	0.977025
2071	0.976617
2072	0.976212
2073	0.975817
2074	0.975648
2075	0.975487
2076	0.97534
2077	0.975107
2078	0.97487
2079	0.974637
2080	0.974739
2081	0.974905
2082	0.975126
2083	0.974784
2084	0.974447
2085	0.974121
2086	0.973993
2087	0.973888
2088	0.973809
2089	0.973392
2090	0.973
2091	0.972637
2092	0.9724
2093	0.972155
2094	0.971905
2095	0.972044
2096	0.972123
2097	0.972139
2098	0.972293
2099	0.972425
2100	0.972535
2101	0.972077
2102	0.971622
2103	0.971179
2104	0.971202
2105	0.971243
2106	0.971301
2107	0.971115
2108	0.970972
2109	0.970875
2110	0.970542
2111	0.970236
2112	0.969959
2113	0.969969
2114	0.969981
2115	0.969995
2116	0.970058
2117	0.970124
2118	0.970198
2119	0.970393
2120	0.970574
2121	0.970742
2122	0.970961
2123	0.971173
2124	0.971377
2125	0.97161
2126	0.971844
2127	0.972078
2128	0.972518
2129	0.97307
2130	0.973713
2131	0.97409
2132	0.974523
2133	0.975003
2134	0.97527
2135	0.975613
2136	0.976023
2137	0.976047
2138	0.976089
2139	0.976149
2140	0.976978
2141	0.977773
2142	0.978522
2143	0.978715
2144	0.978899
2145	0.979071
2146	0.979146
2147	0.979268
2148	0.979431
2149	0.979195
2150	0.979063
2151	0.979032
2152	0.978758
2153	0.978588
2154	0.978522
2155	0.977851
2156	0.97733
2157	0.976975
2158	0.976718
2159	0.9765
2160	0.976329
2161	0.975706
2162	0.975122
2163	0.974588
2164	0.974113
2165	0.973664
2166	0.973252
2167	0.972897
2168	0.9726
2169	0.972368
2170	0.972369
2171	0.972398
2172	0.972452
2173	0.972661
2174	0.972905
2175	0.97318
2176	0.973724
2177	0.974268
2178	0.974803
2179	0.97488
2180	0.974948
2181	0.975003
2182	0.975259
2183	0.975506
2184	0.97574
2185	0.975369
2186	0.974979
2187	0.974573
2188	0.974449
2189	0.974306
2190	0.974145
2191	0.974064
2192	0.973959
2193	0.97383
2194	0.973925
2195	0.974016
2196	0.9741
2197	0.974173
2198	0.974256
2199	0.974344
2200	0.974763
2201	0.975206
2202	0.975663
2203	0.975748
2204	0.97588
2205	0.976054
2206	0.976013
2207	0.975989
2208	0.975983
2209	0.97527
2210	0.974578
2211	0.973922
2212	0.973811
2213	0.973722
2214	0.973654
2215	0.973595
2216	0.973575
2217	0.973596
2218	0.973483
2219	0.973412
2220	0.973381
2221	0.973267
2222	0.973246
2223	0.973314
2224	0.973361
2225	0.973566
2226	0.973915
2227	0.973795
2228	0.973786
2229	0.97389
2230	0.973653
2231	0.973489
2232	0.973411
2233	0.972833
2234	0.972451
2235	0.972284
2236	0.972345
2237	0.972544
2238	0.972876
2239	0.972974
2240	0.973087
2241	0.973211
2242	0.972921
2243	0.972656
2244	0.972424
2245	0.972606
2246	0.972803
2247	0.973013
2248	0.972996
2249	0.973041
2250	0.973145
2251	0.973658
2252	0.974199
2253	0.974759
2254	0.975212
2255	0.975681
2256	0.97616
2257	0.976269
2258	0.976354
2259	0.976413
2260	0.976563
2261	0.976695
2262	0.976805
2263	0.976922
2264	0.977007
2265	0.977064
2266	0.977163
2267	0.977227
2268	0.977252
2269	0.977013
2270	0.97676
2271	0.976494
2272	0.976372
2273	0.976253
2274	0.976138
2275	0.975986
2276	0.975869
2277	0.975786
2278	0.975662
2279	0.975547
2280	0.975444
2281	0.975045
2282	0.974647
2283	0.974254
2284	0.974017
2285	0.973777
2286	0.973534
2287	0.973381
2288	0.973239
2289	0.973108
2290	0.973003
2291	0.972927
2292	0.972883
2293	0.972559
2294	0.97227
2295	0.972019
2296	0.971688
2297	0.971427
2298	0.971239
2299	0.970546
2300	0.969906
2301	0.969328
2302	0.969042
2303	0.968821
2304	0.968673
2305	0.968178
2306	0.967716
2307	0.967296
2308	0.966713
2309	0.966163
2310	0.965655
2311	0.965777
2312	0.965914
2313	0.966062
2314	0.966652
2315	0.967229
2316	0.967784
2317	0.968432
2318	0.969037
2319	0.96959
2320	0.970039
2321	0.970449
2322	0.970818
2323	0.971134
2324	0.971445
2325	0.971745
2326	0.972533
2327	0.973294
2328	0.97402
2329	0.974106
2330	0.974173
2331	0.974213
2332	0.974864
2333	0.975473
2334	0.976031
2335	0.976297
2336	0.976519
2337	0.976695
2338	0.977013
2339	0.977284
2340	0.977504
2341	0.977566
2342	0.977627
2343	0.977688
2344	0.977443
2345	0.977198
2346	0.976956
2347	0.976439
2348	0.975949
2349	0.975492
2350	0.975312
2351	0.975139
2352	0.974975
2353	0.974495
2354	0.97399
2355	0.973462
2356	0.973395
2357	0.973303
2358	0.973184
2359	0.972718
2360	0.972229
2361	0.971724
2362	0.97144
2363	0.971138
2364	0.97082
2365	0.970707
2366	0.970605
2367	0.970507
2368	0.970657
2369	0.970817
2370	0.970984
2371	0.971076
2372	0.971175
2373	0.971281
2374	0.971567
2375	0.971871
2376	0.97219
2377	0.97254
2378	0.972878
2379	0.973197
2380	0.973546
2381	0.97385
2382	0.974105
2383	0.974173
2384	0.974194
2385	0.974168
2386	0.974295
2387	0.974381
2388	0.974429
2389	0.974709
2390	0.974925
2391	0.975077
2392	0.975579
2393	0.976054
2394	0.976497
2395	0.976952
2396	0.977386
2397	0.9778
2398	0.978039
2399	0.97826
2400	0.978463
2401	0.978199
2402	0.977913
2403	0.977604
2404	0.977587
2405	0.977522
2406	0.977412
2407	0.9776
2408	0.977754
2409	0.977874
2410	0.978082
2411	0.978231
2412	0.978324
2413	0.978463
2414	0.978564
2415	0.978629
2416	0.97862
2417	0.978606
2418	0.978587
2419	0.978753
2420	0.978951
2421	0.979176
2422	0.978995
2423	0.978761
2424	0.978474
2425	0.978251
2426	0.97799
2427	0.977698
2428	0.977505
2429	0.977248
2430	0.976931
2431	0.976549
2432	0.97613
2433	0.97568
2434	0.975852
2435	0.975987
2436	0.976082
2437	0.976452
2438	0.976789
2439	0.977088
2440	0.977446
2441	0.977814
2442	0.97818
2443	0.978151
2444	0.978142
2445	0.978152
2446	0.977851
2447	0.977545
2448	0.977236
2449	0.976212
2450	0.975151
2451	0.974069
2452	0.973987
2453	0.973901
2454	0.973812
2455	0.97378
2456	0.973708
2457	0.973594
2458	0.973852
2459	0.974098
2460	0.974327
2461	0.974847
2462	0.97534
2463	0.975799
2464	0.976203
2465	0.976602
2466	0.976993
2467	0.976912
2468	0.976846
2469	0.976802
2470	0.976647
2471	0.976478
2472	0.976301
2473	0.975324
2474	0.974375
2475	0.973478
2476	0.973357
2477	0.973251
2478	0.97316
2479	0.973286
2480	0.973377
2481	0.97343
2482	0.97342
2483	0.973434
2484	0.973468
2485	0.973799
2486	0.974063
2487	0.974255
2488	0.974683
2489	0.975072
2490	0.975419
2491	0.975257
2492	0.975107
2493	0.974968
2494	0.97469
2495	0.974428
2496	0.974189
2497	0.974067
2498	0.974028
2499	0.974075
2500	0.974056
2501	0.974028
2502	0.973993
2503	0.974015
2504	0.973988
2505	0.973911
2506	0.973992
2507	0.974038
2508	0.974045
2509	0.974061
2510	0.97406
2511	0.974041
2512	0.974192
2513	0.974325
2514	0.974436
2515	0.974456
2516	0.974485
2517	0.974524
2518	0.974845
2519	0.975136
2520	0.975392
2521	0.974419
2522	0.9734
2523	0.972353
2524	0.973025
2525	0.973609
2526	0.9741
2527	0.974351
2528	0.97454
2529	0.974668
2530	0.974624
2531	0.974546
2532	0.974435
2533	0.974929
2534	0.975345
2535	0.97568
2536	0.976344
2537	0.976964
2538	0.977533
2539	0.977856
2540	0.978161
2541	0.978445
2542	0.978681
2543	0.978896
2544	0.979085
2545	0.978603
2546	0.97809
2547	0.977554
2548	0.977754
2549	0.977909
2550	0.978016
2551	0.978176
2552	0.978293
2553	0.978366
2554	0.978407
2555	0.978388
2556	0.978306
2557	0.978694
2558	0.979039
2559	0.979338
2560	0.979247
2561	0.979122
2562	0.978966
2563	0.97853
2564	0.978198
2565	0.977977
2566	0.977751
2567	0.977579
2568	0.977466
2569	0.97646
2570	0.975536
2571	0.974729
2572	0.974415
2573	0.97413
2574	0.97388
2575	0.973773
2576	0.973695
2577	0.973652
2578	0.973287
2579	0.972947
2580	0.972638
2581	0.972664
2582	0.972718
2583	0.972798
2584	0.972956
2585	0.97319
2586	0.97349
2587	0.973455
2588	0.97348
2589	0.97356
2590	0.973486
2591	0.973449
2592	0.973455
2593	0.972584
2594	0.971738
2595	0.970931
2596	0.970832
2597	0.97076
2598	0.970712
2599	0.971056
2600	0.971371
2601	0.971656
2602	0.972076
2603	0.972445
2604	0.972762
2605	0.97302
2606	0.97324
2607	0.973417
2608	0.974367
2609	0.975275
2610	0.976131
2611	0.976955
2612	0.977765
2613	0.97855
2614	0.979022
2615	0.97946
2616	0.97986
2617	0.979423
2618	0.978961
2619	0.978483
2620	0.978616
2621	0.978696
2622	0.978723
2623	0.978853
2624	0.978945
2625	0.978997
2626	0.979052
2627	0.979058
2628	0.979018
2629	0.97928
2630	0.979482
2631	0.979626
2632	0.979962
2633	0.980241
2634	0.98046
2635	0.980449
2636	0.980414
2637	0.980356
2638	0.979938
2639	0.979519
2640	0.979102
2641	0.978087
2642	0.977074
2643	0.976083
2644	0.976208
2645	0.976303
2646	0.976371
2647	0.976594
2648	0.976767
2649	0.976889
2650	0.977053
2651	0.97716
2652	0.977209
2653	0.977388
2654	0.977514
2655	0.97759
2656	0.977615
2657	0.977614
2658	0.977588
2659	0.977481
2660	0.977371
2661	0.977257
2662	0.977198
2663	0.977146
