0	0.954687
1	0.954679
2	0.954671
3	0.953338
4	0.953336
5	0.953334
6	0.950452
7	0.950451
8	0.950451
9	0.949465
10	0.949464
11	0.949463
12	0.949583
13	0.949583
14	0.949583
15	0.948411
16	0.948425
17	0.948439
18	0.952013
19	0.952023
20	0.952032
21	0.951174
22	0.951167
23	0.951161
24	0.946314
25	0.946307
26	0.946299
27	0.943143
28	0.94314
29	0.943137
30	0.940667
31	0.940666
32	0.940664
33	0.941141
34	0.94114
35	0.941138
36	0.943765
37	0.943767
38	0.943769
39	0.945878
40	0.945894
41	0.945909
42	0.951054
43	0.951063
44	0.951072
45	0.951586
46	0.95158
47	0.951574
48	0.950253
49	0.950245
50	0.950237
51	0.946696
52	0.946693
53	0.94669
54	0.946324
55	0.946322
56	0.94632
57	0.946336
58	0.946333
59	0.946331
60	0.94718
61	0.947181
62	0.947182
63	0.948882
64	0.948897
65	0.948912
66	0.951929
67	0.951936
68	0.951944
69	0.95318
70	0.953174
71	0.953168
72	0.952524
73	0.952516
74	0.952507
75	0.953231
76	0.953228
77	0.953226
78	0.954635
79	0.954634
80	0.954633
81	0.954786
82	0.954784
83	0.954783
84	0.95528
85	0.95528
86	0.955281
87	0.957274
88	0.957289
89	0.957305
90	0.960188
91	0.960196
92	0.960204
93	0.960433
94	0.960428
95	0.960423
96	0.957901
97	0.957895
98	0.957888
99	0.956198
100	0.956197
101	0.956195
102	0.956819
103	0.956819
104	0.956818
105	0.956869
106	0.956869
107	0.956869
108	0.957451
109	0.957452
110	0.957453
111	0.957345
112	0.957358
113	0.95737
114	0.96073
115	0.960735
116	0.960741
117	0.962039
118	0.962035
119	0.962031
120	0.958533
121	0.958528
122	0.958523
123	0.957212
124	0.95721
125	0.957208
126	0.95959
127	0.95959
128	0.959589
129	0.96028
130	0.960279
131	0.960277
132	0.960311
133	0.960311
134	0.96031
135	0.960399
136	0.960409
137	0.960419
138	0.964293
139	0.964298
140	0.964302
141	0.965672
142	0.965669
143	0.965665
144	0.962271
145	0.962263
146	0.962255
147	0.962317
148	0.962314
149	0.962311
150	0.962452
151	0.96245
152	0.962449
153	0.962324
154	0.962322
155	0.96232
156	0.962257
157	0.962257
158	0.962258
159	0.963621
160	0.963632
161	0.963642
162	0.964497
163	0.964503
164	0.964508
165	0.963005
166	0.963002
167	0.962998
168	0.96129
169	0.961285
170	0.961279
171	0.960021
172	0.96002
173	0.96002
174	0.959308
175	0.959307
176	0.959307
177	0.957569
178	0.957568
179	0.957567
180	0.958291
181	0.958293
182	0.958294
183	0.960383
184	0.960393
185	0.960402
186	0.961572
187	0.961577
188	0.961581
189	0.96082
190	0.960817
191	0.960814
192	0.957883
193	0.957878
194	0.957873
195	0.957563
196	0.957562
197	0.957562
198	0.958201
199	0.958201
200	0.9582
201	0.958243
202	0.958243
203	0.958243
204	0.957248
205	0.957249
206	0.95725
207	0.959337
208	0.959343
209	0.95935
210	0.962444
211	0.962447
212	0.962449
213	0.962745
214	0.962742
215	0.962739
216	0.958151
217	0.958145
218	0.958139
219	0.957651
220	0.957648
221	0.957646
222	0.958021
223	0.958019
224	0.958016
225	0.959371
226	0.959369
227	0.959366
228	0.959627
229	0.959626
230	0.959625
231	0.962554
232	0.96256
233	0.962566
234	0.964752
235	0.964755
236	0.964757
237	0.964039
238	0.964036
239	0.964033
240	0.9624
241	0.962394
242	0.962388
243	0.962743
244	0.96274
245	0.962738
246	0.964535
247	0.964534
248	0.964532
249	0.966413
250	0.966413
251	0.966413
252	0.967314
253	0.967314
254	0.967314
255	0.969256
256	0.969263
257	0.96927
258	0.970519
259	0.970524
260	0.970528
261	0.97107
262	0.971068
263	0.971067
264	0.971688
265	0.971684
266	0.97168
267	0.971054
268	0.971054
269	0.971053
270	0.971178
271	0.971178
272	0.971177
273	0.97114
274	0.971139
275	0.971138
276	0.969761
277	0.969761
278	0.96976
279	0.968075
280	0.968083
281	0.968091
282	0.967322
283	0.967326
284	0.967331
285	0.966194
286	0.966192
287	0.96619
288	0.963731
289	0.963724
290	0.963717
291	0.96175
292	0.961749
293	0.961747
294	0.958312
295	0.95831
296	0.958309
297	0.95671
298	0.956709
299	0.956708
300	0.95814
301	0.958141
302	0.958141
303	0.957435
304	0.957446
305	0.957456
306	0.958169
307	0.958175
308	0.958181
309	0.958649
310	0.958646
311	0.958643
312	0.951336
313	0.951327
314	0.951317
315	0.950124
316	0.950122
317	0.950119
318	0.950403
319	0.950401
320	0.950399
321	0.94999
322	0.949988
323	0.949987
324	0.951468
325	0.951466
326	0.951465
327	0.954576
328	0.954591
329	0.954607
330	0.958827
331	0.958834
332	0.95884
333	0.960583
334	0.960579
335	0.960576
336	0.958152
337	0.958143
338	0.958133
339	0.955994
340	0.955991
341	0.955988
342	0.956301
343	0.9563
344	0.956299
345	0.955115
346	0.955113
347	0.955112
348	0.954879
349	0.954878
350	0.954876
351	0.956841
352	0.956853
353	0.956866
354	0.960835
355	0.960841
356	0.960847
357	0.962023
358	0.962019
359	0.962015
360	0.960209
361	0.960202
362	0.960195
363	0.958621
364	0.958619
365	0.958617
366	0.958581
367	0.958579
368	0.958578
369	0.957811
370	0.95781
371	0.957809
372	0.957934
373	0.957933
374	0.957932
375	0.958143
376	0.958155
377	0.958166
378	0.958485
379	0.958491
380	0.958497
381	0.957911
382	0.957907
383	0.957904
384	0.956012
385	0.956004
386	0.955995
387	0.952607
388	0.952604
389	0.952601
390	0.950427
391	0.950424
392	0.950422
393	0.950243
394	0.950241
395	0.95024
396	0.952422
397	0.952421
398	0.95242
399	0.953285
400	0.9533
401	0.953314
402	0.955462
403	0.955469
404	0.955477
405	0.957546
406	0.957545
407	0.957544
408	0.954208
409	0.954201
410	0.954193
411	0.952413
412	0.952411
413	0.952409
414	0.953398
415	0.953398
416	0.953397
417	0.955156
418	0.955154
419	0.955153
420	0.956328
421	0.956328
422	0.956328
423	0.958232
424	0.958244
425	0.958255
426	0.960126
427	0.960132
428	0.960138
429	0.961851
430	0.961846
431	0.961842
432	0.960401
433	0.960392
434	0.960382
435	0.958607
436	0.958603
437	0.9586
438	0.957876
439	0.957873
440	0.957871
441	0.95676
442	0.956758
443	0.956756
444	0.955403
445	0.955403
446	0.955404
447	0.956436
448	0.956449
449	0.956461
450	0.958764
451	0.958769
452	0.958775
453	0.959292
454	0.959288
455	0.959283
456	0.956504
457	0.956494
458	0.956485
459	0.955194
460	0.955192
461	0.955189
462	0.953737
463	0.953735
464	0.953732
465	0.953118
466	0.953117
467	0.953115
468	0.954569
469	0.954568
470	0.954567
471	0.957366
472	0.957374
473	0.957382
474	0.960657
475	0.96066
476	0.960663
477	0.962062
478	0.962058
479	0.962054
480	0.960495
481	0.960488
482	0.960479
483	0.960949
484	0.960947
485	0.960945
486	0.961663
487	0.961662
488	0.96166
489	0.96243
490	0.962429
491	0.962427
492	0.964649
493	0.964649
494	0.964648
495	0.967621
496	0.967628
497	0.967636
498	0.969433
499	0.969436
500	0.96944
501	0.968971
502	0.968969
503	0.968966
504	0.968819
505	0.968813
506	0.968806
507	0.969786
508	0.969785
509	0.969783
510	0.969187
511	0.969185
512	0.969183
513	0.96782
514	0.967819
515	0.967818
516	0.967563
517	0.967563
518	0.967564
519	0.968085
520	0.968096
521	0.968105
522	0.967608
523	0.967613
524	0.967617
525	0.966566
526	0.966564
527	0.966562
528	0.965182
529	0.965174
530	0.965166
531	0.963842
532	0.96384
533	0.963837
534	0.962749
535	0.962747
536	0.962745
537	0.96249
538	0.96249
539	0.962489
540	0.962291
541	0.962292
542	0.962292
543	0.961213
544	0.961224
545	0.961236
546	0.960868
547	0.960875
548	0.960882
549	0.960193
550	0.960192
551	0.96019
552	0.958694
553	0.958686
554	0.958679
555	0.958614
556	0.958613
557	0.958611
558	0.958635
559	0.958634
560	0.958633
561	0.957546
562	0.957546
563	0.957546
564	0.956039
565	0.956039
566	0.95604
567	0.956843
568	0.956855
569	0.956867
570	0.958272
571	0.958276
572	0.958281
573	0.95935
574	0.959347
575	0.959344
576	0.956681
577	0.956673
578	0.956665
579	0.954713
580	0.95471
581	0.954708
582	0.953848
583	0.953846
584	0.953844
585	0.952196
586	0.952194
587	0.952192
588	0.950531
589	0.950531
590	0.950531
591	0.953848
592	0.953861
593	0.953873
594	0.9579
595	0.957904
596	0.957908
597	0.958913
598	0.958909
599	0.958905
600	0.955313
601	0.955303
602	0.955292
603	0.955085
604	0.955083
605	0.955081
606	0.954587
607	0.954584
608	0.954582
609	0.952144
610	0.952142
611	0.952139
612	0.953698
613	0.953698
614	0.953698
615	0.958376
616	0.958387
617	0.958398
618	0.962199
619	0.962204
620	0.962208
621	0.962916
622	0.962914
623	0.962911
624	0.963734
625	0.963726
626	0.963719
627	0.964897
628	0.964895
629	0.964893
630	0.965726
631	0.965725
632	0.965724
633	0.966293
634	0.966292
635	0.966292
636	0.96756
637	0.967561
638	0.967563
639	0.967832
640	0.967842
641	0.967852
642	0.967723
643	0.967729
644	0.967736
645	0.967162
646	0.967162
647	0.967161
648	0.96608
649	0.966074
650	0.966068
651	0.964311
652	0.964309
653	0.964308
654	0.962484
655	0.962483
656	0.962482
657	0.961554
658	0.961553
659	0.961552
660	0.960096
661	0.960097
662	0.960098
663	0.960141
664	0.960153
665	0.960165
666	0.96162
667	0.961627
668	0.961634
669	0.961459
670	0.961458
671	0.961458
672	0.958734
673	0.958727
674	0.95872
675	0.958381
676	0.95838
677	0.95838
678	0.957973
679	0.957972
680	0.957972
681	0.95797
682	0.957969
683	0.957968
684	0.957168
685	0.957169
686	0.957169
687	0.958979
688	0.95899
689	0.959
690	0.960569
691	0.960574
692	0.960579
693	0.95987
694	0.959867
695	0.959865
696	0.958455
697	0.958447
698	0.958438
699	0.956644
700	0.956642
701	0.956639
702	0.95706
703	0.957056
704	0.957053
705	0.955561
706	0.955558
707	0.955555
708	0.95411
709	0.954109
710	0.954108
711	0.955676
712	0.95569
713	0.955704
714	0.959517
715	0.959523
716	0.959529
717	0.961211
718	0.961207
719	0.961204
720	0.958777
721	0.958766
722	0.958753
723	0.959274
724	0.95927
725	0.959266
726	0.958604
727	0.958601
728	0.958599
729	0.955966
730	0.955963
731	0.955961
732	0.95612
733	0.95612
734	0.956119
735	0.958052
736	0.958066
737	0.95808
738	0.960142
739	0.960147
740	0.960153
741	0.959841
742	0.959839
743	0.959838
744	0.956806
745	0.956797
746	0.956787
747	0.955093
748	0.95509
749	0.955088
750	0.956211
751	0.956208
752	0.956205
753	0.957416
754	0.957415
755	0.957414
756	0.959768
757	0.95977
758	0.959772
759	0.964086
760	0.964099
761	0.964111
762	0.966893
763	0.9669
764	0.966906
765	0.96726
766	0.967259
767	0.967258
768	0.964052
769	0.964046
770	0.964039
771	0.961982
772	0.961981
773	0.961979
774	0.959996
775	0.959995
776	0.959994
777	0.957715
778	0.957715
779	0.957715
780	0.954394
781	0.954395
782	0.954396
783	0.95533
784	0.955342
785	0.955353
786	0.960051
787	0.960056
788	0.960062
789	0.961868
790	0.961868
791	0.961867
792	0.959621
793	0.959613
794	0.959605
795	0.958591
796	0.958589
797	0.958587
798	0.957738
799	0.957736
800	0.957734
801	0.955864
802	0.955862
803	0.955861
804	0.95631
805	0.95631
806	0.95631
807	0.959096
808	0.959106
809	0.959117
810	0.962396
811	0.9624
812	0.962405
813	0.961684
814	0.961683
815	0.961681
816	0.960222
817	0.960214
818	0.960206
819	0.961999
820	0.961996
821	0.961993
822	0.962035
823	0.962032
824	0.96203
825	0.962114
826	0.962113
827	0.962112
828	0.961983
829	0.961984
830	0.961985
831	0.964378
832	0.964388
833	0.964398
834	0.965714
835	0.96572
836	0.965726
837	0.965327
838	0.965327
839	0.965327
840	0.96175
841	0.961743
842	0.961736
843	0.959391
844	0.959389
845	0.959386
846	0.957404
847	0.957402
848	0.957399
849	0.955916
850	0.955913
851	0.955909
852	0.952946
853	0.952944
854	0.952942
855	0.955898
856	0.95591
857	0.955922
858	0.96233
859	0.962336
860	0.962341
861	0.96428
862	0.964278
863	0.964276
864	0.961784
865	0.961774
866	0.961763
867	0.962269
868	0.962265
869	0.962262
870	0.961567
871	0.961564
872	0.961561
873	0.959872
874	0.95987
875	0.959867
876	0.959795
877	0.959795
878	0.959795
879	0.963632
880	0.963642
881	0.963652
882	0.965967
883	0.965971
884	0.965975
885	0.966343
886	0.966342
887	0.966341
888	0.964013
889	0.964006
890	0.963998
891	0.96329
892	0.963289
893	0.963288
894	0.963053
895	0.963052
896	0.963051
897	0.963102
898	0.963101
899	0.963101
900	0.962977
901	0.962978
902	0.962979
903	0.962951
904	0.962962
905	0.962972
906	0.962844
907	0.962848
908	0.962853
909	0.962491
910	0.96249
911	0.96249
912	0.959145
913	0.959138
914	0.959131
915	0.955632
916	0.95563
917	0.955628
918	0.954604
919	0.954602
920	0.9546
921	0.953481
922	0.953479
923	0.953478
924	0.953114
925	0.953114
926	0.953114
927	0.954252
928	0.954263
929	0.954275
930	0.958347
931	0.958352
932	0.958357
933	0.959876
934	0.959874
935	0.959872
936	0.956908
937	0.956897
938	0.956886
939	0.955352
940	0.955347
941	0.955342
942	0.955463
943	0.955459
944	0.955456
945	0.954658
946	0.954655
947	0.954652
948	0.956714
949	0.956713
950	0.956712
951	0.961682
952	0.961692
953	0.961702
954	0.965822
955	0.965826
956	0.965831
957	0.967145
958	0.967143
959	0.967142
960	0.966654
961	0.966645
962	0.966636
963	0.966813
964	0.966809
965	0.966806
966	0.967051
967	0.967048
968	0.967046
969	0.966996
970	0.966995
971	0.966993
972	0.965939
973	0.965939
974	0.965938
975	0.969012
976	0.969021
977	0.96903
978	0.970823
979	0.970827
980	0.970831
981	0.9704
982	0.970398
983	0.970396
984	0.968849
985	0.968841
986	0.968833
987	0.967502
988	0.967499
989	0.967497
990	0.966613
991	0.966611
992	0.966609
993	0.965589
994	0.965588
995	0.965586
996	0.964592
997	0.964593
998	0.964593
999	0.965034
1000	0.965043
1001	0.965051
1002	0.965057
1003	0.965061
1004	0.965065
1005	0.964526
1006	0.964525
1007	0.964524
1008	0.962418
1009	0.962409
1010	0.962401
1011	0.96085
1012	0.960848
1013	0.960846
1014	0.9596
1015	0.959598
1016	0.959597
1017	0.957275
1018	0.957273
1019	0.957271
1020	0.957763
1021	0.957764
1022	0.957764
1023	0.958114
1024	0.958124
1025	0.958133
1026	0.96037
1027	0.960376
1028	0.960381
1029	0.961152
1030	0.961152
1031	0.961151
1032	0.959171
1033	0.959163
1034	0.959156
1035	0.958106
1036	0.958105
1037	0.958104
1038	0.959318
1039	0.959319
1040	0.959319
1041	0.960008
1042	0.960008
1043	0.960009
1044	0.960729
1045	0.960731
1046	0.960732
1047	0.963003
1048	0.963014
1049	0.963024
1050	0.965317
1051	0.965323
1052	0.965329
1053	0.965304
1054	0.965304
1055	0.965303
1056	0.961944
1057	0.961938
1058	0.961931
1059	0.960684
1060	0.960683
1061	0.960681
1062	0.959818
1063	0.959817
1064	0.959817
1065	0.959615
1066	0.959614
1067	0.959613
1068	0.960191
1069	0.960194
1070	0.960196
1071	0.963578
1072	0.963586
1073	0.963593
1074	0.966778
1075	0.966781
1076	0.966783
1077	0.967583
1078	0.967581
1079	0.967579
1080	0.965495
1081	0.965488
1082	0.965481
1083	0.963889
1084	0.963886
1085	0.963884
1086	0.964089
1087	0.964087
1088	0.964084
1089	0.964564
1090	0.964561
1091	0.964559
1092	0.965824
1093	0.965823
1094	0.965822
1095	0.970655
1096	0.970661
1097	0.970667
1098	0.972543
1099	0.972545
1100	0.972548
1101	0.972574
1102	0.972573
1103	0.972572
1104	0.971548
1105	0.971542
1106	0.971536
1107	0.970957
1108	0.970956
1109	0.970955
1110	0.970433
1111	0.970432
1112	0.970431
1113	0.970292
1114	0.970292
1115	0.970291
1116	0.970557
1117	0.970559
1118	0.970561
1119	0.971069
1120	0.971077
1121	0.971085
1122	0.970611
1123	0.970614
1124	0.970617
1125	0.968624
1126	0.968623
1127	0.968622
1128	0.966527
1129	0.966521
1130	0.966514
1131	0.964554
1132	0.964552
1133	0.96455
1134	0.964235
1135	0.964233
1136	0.964232
1137	0.964148
1138	0.964147
1139	0.964146
1140	0.964874
1141	0.964875
1142	0.964876
1143	0.967861
1144	0.967872
1145	0.967883
1146	0.968499
1147	0.968505
1148	0.96851
1149	0.967874
1150	0.967874
1151	0.967874
1152	0.963868
1153	0.96386
1154	0.963852
1155	0.961149
1156	0.961147
1157	0.961144
1158	0.959476
1159	0.959473
1160	0.95947
1161	0.958355
1162	0.958352
1163	0.958349
1164	0.95719
1165	0.957188
1166	0.957186
1167	0.961668
1168	0.961676
1169	0.961683
1170	0.966364
1171	0.966367
1172	0.966369
1173	0.967868
1174	0.967865
1175	0.967863
1176	0.96525
1177	0.965242
1178	0.965232
1179	0.963666
1180	0.963662
1181	0.963659
1182	0.964731
1183	0.964728
1184	0.964725
1185	0.965886
1186	0.965884
1187	0.965882
1188	0.968011
1189	0.968011
1190	0.96801
1191	0.97118
1192	0.971185
1193	0.97119
1194	0.972684
1195	0.972686
1196	0.972688
1197	0.971874
1198	0.971873
1199	0.971871
1200	0.97072
1201	0.970714
1202	0.970708
1203	0.969044
1204	0.969042
1205	0.96904
1206	0.969389
1207	0.969387
1208	0.969386
1209	0.970213
1210	0.970212
1211	0.970212
1212	0.97078
1213	0.97078
1214	0.97078
1215	0.973931
1216	0.973937
1217	0.973944
1218	0.975344
1219	0.975348
1220	0.975351
1221	0.974945
1222	0.974945
1223	0.974944
1224	0.973607
1225	0.973602
1226	0.973597
1227	0.973138
1228	0.973137
1229	0.973135
1230	0.973086
1231	0.973084
1232	0.973083
1233	0.9731
1234	0.9731
1235	0.973099
1236	0.971594
1237	0.971596
1238	0.971598
1239	0.972978
1240	0.972986
1241	0.972994
1242	0.972703
1243	0.972707
1244	0.972712
1245	0.97121
1246	0.97121
1247	0.971209
1248	0.968095
1249	0.968089
1250	0.968082
1251	0.966293
1252	0.966292
1253	0.96629
1254	0.966102
1255	0.966101
1256	0.966099
1257	0.965836
1258	0.965835
1259	0.965834
1260	0.966728
1261	0.966729
1262	0.96673
1263	0.968974
1264	0.968982
1265	0.96899
1266	0.971175
1267	0.971178
1268	0.971182
1269	0.970271
1270	0.970269
1271	0.970267
1272	0.967819
1273	0.967812
1274	0.967804
1275	0.968587
1276	0.968585
1277	0.968582
1278	0.969876
1279	0.969874
1280	0.969872
1281	0.970227
1282	0.970226
1283	0.970225
1284	0.971842
1285	0.971844
1286	0.971845
1287	0.973555
1288	0.973563
1289	0.973572
1290	0.97377
1291	0.973774
1292	0.973778
1293	0.973934
1294	0.973933
1295	0.973932
1296	0.97205
1297	0.972044
1298	0.972039
1299	0.970623
1300	0.970621
1301	0.970619
1302	0.970444
1303	0.970443
1304	0.970442
1305	0.970989
1306	0.970988
1307	0.970987
1308	0.971488
1309	0.971489
1310	0.97149
1311	0.97366
1312	0.973668
1313	0.973675
1314	0.973642
1315	0.973647
1316	0.973651
1317	0.972929
1318	0.972928
1319	0.972927
1320	0.971581
1321	0.971575
1322	0.971568
1323	0.970557
1324	0.970556
1325	0.970554
1326	0.970068
1327	0.970067
1328	0.970067
1329	0.969296
1330	0.969295
1331	0.969294
1332	0.968086
1333	0.968088
1334	0.96809
1335	0.968127
1336	0.968136
1337	0.968144
1338	0.967189
1339	0.967193
1340	0.967197
1341	0.966153
1342	0.966153
1343	0.966152
1344	0.963434
1345	0.963427
1346	0.963419
1347	0.960986
1348	0.960984
1349	0.960982
1350	0.959406
1351	0.959403
1352	0.959401
1353	0.958566
1354	0.958564
1355	0.958562
1356	0.958403
1357	0.958405
1358	0.958406
1359	0.959778
1360	0.95979
1361	0.959802
1362	0.960951
1363	0.960955
1364	0.960959
1365	0.960775
1366	0.960774
1367	0.960772
1368	0.956783
1369	0.956773
1370	0.956762
1371	0.955558
1372	0.955555
1373	0.955552
1374	0.955025
1375	0.955023
1376	0.955021
1377	0.955356
1378	0.955355
1379	0.955353
1380	0.956306
1381	0.956309
1382	0.956312
1383	0.962953
1384	0.962962
1385	0.962971
1386	0.967366
1387	0.96737
1388	0.967374
1389	0.968539
1390	0.968538
1391	0.968537
1392	0.966007
1393	0.965999
1394	0.965992
1395	0.96537
1396	0.965368
1397	0.965366
1398	0.965627
1399	0.965626
1400	0.965625
1401	0.966348
1402	0.966347
1403	0.966345
1404	0.968263
1405	0.968265
1406	0.968266
1407	0.971729
1408	0.971738
1409	0.971746
1410	0.973571
1411	0.973574
1412	0.973578
1413	0.973688
1414	0.973688
1415	0.973688
1416	0.97223
1417	0.972224
1418	0.972218
1419	0.971485
1420	0.971484
1421	0.971483
1422	0.970963
1423	0.970962
1424	0.970961
1425	0.971
1426	0.971
1427	0.970999
1428	0.970041
1429	0.970044
1430	0.970046
1431	0.969456
1432	0.969465
1433	0.969474
1434	0.968953
1435	0.968958
1436	0.968962
1437	0.966982
1438	0.966981
1439	0.96698
1440	0.961976
1441	0.961969
1442	0.961961
1443	0.957368
1444	0.957365
1445	0.957362
1446	0.955352
1447	0.955349
1448	0.955345
1449	0.955061
1450	0.95506
1451	0.955058
1452	0.955182
1453	0.955184
1454	0.955186
1455	0.958487
1456	0.958499
1457	0.958511
1458	0.961541
1459	0.961545
1460	0.96155
1461	0.962439
1462	0.962438
1463	0.962438
1464	0.958481
1465	0.958469
1466	0.958458
1467	0.957747
1468	0.957743
1469	0.957739
1470	0.957112
1471	0.95711
1472	0.957108
1473	0.957072
1474	0.95707
1475	0.957067
1476	0.958322
1477	0.958324
1478	0.958326
1479	0.962491
1480	0.962504
1481	0.962517
1482	0.965482
1483	0.965486
1484	0.965489
1485	0.966095
1486	0.966093
1487	0.966092
1488	0.961802
1489	0.961791
1490	0.961778
1491	0.962223
1492	0.96222
1493	0.962217
1494	0.962437
1495	0.962435
1496	0.962432
1497	0.96262
1498	0.962618
1499	0.962615
1500	0.964436
1501	0.964438
1502	0.96444
1503	0.967557
1504	0.967566
1505	0.967575
1506	0.969973
1507	0.969977
1508	0.96998
1509	0.969718
1510	0.969717
1511	0.969715
1512	0.968928
1513	0.968919
1514	0.96891
1515	0.968459
1516	0.968455
1517	0.968452
1518	0.967115
1519	0.967113
1520	0.967111
1521	0.965776
1522	0.965774
1523	0.965772
1524	0.967586
1525	0.967588
1526	0.967591
1527	0.970479
1528	0.970488
1529	0.970498
1530	0.971381
1531	0.971385
1532	0.971389
1533	0.970375
1534	0.970374
1535	0.970373
1536	0.968373
1537	0.968364
1538	0.968356
1539	0.966236
1540	0.966233
1541	0.96623
1542	0.9654
1543	0.965398
1544	0.965395
1545	0.964719
1546	0.964717
1547	0.964716
1548	0.964801
1549	0.964805
1550	0.964808
1551	0.964256
1552	0.964267
1553	0.964278
1554	0.964973
1555	0.964978
1556	0.964983
1557	0.963613
1558	0.963613
1559	0.963613
1560	0.960682
1561	0.960671
1562	0.96066
1563	0.958876
1564	0.958872
1565	0.958869
1566	0.957037
1567	0.957035
1568	0.957033
1569	0.956474
1570	0.956472
1571	0.95647
1572	0.957757
1573	0.957761
1574	0.957765
1575	0.959822
1576	0.959837
1577	0.959852
1578	0.961125
1579	0.961132
1580	0.961139
1581	0.962849
1582	0.962849
1583	0.962849
1584	0.96285
1585	0.962838
1586	0.962827
1587	0.962936
1588	0.962933
1589	0.96293
1590	0.9634
1591	0.963399
1592	0.963397
1593	0.962278
1594	0.962277
1595	0.962276
1596	0.963284
1597	0.96329
1598	0.963296
1599	0.965058
1600	0.965072
1601	0.965085
1602	0.966595
1603	0.966601
1604	0.966608
1605	0.966197
1606	0.966197
1607	0.966197
1608	0.963779
1609	0.96377
1610	0.96376
1611	0.962684
1612	0.962681
1613	0.962679
1614	0.962028
1615	0.962025
1616	0.962023
1617	0.960638
1618	0.960636
1619	0.960633
1620	0.961199
1621	0.961201
1622	0.961203
1623	0.964511
1624	0.964521
1625	0.96453
1626	0.967097
1627	0.967101
1628	0.967106
1629	0.96645
1630	0.966449
1631	0.966447
1632	0.96209
1633	0.962081
1634	0.962071
1635	0.960611
1636	0.960607
1637	0.960604
1638	0.95983
1639	0.959827
1640	0.959825
1641	0.95908
1642	0.959078
1643	0.959076
1644	0.961213
1645	0.961216
1646	0.961219
1647	0.965084
1648	0.965094
1649	0.965105
1650	0.966492
1651	0.966496
1652	0.966499
1653	0.966294
1654	0.966293
1655	0.966292
1656	0.964868
1657	0.96486
1658	0.964851
1659	0.965342
1660	0.965339
1661	0.965336
1662	0.965545
1663	0.965542
1664	0.96554
1665	0.965656
1666	0.965654
1667	0.965652
1668	0.965889
1669	0.965893
1670	0.965897
1671	0.967284
1672	0.967294
1673	0.967304
1674	0.967199
1675	0.967204
1676	0.967209
1677	0.965758
1678	0.965758
1679	0.965758
1680	0.962879
1681	0.96287
1682	0.962862
1683	0.960326
1684	0.960323
1685	0.960319
1686	0.957795
1687	0.957792
1688	0.95779
1689	0.956942
1690	0.95694
1691	0.956938
1692	0.957345
1693	0.957348
1694	0.957352
1695	0.958113
1696	0.958126
1697	0.958139
1698	0.961407
1699	0.961413
1700	0.961418
1701	0.96311
1702	0.96311
1703	0.963108
1704	0.959441
1705	0.959432
1706	0.959421
1707	0.958497
1708	0.958494
1709	0.958491
1710	0.958609
1711	0.958607
1712	0.958604
1713	0.958713
1714	0.958711
1715	0.95871
1716	0.960431
1717	0.960436
1718	0.96044
1719	0.962445
1720	0.962457
1721	0.962469
1722	0.96429
1723	0.964296
1724	0.964301
1725	0.964995
1726	0.964993
1727	0.964992
1728	0.961902
1729	0.961892
1730	0.961881
1731	0.959747
1732	0.959744
1733	0.959741
1734	0.960306
1735	0.960303
1736	0.9603
1737	0.961128
1738	0.961127
1739	0.961125
1740	0.960814
1741	0.960818
1742	0.960822
1743	0.963257
1744	0.963266
1745	0.963276
1746	0.966363
1747	0.966366
1748	0.966369
1749	0.966621
1750	0.966619
1751	0.966616
1752	0.962073
1753	0.962063
1754	0.962051
1755	0.960677
1756	0.960672
1757	0.960667
1758	0.960634
1759	0.960629
1760	0.960625
1761	0.96128
1762	0.961278
1763	0.961276
1764	0.962751
1765	0.962754
1766	0.962757
1767	0.96694
1768	0.966948
1769	0.966956
1770	0.970257
1771	0.970259
1772	0.970262
1773	0.970436
1774	0.970434
1775	0.970432
1776	0.96763
1777	0.967621
1778	0.967612
1779	0.966617
1780	0.966613
1781	0.966609
1782	0.966145
1783	0.966142
1784	0.966139
1785	0.964862
1786	0.96486
1787	0.964858
1788	0.965904
1789	0.965908
1790	0.965912
1791	0.967914
1792	0.967923
1793	0.967931
1794	0.968935
1795	0.968939
1796	0.968942
1797	0.968338
1798	0.968337
1799	0.968336
1800	0.966051
1801	0.966042
1802	0.966032
1803	0.96444
1804	0.964437
1805	0.964433
1806	0.963396
1807	0.963394
1808	0.963392
1809	0.961965
1810	0.961963
1811	0.961962
1812	0.961738
1813	0.961742
1814	0.961747
1815	0.966491
1816	0.9665
1817	0.966508
1818	0.968616
1819	0.968619
1820	0.968622
1821	0.968704
1822	0.968703
1823	0.968701
1824	0.965091
1825	0.965083
1826	0.965075
1827	0.963639
1828	0.963636
1829	0.963634
1830	0.963706
1831	0.963704
1832	0.963701
1833	0.963433
1834	0.963431
1835	0.963429
1836	0.964946
1837	0.96495
1838	0.964953
1839	0.968267
1840	0.968275
1841	0.968282
1842	0.969516
1843	0.969519
1844	0.969523
1845	0.969084
1846	0.969082
1847	0.969081
1848	0.968073
1849	0.968065
1850	0.968058
1851	0.967304
1852	0.967302
1853	0.9673
1854	0.96697
1855	0.966968
1856	0.966966
1857	0.965943
1858	0.965942
1859	0.96594
1860	0.967024
1861	0.967027
1862	0.967031
1863	0.969151
1864	0.969159
1865	0.969167
1866	0.969269
1867	0.969272
1868	0.969276
1869	0.968474
1870	0.968473
1871	0.968472
1872	0.965553
1873	0.965545
1874	0.965536
1875	0.96444
1876	0.964437
1877	0.964435
1878	0.963613
1879	0.963611
1880	0.963609
1881	0.962686
1882	0.962685
1883	0.962684
1884	0.961257
1885	0.961262
1886	0.961267
1887	0.963107
1888	0.963118
1889	0.963129
1890	0.964841
1891	0.964846
1892	0.96485
1893	0.964965
1894	0.964965
1895	0.964964
1896	0.96208
1897	0.962072
1898	0.962064
1899	0.959877
1900	0.959875
1901	0.959872
1902	0.960036
1903	0.960035
1904	0.960033
1905	0.958146
1906	0.958145
1907	0.958144
1908	0.956581
1909	0.956587
1910	0.956594
1911	0.959195
1912	0.959207
1913	0.95922
1914	0.964446
1915	0.964452
1916	0.964458
1917	0.96572
1918	0.965719
1919	0.965718
1920	0.961152
1921	0.961143
1922	0.961135
1923	0.959133
1924	0.959131
1925	0.95913
1926	0.959861
1927	0.95986
1928	0.959859
1929	0.960272
1930	0.960272
1931	0.960272
1932	0.961524
1933	0.961529
1934	0.961534
1935	0.966114
1936	0.966122
1937	0.966131
1938	0.969396
1939	0.9694
1940	0.969404
1941	0.970181
1942	0.970179
1943	0.970178
1944	0.968366
1945	0.968357
1946	0.968348
1947	0.966871
1948	0.966866
1949	0.966862
1950	0.967392
1951	0.967387
1952	0.967382
1953	0.967434
1954	0.967431
1955	0.967427
1956	0.967404
1957	0.967407
1958	0.967409
1959	0.971443
1960	0.97145
1961	0.971457
1962	0.973777
1963	0.97378
1964	0.973783
1965	0.972995
1966	0.972994
1967	0.972993
1968	0.970433
1969	0.970424
1970	0.970415
1971	0.968716
1972	0.968713
1973	0.968709
1974	0.967644
1975	0.967641
1976	0.967639
1977	0.96702
1978	0.967018
1979	0.967016
1980	0.966331
1981	0.966336
1982	0.96634
1983	0.969524
1984	0.969532
1985	0.969539
1986	0.971434
1987	0.971437
1988	0.97144
1989	0.970971
1990	0.970969
1991	0.970968
1992	0.968842
1993	0.968834
1994	0.968825
1995	0.966821
1996	0.966818
1997	0.966815
1998	0.966358
1999	0.966355
2000	0.966353
2001	0.965216
2002	0.965214
2003	0.965212
2004	0.964891
2005	0.964896
2006	0.9649
2007	0.968178
2008	0.968185
2009	0.968193
2010	0.97061
2011	0.970613
2012	0.970616
2013	0.97073
2014	0.970728
2015	0.970727
2016	0.967201
2017	0.967193
2018	0.967185
2019	0.965017
2020	0.965014
2021	0.965011
2022	0.964145
2023	0.964143
2024	0.96414
2025	0.96428
2026	0.964279
2027	0.964277
2028	0.967532
2029	0.967536
2030	0.967541
2031	0.971858
2032	0.971865
2033	0.971872
2034	0.974163
2035	0.974167
2036	0.97417
2037	0.974109
2038	0.974108
2039	0.974107
2040	0.972461
2041	0.972456
2042	0.97245
2043	0.972064
2044	0.972062
2045	0.972061
2046	0.972545
2047	0.972544
2048	0.972542
2049	0.973217
2050	0.973217
2051	0.973216
2052	0.973778
2053	0.973782
2054	0.973786
2055	0.975403
2056	0.97541
2057	0.975417
2058	0.975769
2059	0.975772
2060	0.975776
2061	0.974915
2062	0.974914
2063	0.974914
2064	0.97262
2065	0.972613
2066	0.972607
2067	0.97237
2068	0.972367
2069	0.972365
2070	0.97247
2071	0.972468
2072	0.972465
2073	0.972027
2074	0.972025
2075	0.972024
2076	0.971581
2077	0.971585
2078	0.971589
2079	0.972763
2080	0.972771
2081	0.972779
2082	0.974137
2083	0.97414
2084	0.974143
2085	0.97384
2086	0.973839
2087	0.973838
2088	0.971562
2089	0.971554
2090	0.971546
2091	0.970767
2092	0.970764
2093	0.970761
2094	0.970463
2095	0.970461
2096	0.970458
2097	0.969048
2098	0.969046
2099	0.969045
2100	0.970047
2101	0.970053
2102	0.970058
2103	0.971009
2104	0.971018
2105	0.971026
2106	0.971172
2107	0.971176
2108	0.97118
2109	0.970257
2110	0.970257
2111	0.970256
2112	0.968093
2113	0.968085
2114	0.968077
2115	0.967763
2116	0.967761
2117	0.967759
2118	0.967276
2119	0.967274
2120	0.967273
2121	0.964457
2122	0.964456
2123	0.964455
2124	0.963286
2125	0.963292
2126	0.963297
2127	0.964022
2128	0.964031
2129	0.96404
2130	0.964991
2131	0.964995
2132	0.964999
2133	0.964077
2134	0.964076
2135	0.964075
2136	0.960371
2137	0.960361
2138	0.960351
2139	0.958428
2140	0.958423
2141	0.958418
2142	0.958808
2143	0.958803
2144	0.958798
2145	0.959012
2146	0.959009
2147	0.959005
2148	0.962058
2149	0.962065
2150	0.962071
2151	0.967492
2152	0.967503
2153	0.967513
2154	0.970269
2155	0.970274
2156	0.970279
2157	0.971611
2158	0.97161
2159	0.97161
2160	0.969189
2161	0.969179
2162	0.969168
2163	0.967228
2164	0.967223
2165	0.967219
2166	0.965049
2167	0.965047
2168	0.965044
2169	0.963095
2170	0.963093
2171	0.963091
2172	0.962641
2173	0.962647
2174	0.962653
2175	0.966032
2176	0.966041
2177	0.966051
2178	0.968792
2179	0.968796
2180	0.9688
2181	0.969581
2182	0.96958
2183	0.969579
2184	0.96617
2185	0.96616
2186	0.966149
2187	0.964133
2188	0.96413
2189	0.964127
2190	0.962884
2191	0.96288
2192	0.962877
2193	0.961692
2194	0.961689
2195	0.961686
2196	0.962797
2197	0.9628
2198	0.962803
2199	0.966083
2200	0.966091
2201	0.966098
2202	0.969356
2203	0.969359
2204	0.969362
2205	0.970366
2206	0.970365
2207	0.970364
2208	0.967892
2209	0.967883
2210	0.967873
2211	0.9677
2212	0.967697
2213	0.967693
2214	0.968624
2215	0.968621
2216	0.968618
2217	0.968707
2218	0.968705
2219	0.968703
2220	0.970973
2221	0.970977
2222	0.97098
2223	0.973727
2224	0.973734
2225	0.973742
2226	0.973379
2227	0.973384
2228	0.973389
2229	0.972542
2230	0.972542
2231	0.972542
2232	0.969214
2233	0.969206
2234	0.969197
2235	0.966161
2236	0.966158
2237	0.966156
2238	0.963974
2239	0.963972
2240	0.963971
2241	0.962289
2242	0.962287
2243	0.962286
2244	0.96192
2245	0.961926
2246	0.961933
2247	0.961792
2248	0.961803
2249	0.961813
2250	0.961928
2251	0.961932
2252	0.961937
2253	0.961605
2254	0.961604
2255	0.961604
2256	0.960328
2257	0.960319
2258	0.96031
2259	0.961272
2260	0.961268
2261	0.961264
2262	0.962214
2263	0.962211
2264	0.962209
2265	0.962831
2266	0.962829
2267	0.962826
2268	0.964341
2269	0.964349
2270	0.964357
2271	0.967181
2272	0.967192
2273	0.967203
2274	0.969202
2275	0.969207
2276	0.969211
2277	0.969384
2278	0.969383
2279	0.969382
2280	0.966714
2281	0.966705
2282	0.966696
2283	0.966222
2284	0.966217
2285	0.966213
2286	0.966193
2287	0.96619
2288	0.966187
2289	0.965817
2290	0.965815
2291	0.965812
2292	0.966602
2293	0.966608
2294	0.966613
2295	0.968902
2296	0.968911
2297	0.968919
2298	0.971262
2299	0.971266
2300	0.97127
2301	0.971541
2302	0.971541
2303	0.971541
2304	0.96984
2305	0.969834
2306	0.969827
2307	0.967899
2308	0.967897
2309	0.967895
2310	0.965877
2311	0.965876
2312	0.965875
2313	0.964218
2314	0.964217
2315	0.964216
2316	0.964298
2317	0.964303
2318	0.964308
2319	0.965876
2320	0.965883
2321	0.96589
2322	0.966635
2323	0.966639
2324	0.966644
2325	0.965268
2326	0.965268
2327	0.965268
2328	0.961474
2329	0.961465
2330	0.961455
2331	0.959017
2332	0.959013
2333	0.959009
2334	0.958024
2335	0.95802
2336	0.958016
2337	0.956467
2338	0.956465
2339	0.956462
2340	0.957761
2341	0.957766
2342	0.957771
2343	0.961694
2344	0.961701
2345	0.961708
2346	0.964707
2347	0.964711
2348	0.964715
2349	0.965444
2350	0.965443
2351	0.965442
2352	0.962831
2353	0.962822
2354	0.962813
2355	0.961356
2356	0.961353
2357	0.961349
2358	0.960903
2359	0.9609
2360	0.960896
2361	0.960886
2362	0.960884
2363	0.960882
2364	0.962577
2365	0.962584
2366	0.962591
2367	0.964834
2368	0.964843
2369	0.964852
2370	0.966785
2371	0.96679
2372	0.966795
2373	0.965752
2374	0.965752
2375	0.965752
2376	0.962775
2377	0.962766
2378	0.962757
2379	0.959974
2380	0.95997
2381	0.959966
2382	0.958564
2383	0.958561
2384	0.958559
2385	0.957529
2386	0.957528
2387	0.957526
2388	0.957871
2389	0.957879
2390	0.957887
2391	0.9609
2392	0.96091
2393	0.960921
2394	0.964274
2395	0.96428
2396	0.964285
2397	0.965697
2398	0.965697
2399	0.965696
2400	0.962567
2401	0.962556
2402	0.962544
2403	0.960524
2404	0.960519
2405	0.960514
2406	0.960969
2407	0.960964
2408	0.96096
2409	0.961337
2410	0.961335
2411	0.961332
2412	0.962293
2413	0.9623
2414	0.962308
2415	0.966426
2416	0.966436
2417	0.966446
2418	0.969334
2419	0.969338
2420	0.969341
2421	0.969404
2422	0.969403
2423	0.969402
2424	0.966197
2425	0.966186
2426	0.966175
2427	0.96472
2428	0.964716
2429	0.964711
2430	0.964213
2431	0.964209
2432	0.964204
2433	0.962925
2434	0.962922
2435	0.962918
2436	0.96392
2437	0.963923
2438	0.963927
2439	0.968411
2440	0.968418
2441	0.968424
2442	0.9706
2443	0.970601
2444	0.970602
2445	0.970317
2446	0.970314
2447	0.970312
2448	0.966932
2449	0.966924
2450	0.966916
2451	0.96586
2452	0.965856
2453	0.965851
2454	0.967101
2455	0.967098
2456	0.967094
2457	0.967188
2458	0.967185
2459	0.967183
2460	0.968341
2461	0.968345
2462	0.96835
2463	0.972036
2464	0.972042
2465	0.972049
2466	0.973481
2467	0.973484
2468	0.973488
2469	0.972647
2470	0.972646
2471	0.972645
2472	0.969873
2473	0.969867
2474	0.969861
2475	0.969115
2476	0.969112
2477	0.96911
2478	0.968786
2479	0.968784
2480	0.968782
2481	0.967434
2482	0.967432
2483	0.96743
2484	0.967768
2485	0.967773
2486	0.967779
2487	0.96912
2488	0.969127
2489	0.969134
2490	0.970034
2491	0.970038
2492	0.970042
2493	0.970643
2494	0.970643
2495	0.970642
2496	0.968317
2497	0.96831
2498	0.968302
2499	0.966633
2500	0.96663
2501	0.966627
2502	0.965743
2503	0.965741
2504	0.965738
2505	0.965502
2506	0.965501
2507	0.965499
2508	0.966429
2509	0.966437
2510	0.966444
2511	0.967136
2512	0.967144
2513	0.967153
2514	0.967119
2515	0.967124
2516	0.967129
2517	0.966349
2518	0.966349
2519	0.966348
2520	0.964317
2521	0.964308
2522	0.964299
2523	0.962902
2524	0.962899
2525	0.962895
2526	0.961466
2527	0.961463
2528	0.961459
2529	0.960475
2530	0.960473
2531	0.960471
2532	0.962048
2533	0.962055
2534	0.962062
2535	0.964481
2536	0.964489
2537	0.964497
2538	0.966857
2539	0.96686
2540	0.966863
2541	0.966192
2542	0.96619
2543	0.966188
2544	0.963673
2545	0.963662
2546	0.963652
2547	0.961713
2548	0.961708
2549	0.961702
2550	0.960723
2551	0.960719
2552	0.960716
2553	0.961488
2554	0.961485
2555	0.961482
2556	0.965549
2557	0.965554
2558	0.965559
2559	0.968208
2560	0.968215
2561	0.968222
2562	0.969956
2563	0.969959
2564	0.969962
2565	0.969877
2566	0.969876
2567	0.969875
2568	0.967494
2569	0.967486
2570	0.967477
2571	0.966446
2572	0.966443
2573	0.966439
2574	0.966691
2575	0.966688
2576	0.966686
2577	0.966357
2578	0.966355
2579	0.966353
2580	0.967575
2581	0.967583
2582	0.967592
2583	0.969789
2584	0.969798
2585	0.969807
2586	0.970209
2587	0.970213
2588	0.970218
2589	0.969308
2590	0.969308
2591	0.969308
2592	0.966408
2593	0.966399
2594	0.966389
2595	0.96518
2596	0.965177
2597	0.965173
2598	0.961865
2599	0.961862
2600	0.961859
2601	0.959439
2602	0.959436
2603	0.959434
2604	0.960115
2605	0.960123
2606	0.960131
2607	0.962339
2608	0.962348
2609	0.962357
2610	0.965184
2611	0.965189
2612	0.965194
2613	0.965703
2614	0.965702
2615	0.965702
2616	0.96152
2617	0.96151
2618	0.9615
2619	0.959433
2620	0.959428
2621	0.959424
2622	0.959352
2623	0.959348
2624	0.959344
2625	0.958082
2626	0.95808
2627	0.958077
2628	0.959139
2629	0.959149
2630	0.959159
2631	0.964552
2632	0.964561
2633	0.964571
2634	0.967639
2635	0.967644
2636	0.967649
2637	0.967369
2638	0.967369
2639	0.967369
2640	0.962827
2641	0.962817
2642	0.962807
2643	0.96064
2644	0.960636
2645	0.960632
2646	0.960813
2647	0.96081
2648	0.960807
2649	0.960349
2650	0.960347
2651	0.960345
2652	0.962955
2653	0.962962
2654	0.962969
2655	0.966525
2656	0.966534
2657	0.966542
2658	0.968479
2659	0.968483
2660	0.968487
2661	0.968634
2662	0.968633
2663	0.968632
