0	0.949217
1	0.948881
2	0.947391
3	0.947158
4	0.94789
5	0.948482
6	0.948261
7	0.94876
8	0.949574
9	0.950782
10	0.952111
11	0.952694
12	0.953552
13	0.954533
14	0.955101
15	0.955128
16	0.955497
17	0.955935
18	0.956341
19	0.95579
20	0.954764
21	0.953642
22	0.95338
23	0.952827
24	0.952058
25	0.951686
26	0.951294
27	0.95061
28	0.950245
29	0.950073
30	0.950403
31	0.950488
32	0.950676
33	0.950853
34	0.951173
35	0.951527
36	0.951834
37	0.952156
38	0.952489
39	0.952827
40	0.95264
41	0.952828
42	0.952505
43	0.952475
44	0.951957
45	0.951932
46	0.951376
47	0.951143
48	0.950677
49	0.949916
50	0.949465
51	0.949204
52	0.949115
53	0.949074
54	0.948701
55	0.949069
56	0.949597
57	0.949999
58	0.949879
59	0.949765
60	0.94974
61	0.949985
62	0.950189
63	0.950088
64	0.949932
65	0.949895
66	0.950274
67	0.949894
68	0.949429
69	0.948614
70	0.948844
71	0.94887
72	0.948927
73	0.94879
74	0.949309
75	0.949983
76	0.950541
77	0.951844
78	0.953537
79	0.953829
80	0.95421
81	0.954309
82	0.955054
83	0.955636
84	0.95643
85	0.956228
86	0.956107
87	0.955506
88	0.95527
89	0.954951
90	0.954499
91	0.954076
92	0.953833
93	0.953793
94	0.953206
95	0.952895
96	0.952934
97	0.952815
98	0.95242
99	0.952121
100	0.952074
101	0.952318
102	0.952486
103	0.953048
104	0.953321
105	0.953505
106	0.954
107	0.954562
108	0.954912
109	0.955247
110	0.955417
111	0.955835
112	0.955731
113	0.95512
114	0.95388
115	0.954706
116	0.95466
117	0.953908
118	0.95349
119	0.952429
120	0.95154
121	0.949942
122	0.948679
123	0.948431
124	0.94849
125	0.948358
126	0.948606
127	0.948271
128	0.948596
129	0.948838
130	0.948205
131	0.948455
132	0.948179
133	0.948503
134	0.948607
135	0.949053
136	0.9488
137	0.947893
138	0.947034
139	0.947021
140	0.946846
141	0.946975
142	0.946833
143	0.947271
144	0.94727
145	0.946888
146	0.946379
147	0.94658
148	0.946791
149	0.947412
150	0.947176
151	0.947074
152	0.946614
153	0.946124
154	0.945558
155	0.945054
156	0.944639
157	0.944755
158	0.944933
159	0.94542
160	0.943548
161	0.943337
162	0.942115
163	0.942189
164	0.94373
165	0.944367
166	0.944617
167	0.944129
168	0.943887
169	0.943384
170	0.942611
171	0.943084
172	0.942683
173	0.942295
174	0.941047
175	0.941335
176	0.940957
177	0.940519
178	0.940338
179	0.939343
180	0.938688
181	0.937804
182	0.938834
183	0.939359
184	0.938301
185	0.938394
186	0.938895
187	0.937083
188	0.936602
189	0.935535
190	0.935239
191	0.934861
192	0.93506
193	0.936084
194	0.936702
195	0.936979
196	0.93762
197	0.938078
198	0.938457
199	0.938636
200	0.938269
201	0.937494
202	0.937258
203	0.936539
204	0.93625
205	0.937617
206	0.938875
207	0.939791
208	0.940368
209	0.940593
210	0.941689
211	0.943428
212	0.943775
213	0.944204
214	0.943903
215	0.943249
216	0.943135
217	0.943346
218	0.943977
219	0.943878
220	0.943892
221	0.945268
222	0.945124
223	0.94554
224	0.945504
225	0.945615
226	0.945516
227	0.944772
228	0.943968
229	0.942919
230	0.943034
231	0.943018
232	0.94533
233	0.947955
234	0.950508
235	0.952141
236	0.952675
237	0.953705
238	0.954244
239	0.954571
240	0.954779
241	0.953926
242	0.952743
243	0.951642
244	0.950952
245	0.950144
246	0.948383
247	0.947822
248	0.947108
249	0.945652
250	0.94648
251	0.947408
252	0.947269
253	0.948926
254	0.94889
255	0.950268
256	0.953651
257	0.956699
258	0.957787
259	0.956613
260	0.955167
261	0.955294
262	0.953733
263	0.952213
264	0.950801
265	0.950335
266	0.94891
267	0.946361
268	0.946267
269	0.94456
270	0.944022
271	0.944563
272	0.944846
273	0.945588
274	0.946019
275	0.94632
276	0.946915
277	0.948729
278	0.948721
279	0.948641
280	0.949686
281	0.950498
282	0.950147
283	0.950053
284	0.950311
285	0.947495
286	0.948544
287	0.949409
288	0.948625
289	0.948736
290	0.947189
291	0.944852
292	0.944567
293	0.944114
294	0.944641
295	0.947198
296	0.948338
297	0.949388
298	0.951823
299	0.952893
300	0.953278
301	0.95413
302	0.954805
303	0.954794
304	0.954911
305	0.954818
306	0.955337
307	0.955061
308	0.954899
309	0.953851
310	0.953528
311	0.953029
312	0.952335
313	0.952666
314	0.952122
315	0.951856
316	0.952682
317	0.952851
318	0.953044
319	0.953378
320	0.953856
321	0.953971
322	0.954838
323	0.95506
324	0.955206
325	0.955607
326	0.95547
327	0.955305
328	0.955239
329	0.954466
330	0.95322
331	0.952497
332	0.952333
333	0.951494
334	0.950568
335	0.950102
336	0.949158
337	0.948706
338	0.947637
339	0.947862
340	0.94784
341	0.94793
342	0.948072
343	0.948348
344	0.948826
345	0.948827
346	0.948987
347	0.948952
348	0.949165
349	0.949642
350	0.94987
351	0.950113
352	0.950168
353	0.949978
354	0.949429
355	0.949467
356	0.949578
357	0.949919
358	0.949005
359	0.948531
360	0.948482
361	0.947833
362	0.946396
363	0.945941
364	0.945946
365	0.946054
366	0.94648
367	0.94696
368	0.947586
369	0.948061
370	0.949199
371	0.950309
372	0.951668
373	0.951912
374	0.952826
375	0.953981
376	0.954086
377	0.953998
378	0.953459
379	0.953035
380	0.95305
381	0.952776
382	0.952042
383	0.951535
384	0.950882
385	0.95046
386	0.949776
387	0.94923
388	0.949283
389	0.950127
390	0.950367
391	0.950566
392	0.95084
393	0.951434
394	0.952252
395	0.952658
396	0.953474
397	0.953981
398	0.954099
399	0.954576
400	0.95452
401	0.954693
402	0.954939
403	0.954791
404	0.954636
405	0.954331
406	0.953689
407	0.953399
408	0.951924
409	0.951514
410	0.951376
411	0.950756
412	0.951785
413	0.952558
414	0.952911
415	0.954059
416	0.955093
417	0.956514
418	0.957041
419	0.957941
420	0.958749
421	0.959403
422	0.960005
423	0.960512
424	0.960695
425	0.960815
426	0.960716
427	0.960055
428	0.959169
429	0.957965
430	0.957754
431	0.957164
432	0.956295
433	0.956277
434	0.95623
435	0.955006
436	0.955187
437	0.954938
438	0.95462
439	0.954643
440	0.954106
441	0.952638
442	0.952854
443	0.952757
444	0.953078
445	0.953408
446	0.953202
447	0.953066
448	0.952421
449	0.952055
450	0.951465
451	0.951396
452	0.951427
453	0.950569
454	0.950098
455	0.949435
456	0.948223
457	0.946468
458	0.94502
459	0.944537
460	0.944606
461	0.944223
462	0.944203
463	0.944398
464	0.944429
465	0.944668
466	0.944384
467	0.944588
468	0.945441
469	0.945972
470	0.945878
471	0.945843
472	0.946182
473	0.947546
474	0.948547
475	0.949993
476	0.951085
477	0.952081
478	0.952216
479	0.951935
480	0.95174
481	0.951573
482	0.951485
483	0.950436
484	0.951143
485	0.95208
486	0.95239
487	0.95249
488	0.952699
489	0.952894
490	0.952783
491	0.953039
492	0.952454
493	0.954165
494	0.954528
495	0.954406
496	0.957526
497	0.95932
498	0.961074
499	0.961267
500	0.961254
501	0.96128
502	0.961009
503	0.960954
504	0.960785
505	0.960198
506	0.959787
507	0.959502
508	0.95837
509	0.956771
510	0.957299
511	0.95632
512	0.955836
513	0.955057
514	0.953909
515	0.952309
516	0.951584
517	0.952336
518	0.95214
519	0.952788
520	0.952969
521	0.955918
522	0.956764
523	0.957023
524	0.957595
525	0.958235
526	0.958155
527	0.958085
528	0.958152
529	0.957499
530	0.956912
531	0.956359
532	0.95608
533	0.956359
534	0.956885
535	0.957116
536	0.956744
537	0.955462
538	0.955631
539	0.955464
540	0.955446
541	0.955414
542	0.956524
543	0.957266
544	0.957666
545	0.957692
546	0.957475
547	0.957163
548	0.958112
549	0.959371
550	0.959532
551	0.959507
552	0.959352
553	0.960284
554	0.961343
555	0.961135
556	0.961678
557	0.961552
558	0.961493
559	0.96118
560	0.961091
561	0.961162
562	0.961427
563	0.961683
564	0.961814
565	0.962144
566	0.9627
567	0.963094
568	0.963226
569	0.963381
570	0.963502
571	0.963397
572	0.962934
573	0.962704
574	0.962358
575	0.962051
576	0.960914
577	0.960762
578	0.959772
579	0.959297
580	0.959612
581	0.960421
582	0.960513
583	0.96102
584	0.961251
585	0.961704
586	0.961917
587	0.962042
588	0.962463
589	0.962104
590	0.961902
591	0.961625
592	0.961443
593	0.960991
594	0.960754
595	0.960443
596	0.960049
597	0.959832
598	0.95924
599	0.95845
600	0.957119
601	0.957215
602	0.957177
603	0.956818
604	0.957541
605	0.958028
606	0.958341
607	0.958688
608	0.958628
609	0.958329
610	0.958306
611	0.957851
612	0.956552
613	0.956572
614	0.955668
615	0.954661
616	0.954243
617	0.954338
618	0.953964
619	0.954186
620	0.954736
621	0.954959
622	0.9539
623	0.953252
624	0.953234
625	0.952701
626	0.952106
627	0.951007
628	0.95201
629	0.952376
630	0.951649
631	0.951595
632	0.951249
633	0.951457
634	0.951912
635	0.952184
636	0.952196
637	0.952546
638	0.952865
639	0.952393
640	0.953064
641	0.95337
642	0.954634
643	0.954658
644	0.955303
645	0.954738
646	0.955545
647	0.954989
648	0.954483
649	0.95466
650	0.954154
651	0.952677
652	0.952393
653	0.951341
654	0.950564
655	0.950317
656	0.95124
657	0.951521
658	0.951495
659	0.951118
660	0.950732
661	0.95211
662	0.952939
663	0.952937
664	0.95303
665	0.95323
666	0.953203
667	0.952568
668	0.953081
669	0.952347
670	0.95219
671	0.951993
672	0.951303
673	0.950373
674	0.949655
675	0.94792
676	0.948553
677	0.948391
678	0.948251
679	0.94834
680	0.949441
681	0.95027
682	0.950835
683	0.951096
684	0.951655
685	0.952569
686	0.953145
687	0.954109
688	0.954687
689	0.954983
690	0.954664
691	0.955261
692	0.955482
693	0.956793
694	0.956757
695	0.956543
696	0.956369
697	0.956535
698	0.956829
699	0.957226
700	0.957427
701	0.957503
702	0.957482
703	0.957863
704	0.958478
705	0.958635
706	0.958785
707	0.95921
708	0.959852
709	0.960172
710	0.961034
711	0.961426
712	0.961327
713	0.961084
714	0.961299
715	0.961245
716	0.961156
717	0.961135
718	0.960835
719	0.960662
720	0.960622
721	0.960486
722	0.959959
723	0.959698
724	0.960021
725	0.960168
726	0.959985
727	0.959584
728	0.959544
729	0.959423
730	0.959426
731	0.959456
732	0.959019
733	0.958753
734	0.958514
735	0.957721
736	0.957111
737	0.956599
738	0.95579
739	0.955583
740	0.955808
741	0.955583
742	0.954559
743	0.953434
744	0.952818
745	0.95211
746	0.951259
747	0.948713
748	0.947234
749	0.946128
750	0.944916
751	0.945166
752	0.944921
753	0.944778
754	0.944916
755	0.944964
756	0.945094
757	0.94489
758	0.946134
759	0.946856
760	0.946991
761	0.948229
762	0.949778
763	0.949332
764	0.94895
765	0.948334
766	0.948329
767	0.947298
768	0.945561
769	0.945004
770	0.944587
771	0.9439
772	0.943543
773	0.942767
774	0.942875
775	0.942215
776	0.941673
777	0.941463
778	0.941258
779	0.942442
780	0.944683
781	0.945976
782	0.947658
783	0.948558
784	0.949402
785	0.949204
786	0.948854
787	0.949248
788	0.950116
789	0.950609
790	0.951512
791	0.951203
792	0.950894
793	0.950576
794	0.950245
795	0.949788
796	0.949539
797	0.949503
798	0.949447
799	0.949659
800	0.949782
801	0.949808
802	0.950033
803	0.950263
804	0.950315
805	0.950359
806	0.950297
807	0.94973
808	0.949051
809	0.948029
810	0.947089
811	0.946408
812	0.945076
813	0.945033
814	0.944555
815	0.944418
816	0.944162
817	0.944414
818	0.944565
819	0.944226
820	0.944071
821	0.943633
822	0.942931
823	0.942507
824	0.942858
825	0.942856
826	0.941471
827	0.941087
828	0.940973
829	0.942391
830	0.942965
831	0.943474
832	0.944035
833	0.945544
834	0.946016
835	0.945455
836	0.945302
837	0.94527
838	0.944723
839	0.943916
840	0.943141
841	0.94224
842	0.941385
843	0.940173
844	0.939832
845	0.940391
846	0.942056
847	0.944274
848	0.945395
849	0.946243
850	0.946594
851	0.948367
852	0.94877
853	0.949381
854	0.949795
855	0.950074
856	0.950143
857	0.95033
858	0.950188
859	0.949995
860	0.950158
861	0.94927
862	0.949159
863	0.949188
864	0.949082
865	0.948668
866	0.947999
867	0.947143
868	0.947628
869	0.94702
870	0.947192
871	0.946887
872	0.947153
873	0.947787
874	0.947735
875	0.947944
876	0.947491
877	0.947954
878	0.948016
879	0.947912
880	0.949362
881	0.951163
882	0.952598
883	0.953013
884	0.953439
885	0.953528
886	0.953417
887	0.953553
888	0.95346
889	0.953263
890	0.952525
891	0.951595
892	0.951612
893	0.951676
894	0.951571
895	0.951298
896	0.950306
897	0.949254
898	0.94831
899	0.947554
900	0.9466
901	0.94806
902	0.950051
903	0.951175
904	0.951738
905	0.952978
906	0.953187
907	0.953688
908	0.953325
909	0.953072
910	0.952315
911	0.951917
912	0.950758
913	0.950118
914	0.949148
915	0.948256
916	0.948707
917	0.949501
918	0.949839
919	0.949704
920	0.950024
921	0.951322
922	0.952198
923	0.952395
924	0.953154
925	0.953804
926	0.954825
927	0.955201
928	0.955154
929	0.955184
930	0.95487
931	0.954815
932	0.954652
933	0.954417
934	0.954308
935	0.954394
936	0.953875
937	0.953401
938	0.95289
939	0.952377
940	0.952184
941	0.951447
942	0.950711
943	0.950909
944	0.950956
945	0.951237
946	0.951022
947	0.950774
948	0.949158
949	0.947864
950	0.946238
951	0.945665
952	0.946099
953	0.946389
954	0.946591
955	0.947052
956	0.947395
957	0.948283
958	0.947585
959	0.947076
960	0.946422
961	0.945801
962	0.945711
963	0.944473
964	0.944463
965	0.944629
966	0.944986
967	0.945291
968	0.945235
969	0.946108
970	0.945743
971	0.946127
972	0.945468
973	0.946112
974	0.946579
975	0.94679
976	0.948656
977	0.950692
978	0.953284
979	0.953856
980	0.954142
981	0.953276
982	0.953184
983	0.952961
984	0.952766
985	0.952476
986	0.951492
987	0.950357
988	0.950272
989	0.950651
990	0.95048
991	0.950345
992	0.950892
993	0.950215
994	0.950475
995	0.950036
996	0.949359
997	0.951161
998	0.951667
999	0.952052
1000	0.952343
1001	0.952784
1002	0.952438
1003	0.952334
1004	0.952143
1005	0.95193
1006	0.951383
1007	0.950685
1008	0.950508
1009	0.949536
1010	0.949149
1011	0.948279
1012	0.948246
1013	0.947579
1014	0.946754
1015	0.947321
1016	0.947616
1017	0.946882
1018	0.948201
1019	0.948561
1020	0.948664
1021	0.949137
1022	0.949518
1023	0.949848
1024	0.948877
1025	0.949607
1026	0.949254
1027	0.949098
1028	0.948739
1029	0.948305
1030	0.948488
1031	0.947778
1032	0.947421
1033	0.94681
1034	0.946175
1035	0.946013
1036	0.94554
1037	0.945192
1038	0.945006
1039	0.944935
1040	0.945055
1041	0.94587
1042	0.946326
1043	0.946982
1044	0.947461
1045	0.947359
1046	0.946958
1047	0.946676
1048	0.946794
1049	0.947377
1050	0.947084
1051	0.94737
1052	0.947345
1053	0.947683
1054	0.947173
1055	0.947356
1056	0.947447
1057	0.946979
1058	0.945921
1059	0.944864
1060	0.944346
1061	0.943606
1062	0.942854
1063	0.943066
1064	0.942638
1065	0.941652
1066	0.941478
1067	0.941181
1068	0.941366
1069	0.944432
1070	0.94596
1071	0.946381
1072	0.947933
1073	0.950779
1074	0.952554
1075	0.952826
1076	0.953271
1077	0.953956
1078	0.953863
1079	0.954362
1080	0.953978
1081	0.954109
1082	0.954266
1083	0.954019
1084	0.953844
1085	0.953443
1086	0.9523
1087	0.9524
1088	0.951539
1089	0.950295
1090	0.948961
1091	0.946745
1092	0.943872
1093	0.952364
1094	0.955593
1095	0.957045
1096	0.958628
1097	0.960416
1098	0.960289
1099	0.960115
1100	0.959121
1101	0.959216
1102	0.959395
1103	0.958999
1104	0.958777
1105	0.958694
1106	0.95846
1107	0.958498
1108	0.958173
1109	0.957963
1110	0.957662
1111	0.957118
1112	0.956502
1113	0.956149
1114	0.954203
1115	0.952519
1116	0.949874
1117	0.954149
1118	0.952823
1119	0.953075
1120	0.952992
1121	0.952286
1122	0.951366
1123	0.950726
1124	0.949763
1125	0.948633
1126	0.949005
1127	0.949418
1128	0.948746
1129	0.947763
1130	0.946504
1131	0.94477
1132	0.944578
1133	0.944485
1134	0.944607
1135	0.94462
1136	0.944509
1137	0.943033
1138	0.942307
1139	0.941666
1140	0.941177
1141	0.945575
1142	0.946748
1143	0.947629
1144	0.948907
1145	0.949734
1146	0.950165
1147	0.950392
1148	0.949619
1149	0.949238
1150	0.949174
1151	0.948735
1152	0.948261
1153	0.947756
1154	0.946863
1155	0.946089
1156	0.945411
1157	0.944894
1158	0.944235
1159	0.943875
1160	0.942285
1161	0.940665
1162	0.939573
1163	0.938703
1164	0.938342
1165	0.941342
1166	0.942376
1167	0.942343
1168	0.943222
1169	0.944426
1170	0.944596
1171	0.94637
1172	0.948636
1173	0.950965
1174	0.952603
1175	0.953639
1176	0.954565
1177	0.954701
1178	0.954752
1179	0.954676
1180	0.955456
1181	0.955894
1182	0.956161
1183	0.955667
1184	0.954746
1185	0.953298
1186	0.9514
1187	0.950269
1188	0.94988
1189	0.955675
1190	0.959723
1191	0.960443
1192	0.961834
1193	0.962289
1194	0.964258
1195	0.96509
1196	0.965363
1197	0.964965
1198	0.965394
1199	0.964869
1200	0.964779
1201	0.964623
1202	0.963962
1203	0.963307
1204	0.963567
1205	0.96325
1206	0.963
1207	0.962482
1208	0.962305
1209	0.960279
1210	0.958863
1211	0.957735
1212	0.957538
1213	0.962964
1214	0.966186
1215	0.967571
1216	0.967316
1217	0.966642
1218	0.96752
1219	0.968189
1220	0.967868
1221	0.967905
1222	0.967831
1223	0.967534
1224	0.967193
1225	0.965887
1226	0.964778
1227	0.964572
1228	0.964855
1229	0.964362
1230	0.964409
1231	0.964196
1232	0.96321
1233	0.961494
1234	0.960932
1235	0.960278
1236	0.959954
1237	0.96208
1238	0.96136
1239	0.96085
1240	0.961368
1241	0.96142
1242	0.961516
1243	0.961611
1244	0.961268
1245	0.960706
1246	0.961005
1247	0.961149
1248	0.96077
1249	0.960257
1250	0.959189
1251	0.958676
1252	0.959013
1253	0.958846
1254	0.958459
1255	0.958861
1256	0.959163
1257	0.95828
1258	0.957813
1259	0.957034
1260	0.955741
1261	0.95937
1262	0.959507
1263	0.959435
1264	0.959925
1265	0.960616
1266	0.961166
1267	0.961816
1268	0.962568
1269	0.962787
1270	0.963121
1271	0.963353
1272	0.963323
1273	0.963308
1274	0.962594
1275	0.961472
1276	0.961379
1277	0.961058
1278	0.960695
1279	0.960599
1280	0.959783
1281	0.959376
1282	0.959194
1283	0.958449
1284	0.957847
1285	0.960555
1286	0.962313
1287	0.962346
1288	0.962823
1289	0.964017
1290	0.964853
1291	0.965412
1292	0.966009
1293	0.966476
1294	0.966726
1295	0.967006
1296	0.96678
1297	0.96594
1298	0.965362
1299	0.964427
1300	0.964129
1301	0.963766
1302	0.963698
1303	0.963715
1304	0.963645
1305	0.963354
1306	0.963369
1307	0.963719
1308	0.963457
1309	0.96417
1310	0.964761
1311	0.964866
1312	0.965237
1313	0.965843
1314	0.966145
1315	0.966348
1316	0.966381
1317	0.966197
1318	0.965997
1319	0.965574
1320	0.96492
1321	0.964843
1322	0.964565
1323	0.964282
1324	0.964157
1325	0.963722
1326	0.963066
1327	0.962797
1328	0.961819
1329	0.961258
1330	0.960937
1331	0.960021
1332	0.958777
1333	0.958789
1334	0.957337
1335	0.956276
1336	0.956621
1337	0.956868
1338	0.956486
1339	0.957083
1340	0.95658
1341	0.956207
1342	0.956333
1343	0.956415
1344	0.95632
1345	0.956031
1346	0.955953
1347	0.955231
1348	0.954922
1349	0.954425
1350	0.953666
1351	0.953581
1352	0.953204
1353	0.952448
1354	0.952032
1355	0.951701
1356	0.951034
1357	0.951293
1358	0.951749
1359	0.951799
1360	0.953601
1361	0.954167
1362	0.954567
1363	0.954398
1364	0.954058
1365	0.953757
1366	0.953759
1367	0.95377
1368	0.953509
1369	0.953719
1370	0.954353
1371	0.95431
1372	0.95416
1373	0.953932
1374	0.953755
1375	0.953668
1376	0.953575
1377	0.95251
1378	0.952144
1379	0.951904
1380	0.951387
1381	0.952969
1382	0.954019
1383	0.954652
1384	0.956221
1385	0.957798
1386	0.959083
1387	0.959593
1388	0.960015
1389	0.960337
1390	0.960769
1391	0.960667
1392	0.960567
1393	0.960689
1394	0.960026
1395	0.959847
1396	0.959939
1397	0.959952
1398	0.959835
1399	0.960288
1400	0.960438
1401	0.960003
1402	0.960177
1403	0.960231
1404	0.959986
1405	0.962003
1406	0.962187
1407	0.962217
1408	0.964705
1409	0.965937
1410	0.966166
1411	0.966277
1412	0.965751
1413	0.96563
1414	0.966048
1415	0.966037
1416	0.964864
1417	0.965365
1418	0.965116
1419	0.964232
1420	0.964697
1421	0.964493
1422	0.964082
1423	0.963341
1424	0.962996
1425	0.962688
1426	0.9626
1427	0.962346
1428	0.961521
1429	0.961273
1430	0.960582
1431	0.958514
1432	0.958317
1433	0.958043
1434	0.957185
1435	0.957346
1436	0.957727
1437	0.957492
1438	0.956872
1439	0.956208
1440	0.955076
1441	0.953733
1442	0.952114
1443	0.950375
1444	0.949039
1445	0.947554
1446	0.947731
1447	0.950568
1448	0.952347
1449	0.953831
1450	0.954528
1451	0.955261
1452	0.956542
1453	0.957222
1454	0.957462
1455	0.95744
1456	0.95802
1457	0.958403
1458	0.958415
1459	0.957661
1460	0.957847
1461	0.957496
1462	0.957354
1463	0.956817
1464	0.956247
1465	0.956124
1466	0.956013
1467	0.955311
1468	0.955558
1469	0.955549
1470	0.95558
1471	0.955953
1472	0.956341
1473	0.956929
1474	0.957559
1475	0.957713
1476	0.957509
1477	0.958155
1478	0.958483
1479	0.959133
1480	0.960532
1481	0.961111
1482	0.961207
1483	0.960978
1484	0.961113
1485	0.960622
1486	0.960632
1487	0.960418
1488	0.960269
1489	0.959939
1490	0.959587
1491	0.959167
1492	0.959722
1493	0.959981
1494	0.959559
1495	0.960207
1496	0.96085
1497	0.96088
1498	0.960763
1499	0.960978
1500	0.960193
1501	0.961056
1502	0.961913
1503	0.961951
1504	0.963329
1505	0.963567
1506	0.964297
1507	0.964654
1508	0.964334
1509	0.963723
1510	0.963134
1511	0.962695
1512	0.962449
1513	0.961272
1514	0.961121
1515	0.960388
1516	0.96012
1517	0.960124
1518	0.96015
1519	0.959611
1520	0.959323
1521	0.95889
1522	0.959278
1523	0.959115
1524	0.959491
1525	0.960239
1526	0.960603
1527	0.963137
1528	0.963255
1529	0.965198
1530	0.966147
1531	0.966012
1532	0.96521
1533	0.964496
1534	0.963767
1535	0.963383
1536	0.962519
1537	0.9619
1538	0.96103
1539	0.960179
1540	0.959867
1541	0.958879
1542	0.957491
1543	0.956513
1544	0.954255
1545	0.952224
1546	0.951593
1547	0.950894
1548	0.952027
1549	0.951962
1550	0.952449
1551	0.953737
1552	0.953808
1553	0.953308
1554	0.952799
1555	0.952667
1556	0.952321
1557	0.949691
1558	0.949114
1559	0.94999
1560	0.948416
1561	0.949148
1562	0.949489
1563	0.949646
1564	0.950044
1565	0.95102
1566	0.951043
1567	0.951029
1568	0.951663
1569	0.953662
1570	0.95605
1571	0.957294
1572	0.957993
1573	0.959129
1574	0.959529
1575	0.960319
1576	0.960527
1577	0.960419
1578	0.960452
1579	0.95996
1580	0.95964
1581	0.959052
1582	0.958182
1583	0.958076
1584	0.957598
1585	0.957425
1586	0.957513
1587	0.957453
1588	0.957363
1589	0.958108
1590	0.958143
1591	0.959291
1592	0.960589
1593	0.961677
1594	0.96297
1595	0.963916
1596	0.965654
1597	0.965574
1598	0.96578
1599	0.964949
1600	0.965017
1601	0.964946
1602	0.964702
1603	0.964542
1604	0.964175
1605	0.963839
1606	0.963426
1607	0.962284
1608	0.961629
1609	0.961686
1610	0.961701
1611	0.961823
1612	0.962098
1613	0.962331
1614	0.962219
1615	0.96285
1616	0.963079
1617	0.963511
1618	0.964037
1619	0.964827
1620	0.96477
1621	0.964603
1622	0.964344
1623	0.963506
1624	0.964292
1625	0.964663
1626	0.965579
1627	0.965703
1628	0.965682
1629	0.965185
1630	0.965063
1631	0.964878
1632	0.964027
1633	0.962907
1634	0.961849
1635	0.961752
1636	0.962076
1637	0.961789
1638	0.96099
1639	0.959184
1640	0.957374
1641	0.95545
1642	0.951764
1643	0.949474
1644	0.948836
1645	0.95009
1646	0.952144
1647	0.954015
1648	0.955547
1649	0.956111
1650	0.957019
1651	0.957228
1652	0.956474
1653	0.956095
1654	0.955612
1655	0.954865
1656	0.954181
1657	0.953394
1658	0.952074
1659	0.9506
1660	0.950684
1661	0.949397
1662	0.94847
1663	0.948249
1664	0.94825
1665	0.947595
1666	0.946293
1667	0.946081
1668	0.945833
1669	0.946675
1670	0.946898
1671	0.947232
1672	0.948204
1673	0.947811
1674	0.946462
1675	0.946603
1676	0.945491
1677	0.944756
1678	0.944454
1679	0.943625
1680	0.942714
1681	0.941587
1682	0.941104
1683	0.940606
1684	0.94154
1685	0.941565
1686	0.941108
1687	0.940727
1688	0.942218
1689	0.942901
1690	0.944087
1691	0.944622
1692	0.94537
1693	0.945615
1694	0.946403
1695	0.94632
1696	0.946997
1697	0.947141
1698	0.947273
1699	0.94783
1700	0.948508
1701	0.948693
1702	0.948882
1703	0.94885
1704	0.948915
1705	0.94937
1706	0.949221
1707	0.949868
1708	0.949829
1709	0.949908
1710	0.950704
1711	0.95129
1712	0.951875
1713	0.951852
1714	0.952261
1715	0.952597
1716	0.952827
1717	0.95316
1718	0.953055
1719	0.952851
1720	0.954094
1721	0.955596
1722	0.956347
1723	0.957351
1724	0.958002
1725	0.958084
1726	0.957747
1727	0.957603
1728	0.957093
1729	0.956701
1730	0.956516
1731	0.956147
1732	0.956039
1733	0.955352
1734	0.954518
1735	0.95464
1736	0.955743
1737	0.955979
1738	0.957032
1739	0.956013
1740	0.955988
1741	0.957146
1742	0.95727
1743	0.958255
1744	0.958482
1745	0.959338
1746	0.959811
1747	0.959685
1748	0.960555
1749	0.961251
1750	0.961764
1751	0.962242
1752	0.962468
1753	0.962073
1754	0.962038
1755	0.959764
1756	0.961547
1757	0.961906
1758	0.962067
1759	0.963158
1760	0.963478
1761	0.963191
1762	0.963977
1763	0.964525
1764	0.964992
1765	0.96462
1766	0.964283
1767	0.964657
1768	0.964748
1769	0.964694
1770	0.965007
1771	0.964988
1772	0.964984
1773	0.965146
1774	0.964868
1775	0.964805
1776	0.96496
1777	0.964513
1778	0.963414
1779	0.962791
1780	0.962133
1781	0.962353
1782	0.96201
1783	0.962544
1784	0.962767
1785	0.962356
1786	0.963038
1787	0.961875
1788	0.961025
1789	0.962406
1790	0.962906
1791	0.963273
1792	0.962864
1793	0.962709
1794	0.962182
1795	0.96175
1796	0.960738
1797	0.959723
1798	0.959147
1799	0.958467
1800	0.957763
1801	0.957499
1802	0.956757
1803	0.956146
1804	0.955199
1805	0.954696
1806	0.954037
1807	0.953991
1808	0.954316
1809	0.954625
1810	0.954764
1811	0.954333
1812	0.953987
1813	0.956174
1814	0.959476
1815	0.960954
1816	0.961117
1817	0.961334
1818	0.962033
1819	0.960751
1820	0.958489
1821	0.958115
1822	0.957612
1823	0.957016
1824	0.956728
1825	0.956229
1826	0.95548
1827	0.954092
1828	0.953891
1829	0.9534
1830	0.953216
1831	0.953118
1832	0.953324
1833	0.953609
1834	0.954123
1835	0.954536
1836	0.954745
1837	0.95674
1838	0.958418
1839	0.959189
1840	0.959034
1841	0.958682
1842	0.958478
1843	0.957998
1844	0.957502
1845	0.957204
1846	0.957274
1847	0.957266
1848	0.957254
1849	0.957591
1850	0.957434
1851	0.956843
1852	0.957482
1853	0.957615
1854	0.957472
1855	0.957452
1856	0.957666
1857	0.95776
1858	0.95759
1859	0.957184
1860	0.956858
1861	0.958034
1862	0.958637
1863	0.959069
1864	0.958772
1865	0.95781
1866	0.958141
1867	0.957741
1868	0.957389
1869	0.956581
1870	0.955966
1871	0.954489
1872	0.953
1873	0.952481
1874	0.951399
1875	0.950092
1876	0.950634
1877	0.950948
1878	0.95106
1879	0.952032
1880	0.952643
1881	0.952652
1882	0.952226
1883	0.952412
1884	0.953414
1885	0.95511
1886	0.956923
1887	0.957543
1888	0.957166
1889	0.956713
1890	0.955839
1891	0.955606
1892	0.954536
1893	0.953385
1894	0.952809
1895	0.95199
1896	0.951324
1897	0.951081
1898	0.95026
1899	0.949146
1900	0.949077
1901	0.949128
1902	0.95016
1903	0.951553
1904	0.952283
1905	0.952392
1906	0.95203
1907	0.952272
1908	0.951548
1909	0.951873
1910	0.95233
1911	0.952947
1912	0.952072
1913	0.951474
1914	0.950619
1915	0.950837
1916	0.950197
1917	0.949708
1918	0.949741
1919	0.950147
1920	0.950017
1921	0.950608
1922	0.951428
1923	0.95285
1924	0.95276
1925	0.952898
1926	0.953141
1927	0.953347
1928	0.953363
1929	0.95351
1930	0.953349
1931	0.953209
1932	0.951773
1933	0.952616
1934	0.952777
1935	0.954582
1936	0.955334
1937	0.955325
1938	0.955137
1939	0.955149
1940	0.954811
1941	0.954588
1942	0.954649
1943	0.954513
1944	0.954783
1945	0.956415
1946	0.956479
1947	0.956197
1948	0.957238
1949	0.956896
1950	0.956602
1951	0.956683
1952	0.956574
1953	0.95729
1954	0.957708
1955	0.957754
1956	0.958303
1957	0.959084
1958	0.960068
1959	0.961225
1960	0.961744
1961	0.962286
1962	0.963582
1963	0.962611
1964	0.962062
1965	0.962178
1966	0.96238
1967	0.963081
1968	0.963345
1969	0.963142
1970	0.962834
1971	0.962721
1972	0.962922
1973	0.96258
1974	0.962063
1975	0.9614
1976	0.960173
1977	0.95901
1978	0.957903
1979	0.956905
1980	0.95648
1981	0.959562
1982	0.961356
1983	0.961795
1984	0.962544
1985	0.962169
1986	0.962121
1987	0.961228
1988	0.960349
1989	0.959261
1990	0.958659
1991	0.957173
1992	0.955152
1993	0.95408
1994	0.953444
1995	0.952875
1996	0.952569
1997	0.952492
1998	0.952368
1999	0.952338
2000	0.952376
2001	0.952947
2002	0.95294
2003	0.95321
2004	0.953505
2005	0.955207
2006	0.956608
2007	0.957672
2008	0.958886
2009	0.959394
2010	0.959381
2011	0.959229
2012	0.959091
2013	0.959208
2014	0.959184
2015	0.95923
2016	0.959149
2017	0.958996
2018	0.958392
2019	0.95811
2020	0.957644
2021	0.957463
2022	0.95711
2023	0.956979
2024	0.956693
2025	0.956605
2026	0.957402
2027	0.957556
2028	0.957532
2029	0.95982
2030	0.960774
2031	0.961639
2032	0.961521
2033	0.962241
2034	0.961883
2035	0.961205
2036	0.96079
2037	0.960129
2038	0.960749
2039	0.961324
2040	0.961514
2041	0.961843
2042	0.962326
2043	0.961886
2044	0.962179
2045	0.961953
2046	0.961595
2047	0.962159
2048	0.96195
2049	0.961996
2050	0.961946
2051	0.962035
2052	0.961845
2053	0.962576
2054	0.962959
2055	0.963546
2056	0.963695
2057	0.963609
2058	0.963818
2059	0.96403
2060	0.964497
2061	0.964002
2062	0.964156
2063	0.963812
2064	0.9628
2065	0.963166
2066	0.962353
2067	0.960958
2068	0.960693
2069	0.959557
2070	0.958351
2071	0.95874
2072	0.958854
2073	0.959157
2074	0.959037
2075	0.958732
2076	0.959001
2077	0.958023
2078	0.961324
2079	0.9639
2080	0.963248
2081	0.962862
2082	0.963907
2083	0.963478
2084	0.963327
2085	0.962205
2086	0.962421
2087	0.962702
2088	0.962389
2089	0.962458
2090	0.960988
2091	0.9573
2092	0.955387
2093	0.953662
2094	0.952127
2095	0.951133
2096	0.951855
2097	0.951974
2098	0.952797
2099	0.952976
2100	0.952718
2101	0.954201
2102	0.961733
2103	0.96227
2104	0.96096
2105	0.96025
2106	0.957985
2107	0.95768
2108	0.957193
2109	0.955973
2110	0.956835
2111	0.957539
2112	0.957947
2113	0.955371
2114	0.952482
2115	0.950728
2116	0.950532
2117	0.94983
2118	0.949004
2119	0.94821
2120	0.948174
2121	0.947198
2122	0.948418
2123	0.948468
2124	0.948494
2125	0.948727
2126	0.948692
2127	0.948776
2128	0.947585
2129	0.946001
2130	0.945298
2131	0.944363
2132	0.944392
2133	0.944503
2134	0.943749
2135	0.943327
2136	0.942346
2137	0.941891
2138	0.940831
2139	0.941405
2140	0.943841
2141	0.945363
2142	0.947271
2143	0.9483
2144	0.949619
2145	0.949549
2146	0.949669
2147	0.950172
2148	0.950321
2149	0.951258
2150	0.952206
2151	0.953718
2152	0.953298
2153	0.953656
2154	0.953925
2155	0.954212
2156	0.954293
2157	0.954748
2158	0.955254
2159	0.955749
2160	0.955606
2161	0.954711
2162	0.953428
2163	0.951916
2164	0.951526
2165	0.950669
2166	0.950239
2167	0.950083
2168	0.949897
2169	0.948492
2170	0.947765
2171	0.947538
2172	0.947258
2173	0.949287
2174	0.95199
2175	0.953848
2176	0.954244
2177	0.955038
2178	0.9553
2179	0.954507
2180	0.953577
2181	0.952228
2182	0.951668
2183	0.95126
2184	0.951132
2185	0.950438
2186	0.94939
2187	0.948679
2188	0.948179
2189	0.947201
2190	0.946584
2191	0.946199
2192	0.945912
2193	0.945399
2194	0.944875
2195	0.944191
2196	0.943355
2197	0.947547
2198	0.950108
2199	0.95196
2200	0.953116
2201	0.953699
2202	0.954199
2203	0.954383
2204	0.9548
2205	0.954998
2206	0.955821
2207	0.956381
2208	0.956883
2209	0.957062
2210	0.956174
2211	0.955356
2212	0.955265
2213	0.955036
2214	0.954874
2215	0.955406
2216	0.955578
2217	0.955515
2218	0.956443
2219	0.956913
2220	0.957637
2221	0.96017
2222	0.962482
2223	0.963448
2224	0.964222
2225	0.964
2226	0.964675
2227	0.964466
2228	0.964503
2229	0.964526
2230	0.964013
2231	0.963694
2232	0.963151
2233	0.961601
2234	0.959032
2235	0.957787
2236	0.957302
2237	0.955114
2238	0.953798
2239	0.951942
2240	0.95083
2241	0.949888
2242	0.950019
2243	0.949493
2244	0.949079
2245	0.947806
2246	0.946427
2247	0.946515
2248	0.946246
2249	0.946389
2250	0.946057
2251	0.946601
2252	0.946089
2253	0.946183
2254	0.945693
2255	0.945046
2256	0.94491
2257	0.946974
2258	0.947761
2259	0.947915
2260	0.94851
2261	0.949059
2262	0.948801
2263	0.949473
2264	0.950178
2265	0.950645
2266	0.951053
2267	0.950893
2268	0.951256
2269	0.9509
2270	0.950947
2271	0.950827
2272	0.951434
2273	0.952389
2274	0.952359
2275	0.95204
2276	0.951792
2277	0.952073
2278	0.951435
2279	0.951293
2280	0.95116
2281	0.950848
2282	0.95046
2283	0.950171
2284	0.950313
2285	0.949903
2286	0.949636
2287	0.950316
2288	0.950762
2289	0.950859
2290	0.950714
2291	0.95019
2292	0.949613
2293	0.951729
2294	0.953196
2295	0.954572
2296	0.955057
2297	0.953845
2298	0.951405
2299	0.950371
2300	0.949432
2301	0.948462
2302	0.947757
2303	0.947941
2304	0.947976
2305	0.94777
2306	0.947384
2307	0.945996
2308	0.944778
2309	0.943753
2310	0.941944
2311	0.940985
2312	0.939717
2313	0.939445
2314	0.940128
2315	0.941236
2316	0.941155
2317	0.941403
2318	0.941317
2319	0.940751
2320	0.940245
2321	0.939376
2322	0.938681
2323	0.938995
2324	0.938786
2325	0.937755
2326	0.936926
2327	0.93635
2328	0.936678
2329	0.935976
2330	0.936224
2331	0.93691
2332	0.937264
2333	0.938602
2334	0.93895
2335	0.939672
2336	0.940516
2337	0.941113
2338	0.941275
2339	0.941615
2340	0.94191
2341	0.942417
2342	0.942972
2343	0.943613
2344	0.943086
2345	0.942556
2346	0.941755
2347	0.942123
2348	0.942266
2349	0.940902
2350	0.939008
2351	0.938226
2352	0.938952
2353	0.939484
2354	0.93971
2355	0.939881
2356	0.940307
2357	0.93968
2358	0.939784
2359	0.939993
2360	0.939607
2361	0.939258
2362	0.939369
2363	0.939435
2364	0.940341
2365	0.941917
2366	0.943267
2367	0.944639
2368	0.945396
2369	0.945972
2370	0.946712
2371	0.946606
2372	0.946353
2373	0.945745
2374	0.945411
2375	0.945094
2376	0.944563
2377	0.944585
2378	0.944337
2379	0.943917
2380	0.943357
2381	0.942783
2382	0.941288
2383	0.940831
2384	0.9404
2385	0.940334
2386	0.940803
2387	0.94077
2388	0.941302
2389	0.941035
2390	0.940178
2391	0.939175
2392	0.939917
2393	0.941479
2394	0.94232
2395	0.943072
2396	0.943764
2397	0.944519
2398	0.944463
2399	0.944714
2400	0.944637
2401	0.943583
2402	0.942222
2403	0.9407
2404	0.941426
2405	0.941699
2406	0.941662
2407	0.942301
2408	0.942841
2409	0.942228
2410	0.942631
2411	0.943039
2412	0.943149
2413	0.943913
2414	0.945198
2415	0.946068
2416	0.94568
2417	0.945272
2418	0.944989
2419	0.94409
2420	0.943872
2421	0.943899
2422	0.94307
2423	0.943096
2424	0.942772
2425	0.942965
2426	0.942173
2427	0.940569
2428	0.939957
2429	0.939252
2430	0.93859
2431	0.938303
2432	0.937775
2433	0.937876
2434	0.937589
2435	0.937383
2436	0.937361
2437	0.938179
2438	0.943144
2439	0.947087
2440	0.948066
2441	0.948934
2442	0.950397
2443	0.95175
2444	0.951443
2445	0.953311
2446	0.954287
2447	0.954195
2448	0.955621
2449	0.955701
2450	0.955186
2451	0.954665
2452	0.954735
2453	0.954865
2454	0.955064
2455	0.95536
2456	0.955161
2457	0.954768
2458	0.954303
2459	0.954487
2460	0.954554
2461	0.957361
2462	0.961313
2463	0.963089
2464	0.963945
2465	0.964319
2466	0.964171
2467	0.963803
2468	0.962913
2469	0.962281
2470	0.962168
2471	0.961645
2472	0.961178
2473	0.961575
2474	0.961307
2475	0.96078
2476	0.960444
2477	0.959489
2478	0.958228
2479	0.956856
2480	0.955902
2481	0.954765
2482	0.954837
2483	0.954343
2484	0.954343
2485	0.960152
2486	0.962432
2487	0.963195
2488	0.963511
2489	0.964518
2490	0.964253
2491	0.963101
2492	0.962522
2493	0.96203
2494	0.962156
2495	0.961754
2496	0.961635
2497	0.96031
2498	0.958034
2499	0.956405
2500	0.956514
2501	0.956524
2502	0.956219
2503	0.956687
2504	0.956981
2505	0.956673
2506	0.956897
2507	0.956283
2508	0.956968
2509	0.956609
2510	0.956512
2511	0.956862
2512	0.957294
2513	0.958567
2514	0.958516
2515	0.95829
2516	0.957582
2517	0.956624
2518	0.956197
2519	0.955659
2520	0.954377
2521	0.953135
2522	0.951429
2523	0.949444
2524	0.948618
2525	0.948826
2526	0.948625
2527	0.947751
2528	0.947964
2529	0.947385
2530	0.947504
2531	0.948244
2532	0.948421
2533	0.949576
2534	0.94893
2535	0.949554
2536	0.949537
2537	0.949836
2538	0.950714
2539	0.950156
2540	0.95014
2541	0.950004
2542	0.950062
2543	0.949919
2544	0.949528
2545	0.949763
2546	0.949671
2547	0.949861
2548	0.949969
2549	0.949918
2550	0.949956
2551	0.949662
2552	0.949785
2553	0.950192
2554	0.95122
2555	0.951969
2556	0.952293
2557	0.952614
2558	0.955542
2559	0.957999
2560	0.958515
2561	0.958926
2562	0.960423
2563	0.959776
2564	0.959747
2565	0.959626
2566	0.960366
2567	0.961249
2568	0.962215
2569	0.960066
2570	0.95812
2571	0.952736
2572	0.95257
2573	0.951483
2574	0.950798
2575	0.950492
2576	0.949676
2577	0.949428
2578	0.946474
2579	0.945912
2580	0.945084
2581	0.951482
2582	0.957341
2583	0.959734
2584	0.959462
2585	0.957526
2586	0.95632
2587	0.955062
2588	0.953869
2589	0.95309
2590	0.952152
2591	0.95213
2592	0.951881
2593	0.951836
2594	0.950291
2595	0.948839
2596	0.946631
2597	0.944839
2598	0.942424
2599	0.941675
2600	0.94063
2601	0.939633
2602	0.939585
2603	0.939007
2604	0.939936
2605	0.946791
2606	0.947398
2607	0.948291
2608	0.948512
2609	0.947618
2610	0.946982
2611	0.946305
2612	0.945191
2613	0.944273
2614	0.944227
2615	0.945673
2616	0.946878
2617	0.948207
2618	0.948847
2619	0.948885
2620	0.949729
2621	0.949437
2622	0.950182
2623	0.951042
2624	0.95147
2625	0.951693
2626	0.952216
2627	0.952795
2628	0.954091
2629	0.955031
2630	0.955051
2631	0.954839
2632	0.954599
2633	0.954154
2634	0.953614
2635	0.953116
2636	0.951516
2637	0.950215
2638	0.94977
2639	0.949667
2640	0.949449
2641	0.949398
2642	0.950154
2643	0.949395
2644	0.948122
2645	0.947697
2646	0.947331
2647	0.947155
2648	0.946092
2649	0.945678
2650	0.94508
2651	0.944957
2652	0.945274
2653	0.94687
2654	0.949006
2655	0.950642
2656	0.950821
2657	0.951989
2658	0.952614
2659	0.952878
2660	0.95323
2661	0.953512
2662	0.953737
2663	0.953704
