EEG Data Filesize
3
119
EEG Number
Filesize [MB]
507


510









520









530









540









551








560









570

















590









600









610









620








64
62
64
67
63
68
63
64
63
63
68
68
69
65
65
56
65
65
63
64
62
63
66
60
65
64
62
63
64
58
64
64
43
58
64
64
63
63
62
63
64
62
58
62
66
67
69
64
62
62
57
63
62
64
62
62
65
64
65
63
63
65
63
61
64
64
65
68
65
64
71
68
67
65
64
63
60
64
75
63
64
64
65
64
64
64
63
73
58
65
66
64
63
64
63
65
63
63
64
64
62
63
71
30
65
61
70
59
64
66
63
64
63
68
61
64
64
65
75
BIN
56
55
57
59
55
59
56
55
56
56
59
59
60
56
57
48
56
56
55
56
55
55
57
52
57
55
55
55
56
51
55
56
38
51
56
56
55
55
54
56
57
54
51
55
58
59
60
56
54
54
50
55
54
56
54
54
56
56
56
54
54
56
56
53
56
56
56
60
56
55
61
60
58
57
55
55
52
55
65
55
56
56
56
55
55
55
55
63
51
57
57
55
55
57
56
56
55
55
55
56
55
55
62
26
56
54
61
51
55
57
55
56
56
60
53
56
56
58
65
QuadComp [3]
56
55
57
59
55
59
56
55
56
56
59
59
60
56
57
48
56
56
55
56
55
55
57
52
57
55
55
55
56
51
55
56
38
51
56
56
55
55
54
56
57
54
51
55
58
59
60
56
54
53
50
55
54
56
54
54
56
56
56
54
54
56
56
53
56
56
56
60
56
55
61
60
58
57
55
55
52
55
65
55
56
56
56
55
55
55
55
63
51
57
57
55
55
57
56
56
55
54
55
56
55
55
62
26
56
53
61
51
55
57
55
56
56
60
53
56
56
58
65
QuadComp [4]